

TREE # 1

  0  0.0000   4029.888577  x:  0.02423   0.04512   0.03408   0.02826   0.02937   0.01080   0.01865   0.02389   0.01651   0.04517   0.03472   0.02078   0.08234   0.07252   0.02119   0.04402   0.00000   0.14630   0.06908   0.06691   0.09787   0.15429   0.16157   0.23953   0.21100   0.17101  
  1 99.0000   3955.808464  x:  0.02612   0.03777   0.03299   0.02425   0.01499   0.01303   0.00643   0.00658   0.00000   0.05648   0.02929   0.02188   0.08366   0.06685   0.02625   0.03579   0.01477   0.15500   0.07018   0.06880   0.10876   0.15756   0.21353   0.21753   0.20814   0.16718  
  2 1369.8544   3937.090557  x:  0.02680   0.03511   0.03261   0.02283   0.00983   0.01382   0.00217   0.00039   0.00093   0.06052   0.02734   0.02227   0.08413   0.06481   0.02803   0.03283   0.01984   0.15812   0.07056   0.06947   0.11267   0.15873   0.23219   0.20957   0.20711   0.16580  
  3 17823.4001   3907.968238  x:  0.02798   0.02988   0.03212   0.02024   0.00061   0.01502   0.00273   0.00780   0.00217   0.06775   0.02371   0.02281   0.08501   0.06084   0.03097   0.02712   0.02658   0.16421   0.07103   0.07066   0.12017   0.16102   0.26783   0.19329   0.20500   0.16301  
  4 5721.0146   3837.572752  x:  0.03270   0.00762   0.03080   0.01027   0.02755   0.01990   0.01503   0.02877   0.00654   0.09689   0.00901   0.02459   0.08867   0.04390   0.04199   0.00319   0.04841   0.19031   0.07221   0.07537   0.15187   0.17083   0.41906   0.12078   0.19567   0.15074  
  5 8655.9907   3806.111357  x:  0.03434   0.01814   0.03304   0.02203   0.03668   0.01459   0.01848   0.03623   0.00793   0.10610   0.02244   0.02610   0.09015   0.04028   0.04381   0.04578   0.04236   0.20533   0.06908   0.07702   0.16790   0.17678   0.50211   0.06950   0.18871   0.14215  
  6 2238.9421   3788.383797  x:  0.03247   0.02612   0.03428   0.02290   0.03505   0.00351   0.01343   0.03445   0.00706   0.09468   0.02407   0.02516   0.09023   0.04750   0.02999   0.03805   0.00300   0.21239   0.06202   0.07514   0.17147   0.18092   0.53498   0.06254   0.18163   0.13350  
  7 549.0609   3787.531323  x:  0.03231   0.02671   0.03429   0.02308   0.03494   0.00493   0.01325   0.03432   0.00702   0.09373   0.02422   0.02516   0.09023   0.04802   0.02914   0.03777   0.00060   0.21285   0.06163   0.07499   0.17165   0.18121   0.53713   0.06267   0.18108   0.13281  
  8 1171.3165   3783.577205  x:  0.02979   0.03657   0.03437   0.02583   0.03590   0.00763   0.01291   0.03546   0.00721   0.07759   0.02742   0.02494   0.08988   0.05635   0.01692   0.03519   0.00248   0.21729   0.05689   0.07246   0.17130   0.18455   0.55413   0.07147   0.17394   0.12397  
  9 400.2653   3781.510875  x:  0.02746   0.03929   0.03238   0.02602   0.03624   0.00641   0.01446   0.03539   0.00729   0.06267   0.02881   0.02423   0.08933   0.06129   0.02605   0.03550   0.00177   0.21986   0.05573   0.07013   0.16890   0.18710   0.56511   0.08001   0.16581   0.11366  
 10 301.5166   3779.583787  x:  0.02462   0.03183   0.02743   0.02498   0.03544   0.00751   0.01572   0.03436   0.00721   0.04893   0.02867   0.02248   0.08748   0.06303   0.02395   0.03683   0.00239   0.21921   0.05911   0.06729   0.15748   0.18946   0.56727   0.07329   0.14543   0.08773  
 11 135.9337   3776.120049  x:  0.02390   0.02464   0.02870   0.02806   0.03549   0.00615   0.01652   0.03417   0.00723   0.05176   0.03153   0.02476   0.08583   0.06441   0.02144   0.03863   0.00168   0.21846   0.06274   0.06658   0.14009   0.19426   0.57226   0.07827   0.10403   0.03602  
 12 305.4054   3775.505355  x:  0.02481   0.02990   0.02968   0.02587   0.03567   0.00699   0.01570   0.03455   0.00725   0.05246   0.02975   0.02364   0.08607   0.06545   0.02306   0.03758   0.00210   0.21780   0.06136   0.06748   0.13825   0.19484   0.57129   0.07590   0.09024   0.02606  
 13 173.8349   3773.968827  x:  0.02698   0.02794   0.02896   0.02439   0.03541   0.00673   0.01728   0.03385   0.00724   0.05238   0.02547   0.02335   0.08809   0.06732   0.02198   0.04036   0.00200   0.21646   0.05939   0.06966   0.13935   0.19584   0.57130   0.07718   0.03983   0.02601  
 14 98.3143   3773.793228  x:  0.02605   0.02788   0.03124   0.02571   0.03536   0.00704   0.01701   0.03389   0.00723   0.05207   0.02809   0.02293   0.08786   0.06718   0.02267   0.03878   0.00216   0.21628   0.06019   0.06872   0.13918   0.19578   0.57106   0.07626   0.03189   0.02681  
 15 100.1006   3773.775057  x:  0.02526   0.02856   0.03087   0.02573   0.03537   0.00693   0.01707   0.03388   0.00723   0.05235   0.02785   0.02214   0.08742   0.06636   0.02250   0.03879   0.00208   0.21622   0.06143   0.06794   0.13921   0.19565   0.57126   0.07658   0.03111   0.02695  
 16 13.6951   3773.761684  x:  0.02481   0.02879   0.03172   0.02531   0.03538   0.00686   0.01702   0.03389   0.00723   0.05206   0.02723   0.02306   0.08697   0.06578   0.02238   0.03905   0.00204   0.21590   0.06203   0.06749   0.13944   0.19545   0.57141   0.07668   0.03091   0.02695  
 17  5.6259   3773.614647  x:  0.02462   0.02751   0.03367   0.02381   0.03547   0.00692   0.01623   0.03411   0.00721   0.05137   0.02756   0.02088   0.08370   0.06350   0.02198   0.03997   0.00209   0.21148   0.06008   0.06729   0.14233   0.19371   0.57301   0.07769   0.03092   0.02622  
 18  4.2204   3772.911492  x:  0.02418   0.02837   0.02977   0.02967   0.03497   0.00694   0.01728   0.03329   0.00710   0.05176   0.02700   0.02414   0.07821   0.06361   0.02283   0.03783   0.00224   0.19435   0.05890   0.06685   0.14908   0.18723   0.57964   0.07737   0.03126   0.02538  
 19 28.6578   3771.157668  x:  0.02559   0.02947   0.02857   0.01992   0.03433   0.00738   0.01854   0.03198   0.00690   0.05445   0.03376   0.02545   0.08541   0.06700   0.02245   0.03751   0.00219   0.17566   0.06647   0.06826   0.15072   0.17936   0.59518   0.07887   0.03287   0.02817  
 20 48.8349   3766.731630  x:  0.02837   0.02780   0.04336   0.02589   0.03290   0.00894   0.01627   0.03024   0.00632   0.05705   0.02103   0.01375   0.10439   0.06742   0.02431   0.03866   0.00292   0.15787   0.07519   0.07103   0.14739   0.16757   0.62885   0.08050   0.03805   0.03599  
 21 120.6083   3750.297795  x:  0.01873   0.02766   0.03667   0.02046   0.02767   0.01586   0.00812   0.02391   0.00426   0.07743   0.01694   0.02504   0.10436   0.02771   0.03383   0.03441   0.00610   0.18792   0.05238   0.06135   0.15208   0.15181   0.71959   0.08150   0.04850   0.06119  
 22 122.0860   3742.091748  x:  0.02346   0.02476   0.04445   0.01450   0.01980   0.01940   0.02569   0.01038   0.00271   0.09205   0.01253   0.02256   0.07223   0.03757   0.03787   0.03224   0.00746   0.21722   0.06315   0.06605   0.17423   0.15682   0.76494   0.07850   0.05578   0.07191  
 23 290.9489   3740.072005  x:  0.03017   0.02269   0.04216   0.01618   0.02189   0.02030   0.01247   0.01507   0.00264   0.09074   0.01329   0.02385   0.06737   0.03703   0.03901   0.03172   0.00753   0.22424   0.07571   0.07276   0.19040   0.16704   0.77226   0.07879   0.05717   0.07175  
 24 144.0601   3739.480456  x:  0.02613   0.02071   0.04245   0.01694   0.02088   0.02040   0.01495   0.01336   0.00248   0.09056   0.01395   0.02351   0.07623   0.03572   0.03880   0.03154   0.00760   0.22509   0.07694   0.06872   0.20667   0.17808   0.77141   0.07807   0.05824   0.06775  
 25 59.1013   3739.451326  x:  0.02497   0.02026   0.04240   0.01667   0.02109   0.02052   0.01401   0.01377   0.00249   0.09120   0.01361   0.02343   0.07626   0.03709   0.03896   0.03183   0.00767   0.22481   0.07660   0.06756   0.20704   0.17916   0.77147   0.07796   0.05829   0.06782  
 26 20.3260   3739.394503  x:  0.02483   0.02080   0.04258   0.01643   0.02103   0.02058   0.01419   0.01366   0.00248   0.09168   0.01335   0.02350   0.07512   0.03649   0.03912   0.03173   0.00772   0.22203   0.07574   0.06741   0.20461   0.18599   0.77246   0.07779   0.05843   0.06919  
 27  7.0805   3725.430667  x:  0.02649   0.02495   0.03906   0.02096   0.01385   0.02056   0.00964   0.00412   0.00000   0.09527   0.02332   0.02525   0.07753   0.04891   0.03824   0.01580   0.00688   0.22368   0.06402   0.06901   0.19224   0.19142   0.89708   0.08219   0.05999   0.07837  
 28  0.7031   3720.669706  x:  0.03075   0.02865   0.03345   0.02451   0.01729   0.01755   0.00601   0.00978   0.00122   0.08843   0.02907   0.02707   0.08711   0.05972   0.03287   0.01405   0.00524   0.22053   0.05378   0.07325   0.16508   0.19229   0.95998   0.08932   0.05017   0.07438  
 29  0.1520   3715.333380  x:  0.03673   0.01895   0.02827   0.02367   0.01463   0.01501   0.01312   0.00538   0.00120   0.07940   0.02133   0.02930   0.09823   0.05702   0.02515   0.02277   0.00378   0.21989   0.05573   0.07922   0.15186   0.18167   1.06133   0.09905   0.02799   0.05940  
 30  0.1478   3708.469529  x:  0.02498   0.02090   0.03198   0.01983   0.01129   0.01251   0.00508   0.00368   0.00098   0.06706   0.01893   0.02503   0.10041   0.05378   0.01964   0.02022   0.00206   0.22782   0.07096   0.06742   0.17392   0.17903   1.25701   0.10155   0.04939   0.04403  
 31  0.1690   3706.871056  x:  0.02061   0.02051   0.03315   0.02012   0.00945   0.01316   0.00905   0.00133   0.00100   0.06934   0.02153   0.02397   0.09283   0.05479   0.02269   0.01845   0.00270   0.22716   0.06878   0.06303   0.17194   0.18436   1.31393   0.10061   0.05508   0.04594  
 32  0.1435   3704.627153  x:  0.02161   0.01926   0.03278   0.01939   0.00889   0.01535   0.00462   0.00277   0.00104   0.07562   0.02240   0.02381   0.08229   0.05483   0.03065   0.01778   0.00448   0.22483   0.06102   0.06399   0.16705   0.19380   1.41635   0.09788   0.05318   0.05398  
 33  0.1615   3703.576079  x:  0.02783   0.02464   0.03217   0.02027   0.00784   0.01490   0.00670   0.00255   0.00121   0.07501   0.01857   0.02511   0.08406   0.05514   0.03199   0.01655   0.00465   0.22578   0.05554   0.07019   0.17379   0.19189   1.49855   0.09574   0.04798   0.05495  
 34  0.1032   3702.832882  x:  0.02758   0.02034   0.03334   0.02069   0.00685   0.01412   0.00757   0.00313   0.00149   0.07563   0.01997   0.02672   0.08226   0.05332   0.02974   0.01891   0.00462   0.22325   0.06115   0.06991   0.16846   0.18798   1.61476   0.09732   0.04932   0.04772  
 35  0.0836   3702.685118  x:  0.02634   0.02208   0.03190   0.02033   0.00647   0.01386   0.00675   0.00356   0.00158   0.07540   0.02035   0.02593   0.08530   0.05367   0.02837   0.01828   0.00453   0.22458   0.05952   0.06865   0.17148   0.18792   1.65756   0.09805   0.04908   0.04892  
 36  0.0342   3702.649305  x:  0.02633   0.02143   0.03255   0.02072   0.00653   0.01418   0.00675   0.00398   0.00167   0.07603   0.01986   0.02545   0.08578   0.05283   0.02809   0.01881   0.00471   0.22513   0.05972   0.06863   0.17153   0.18881   1.66269   0.09849   0.05090   0.05189  
 37  0.0038   3702.637182  x:  0.02680   0.02134   0.03231   0.02042   0.00636   0.01425   0.00669   0.00404   0.00174   0.07566   0.02037   0.02569   0.08560   0.05288   0.02803   0.01826   0.00470   0.22442   0.05995   0.06911   0.17075   0.18808   1.66010   0.09849   0.05069   0.05317  
 38  0.0015   3702.619657  x:  0.02632   0.02127   0.03211   0.02058   0.00607   0.01429   0.00671   0.00409   0.00190   0.07523   0.01974   0.02593   0.08550   0.05289   0.02836   0.01828   0.00466   0.22393   0.06014   0.06862   0.17232   0.18756   1.65037   0.09873   0.04982   0.05346  
 39  0.0029   3702.602275  x:  0.02622   0.02151   0.03286   0.02055   0.00594   0.01416   0.00683   0.00412   0.00209   0.07554   0.02004   0.02546   0.08557   0.05343   0.02827   0.01853   0.00453   0.22443   0.05969   0.06854   0.17063   0.18861   1.64294   0.09880   0.05011   0.05264  
 40  0.0031   3702.590561  x:  0.02677   0.02144   0.03212   0.02054   0.00588   0.01420   0.00659   0.00404   0.00224   0.07584   0.02008   0.02552   0.08572   0.05318   0.02823   0.01875   0.00455   0.22516   0.05993   0.06911   0.17104   0.18862   1.64421   0.09830   0.05051   0.05139  
 41  0.0011   3702.582996  x:  0.02649   0.02169   0.03219   0.02084   0.00613   0.01427   0.00661   0.00401   0.00237   0.07594   0.02019   0.02585   0.08530   0.05299   0.02816   0.01858   0.00460   0.22459   0.05978   0.06884   0.17134   0.18809   1.64190   0.09802   0.05106   0.05154  
 42  0.0011   3702.577958  x:  0.02658   0.02151   0.03252   0.02049   0.00622   0.01430   0.00659   0.00387   0.00246   0.07571   0.02000   0.02581   0.08566   0.05278   0.02808   0.01865   0.00464   0.22424   0.05958   0.06893   0.17112   0.18808   1.64626   0.09831   0.05068   0.05199  
 43  0.0024   3702.576507  x:  0.02650   0.02147   0.03233   0.02059   0.00628   0.01428   0.00665   0.00382   0.00249   0.07565   0.02005   0.02565   0.08560   0.05299   0.02815   0.01854   0.00464   0.22454   0.05979   0.06885   0.17111   0.18833   1.64860   0.09847   0.05040   0.05210  
 44  0.0017   3702.576414  x:  0.02651   0.02147   0.03239   0.02057   0.00628   0.01425   0.00664   0.00382   0.00250   0.07572   0.02003   0.02565   0.08559   0.05304   0.02820   0.01852   0.00463   0.22460   0.05983   0.06886   0.17117   0.18828   1.64880   0.09844   0.05034   0.05214  
 45  0.0002   3702.576400  x:  0.02651   0.02146   0.03237   0.02057   0.00629   0.01423   0.00664   0.00383   0.00250   0.07573   0.02003   0.02566   0.08559   0.05304   0.02819   0.01852   0.00463   0.22458   0.05981   0.06885   0.17116   0.18830   1.64881   0.09844   0.05036   0.05216  
 46  0.0000   3702.576399  x:  0.02651   0.02146   0.03237   0.02057   0.00629   0.01423   0.00664   0.00383   0.00250   0.07572   0.02002   0.02566   0.08559   0.05304   0.02819   0.01852   0.00463   0.22458   0.05982   0.06886   0.17115   0.18830   1.64878   0.09844   0.05037   0.05216  
 47  0.0000   3702.576398  x:  0.02651   0.02146   0.03237   0.02057   0.00629   0.01422   0.00664   0.00383   0.00250   0.07572   0.02003   0.02566   0.08559   0.05303   0.02819   0.01852   0.00463   0.22458   0.05981   0.06885   0.17116   0.18830   1.64877   0.09844   0.05037   0.05216  
 48  0.0000   3702.576398  x:  0.02651   0.02146   0.03237   0.02057   0.00629   0.01422   0.00664   0.00383   0.00250   0.07572   0.02002   0.02566   0.08559   0.05303   0.02820   0.01852   0.00463   0.22458   0.05981   0.06885   0.17115   0.18830   1.64877   0.09844   0.05037   0.05216  
 49  0.0000   3702.576398  x:  0.02651   0.02146   0.03237   0.02057   0.00629   0.01422   0.00664   0.00383   0.00250   0.07572   0.02003   0.02566   0.08559   0.05303   0.02819   0.01852   0.00463   0.22458   0.05981   0.06885   0.17115   0.18830   1.64877   0.09844   0.05037   0.05216  
 50  0.0000   3702.576398  x:  0.02651   0.02146   0.03237   0.02057   0.00629   0.01422   0.00664   0.00383   0.00250   0.07572   0.02002   0.02566   0.08559   0.05303   0.02819   0.01852   0.00463   0.22458   0.05981   0.06886   0.17115   0.18830   1.64877   0.09844   0.05037   0.05216  
 51  0.0000   3702.576398  x:  0.02651   0.02146   0.03237   0.02057   0.00629   0.01422   0.00664   0.00383   0.00250   0.07572   0.02002   0.02566   0.08559   0.05303   0.02819   0.01852   0.00463   0.22458   0.05981   0.06886   0.17115   0.18830   1.64877   0.09844   0.05037   0.05216  