

TREE # 1

  0  0.0000   3995.792095  x:  0.03126   0.04449   0.05378   0.00888   0.01904   0.01114   0.01986   0.00000   0.07172   0.02998   0.01352   0.05839   0.05464   0.03719   0.03214   0.01374   0.15845   0.06447   0.05983   0.11743   0.16332   0.19221   0.23867   0.21636  
  1 99.0000   3993.154681  x:  0.03120   0.04445   0.05362   0.00882   0.01896   0.01103   0.01962   0.00501   0.07173   0.02993   0.01362   0.05850   0.05461   0.03713   0.03205   0.01363   0.15854   0.06449   0.05996   0.11753   0.16335   0.19284   0.23831   0.21632  
  2 6867.1108   3933.283474  x:  0.02635   0.04022   0.04011   0.00394   0.01181   0.00226   0.00000   0.00500   0.07176   0.02561   0.02153   0.06779   0.05201   0.03235   0.02490   0.00487   0.16594   0.06630   0.07039   0.12539   0.16605   0.24323   0.20874   0.21377  
  3 1173.0028   3924.784491  x:  0.02533   0.03932   0.03725   0.00293   0.01030   0.00046   0.00006   0.00500   0.07177   0.02469   0.02320   0.06975   0.05146   0.03134   0.02339   0.00302   0.16751   0.06669   0.07259   0.12705   0.16662   0.25388   0.20248   0.21323  
  4 13078.0147   3905.479144  x:  0.02364   0.03782   0.03245   0.00156   0.00792   0.00162   0.00011   0.00499   0.07179   0.02317   0.02595   0.07303   0.05054   0.02967   0.02089   0.00000   0.17014   0.06732   0.07628   0.12984   0.16758   0.27176   0.19188   0.21232  
  5 33250.8813   3905.479144  x:  0.02364   0.03782   0.03245   0.00156   0.00792   0.00162   0.00011   0.00499   0.07179   0.02317   0.02595   0.07303   0.05054   0.02967   0.02089   0.00000   0.17014   0.06732   0.07628   0.12984   0.16758   0.27176   0.19188   0.21232  
  6 9720.6488   3900.671066  x:  0.02365   0.03778   0.03231   0.00284   0.00827   0.00323   0.00969   0.00479   0.07180   0.02315   0.02592   0.07309   0.05052   0.02966   0.02089   0.00044   0.17025   0.06734   0.07638   0.12993   0.16762   0.27236   0.19133   0.21228  
  7 8922.4229   3886.270980  x:  0.02394   0.03686   0.02901   0.01610   0.01447   0.01389   0.00736   0.00033   0.07211   0.02277   0.02530   0.07457   0.05010   0.02954   0.02093   0.00764   0.17267   0.06762   0.07857   0.13206   0.16846   0.28583   0.17883   0.21137  
  8 1139.2272   3865.724997  x:  0.02480   0.03320   0.01508   0.05818   0.03519   0.04759   0.00000   0.03132   0.07353   0.02117   0.02260   0.08094   0.04837   0.02909   0.02106   0.03051   0.18309   0.06843   0.08793   0.14134   0.17211   0.34452   0.12349   0.20732  
  9 4777.6666   3806.156718  x:  0.02207   0.03342   0.01115   0.05694   0.03391   0.03643   0.00143   0.02864   0.07605   0.01959   0.02127   0.08839   0.04823   0.02954   0.02088   0.02842   0.19612   0.06614   0.09836   0.15367   0.17748   0.42174   0.03717   0.20162  
 10 1417.2550   3764.531973  x:  0.02719   0.03751   0.07004   0.05466   0.01134   0.02328   0.00343   0.02312   0.08911   0.02674   0.03741   0.11197   0.06172   0.03682   0.02241   0.01583   0.23681   0.05130   0.13494   0.20142   0.20745   0.67015   0.07104   0.18159  
 11 573.1505   3750.104967  x:  0.02026   0.01518   0.03900   0.03876   0.01879   0.01991   0.00502   0.01794   0.08246   0.01636   0.02770   0.10573   0.05532   0.02741   0.00972   0.00511   0.24110   0.05264   0.13206   0.20566   0.21102   0.74416   0.09298   0.17648  
 12 481.6270   3743.629133  x:  0.02179   0.01761   0.01465   0.02647   0.02048   0.01991   0.00587   0.01507   0.07740   0.01918   0.02531   0.09934   0.05221   0.02723   0.01971   0.00515   0.24096   0.05448   0.12669   0.20423   0.21075   0.78198   0.10458   0.17437  
 13 770.8572   3741.088359  x:  0.02349   0.02802   0.01139   0.01642   0.02332   0.02335   0.00610   0.01419   0.07283   0.01742   0.02469   0.09089   0.04926   0.02597   0.01294   0.01023   0.23639   0.05789   0.11660   0.19695   0.20657   0.80252   0.10862   0.17424  
 14 302.9570   3738.823289  x:  0.02171   0.02695   0.01732   0.00886   0.02681   0.02828   0.00603   0.01376   0.06803   0.01693   0.02152   0.07941   0.04599   0.02662   0.01704   0.01114   0.22783   0.06234   0.10081   0.18449   0.19918   0.82310   0.11072   0.17508  
 15 345.1236   3737.343345  x:  0.02178   0.02665   0.01680   0.01390   0.02239   0.02683   0.00593   0.01371   0.06788   0.02187   0.02357   0.07279   0.04728   0.02725   0.01463   0.00664   0.21776   0.06440   0.08629   0.17107   0.19136   0.83850   0.11247   0.17692  
 16 236.0019   3736.914996  x:  0.02329   0.02639   0.01620   0.01540   0.02048   0.02483   0.00605   0.01369   0.06981   0.01706   0.02428   0.07427   0.04879   0.02707   0.01585   0.00794   0.21263   0.06457   0.08307   0.16519   0.18806   0.84336   0.11334   0.17850  
 17 122.0491   3736.612881  x:  0.02240   0.02656   0.01615   0.01460   0.02254   0.02320   0.00627   0.01357   0.07314   0.01880   0.02189   0.07977   0.04906   0.02621   0.01578   0.00959   0.20555   0.06384   0.08429   0.15847   0.18433   0.84752   0.11429   0.18171  
 18 71.7201   3736.528080  x:  0.02190   0.02737   0.01602   0.01450   0.02267   0.02428   0.00617   0.01351   0.07218   0.01811   0.02229   0.08071   0.04841   0.02711   0.01583   0.00758   0.20252   0.06356   0.08708   0.15638   0.18289   0.84879   0.11440   0.18416  
 19 36.9548   3736.478093  x:  0.02293   0.02642   0.01609   0.01412   0.02166   0.02462   0.00616   0.01347   0.07092   0.01857   0.02300   0.08022   0.04810   0.02666   0.01562   0.00809   0.20052   0.06386   0.08968   0.15539   0.18190   0.84959   0.11435   0.18678  
 20 33.6447   3736.439828  x:  0.02179   0.02678   0.01612   0.01478   0.02183   0.02342   0.00624   0.01350   0.07072   0.01841   0.02266   0.07832   0.04874   0.02636   0.01583   0.00878   0.19984   0.06381   0.09116   0.15568   0.18120   0.85024   0.11453   0.19070  
 21 15.8705   3736.392072  x:  0.02328   0.02662   0.01610   0.01471   0.02277   0.02306   0.00628   0.01345   0.07181   0.01836   0.02210   0.07728   0.04900   0.02736   0.01561   0.00840   0.20007   0.06328   0.09104   0.15672   0.18055   0.85097   0.11456   0.19690  
 22 20.3552   3736.314710  x:  0.02254   0.02649   0.01591   0.01379   0.02226   0.02428   0.00621   0.01339   0.07293   0.01842   0.02349   0.07823   0.04864   0.02629   0.01575   0.00818   0.20123   0.06271   0.08906   0.15843   0.18004   0.85203   0.11446   0.20679  
 23 35.3455   3736.269499  x:  0.02224   0.02663   0.01596   0.01416   0.02111   0.02401   0.00621   0.01338   0.07136   0.01844   0.02220   0.07975   0.04777   0.02698   0.01560   0.00862   0.20194   0.06306   0.08782   0.15880   0.18071   0.85258   0.11454   0.21085  
 24 21.1372   3736.204172  x:  0.02297   0.02692   0.01629   0.01472   0.02267   0.02275   0.00631   0.01337   0.06889   0.01856   0.02271   0.08120   0.04833   0.02604   0.01592   0.00814   0.20235   0.06395   0.08680   0.15828   0.18278   0.85323   0.11451   0.21359  
 25 14.8218   3735.785281  x:  0.02130   0.02569   0.01579   0.01300   0.02280   0.02295   0.00637   0.01313   0.06964   0.01891   0.02469   0.08112   0.05245   0.02997   0.01488   0.00917   0.20182   0.06655   0.08643   0.15299   0.19621   0.85676   0.11359   0.21849  
 26 13.7894   3734.930686  x:  0.02315   0.02779   0.01635   0.01315   0.01947   0.02395   0.00624   0.01271   0.07397   0.01846   0.02059   0.07796   0.05127   0.02504   0.01586   0.00667   0.20032   0.06525   0.08696   0.14551   0.21629   0.86361   0.11189   0.22382  
 27 77.2097   3732.866836  x:  0.02271   0.02736   0.01724   0.01479   0.02110   0.01492   0.00701   0.01188   0.07659   0.01849   0.02822   0.07574   0.03611   0.02768   0.01618   0.00986   0.19566   0.05584   0.08595   0.14543   0.22900   0.87918   0.10986   0.22492  
 28 44.0628   3721.918629  x:  0.02375   0.02910   0.01892   0.00853   0.01431   0.00289   0.00835   0.00708   0.07092   0.02023   0.02751   0.08019   0.05028   0.02886   0.01520   0.00963   0.18144   0.03595   0.08312   0.16863   0.23208   0.94934   0.09885   0.21813  
 29 99.0539   3721.267403  x:  0.02389   0.02966   0.01909   0.00867   0.01393   0.00154   0.00847   0.00672   0.07273   0.02020   0.02766   0.08065   0.04924   0.02879   0.01537   0.00881   0.18193   0.04092   0.08395   0.16987   0.23108   0.95393   0.09840   0.21770  
 30 161.5728   3721.017947  x:  0.02380   0.02926   0.01910   0.00828   0.01384   0.00131   0.00851   0.00660   0.07215   0.02028   0.02819   0.08035   0.04948   0.02907   0.01525   0.00899   0.19278   0.03826   0.08673   0.16149   0.22698   0.95554   0.09835   0.21780  
 31  4.0620   3711.565329  x:  0.02506   0.03234   0.02256   0.00192   0.00692   0.00330   0.00843   0.00364   0.07921   0.02148   0.03074   0.08531   0.05027   0.03051   0.01567   0.00278   0.21651   0.05126   0.09841   0.16236   0.21233   1.01041   0.08521   0.20957  
 32  4.3545   3707.239851  x:  0.02544   0.03341   0.02487   0.00542   0.00742   0.00393   0.00799   0.00396   0.08231   0.02176   0.03195   0.08810   0.05154   0.03131   0.01618   0.00000   0.22591   0.05541   0.10365   0.16528   0.20689   1.02807   0.07587   0.20442  
 33  0.1940   3701.831794  x:  0.02451   0.03328   0.02738   0.00329   0.01787   0.00435   0.00753   0.00391   0.08353   0.02205   0.03150   0.09133   0.05497   0.03180   0.01741   0.00317   0.23104   0.05812   0.10667   0.17585   0.20045   1.08774   0.05522   0.19721  
 34  0.2129   3697.456583  x:  0.02091   0.02916   0.02116   0.00604   0.01197   0.00467   0.00677   0.00227   0.07079   0.01995   0.02406   0.08444   0.05476   0.02843   0.02049   0.00340   0.21118   0.05916   0.09237   0.17864   0.18327   1.24301   0.05103   0.20152  
 35  0.1107   3695.574913  x:  0.02135   0.02947   0.01737   0.00621   0.01570   0.00533   0.00648   0.00218   0.07126   0.01890   0.02236   0.08267   0.05230   0.02748   0.02047   0.00261   0.20904   0.06258   0.09039   0.17022   0.17829   1.34179   0.06466   0.21029  
 36  0.1035   3693.624240  x:  0.02377   0.03300   0.02054   0.00843   0.01284   0.00627   0.00566   0.00274   0.08047   0.01901   0.02676   0.08735   0.05167   0.02951   0.01774   0.00729   0.21209   0.06058   0.09758   0.17262   0.19707   1.47355   0.06546   0.22185  
 37  0.1270   3692.877215  x:  0.02408   0.03251   0.02053   0.00714   0.01517   0.00647   0.00528   0.00167   0.07978   0.01979   0.02758   0.08765   0.05219   0.02960   0.01724   0.00347   0.21158   0.05774   0.09839   0.17820   0.20244   1.56162   0.06263   0.21851  
 38  0.1108   3692.553183  x:  0.02262   0.03100   0.02057   0.00728   0.01506   0.00696   0.00486   0.00255   0.07636   0.02039   0.02721   0.08667   0.05331   0.02940   0.01747   0.00451   0.21781   0.05654   0.09864   0.17710   0.19386   1.62864   0.06241   0.21358  
 39  0.0577   3692.492959  x:  0.02265   0.03029   0.02075   0.00666   0.01429   0.00693   0.00464   0.00241   0.07640   0.01976   0.02685   0.08647   0.05296   0.02914   0.01779   0.00405   0.21638   0.05588   0.09718   0.17781   0.19543   1.66073   0.06327   0.21770  
 40  0.0161   3692.465929  x:  0.02289   0.03057   0.02125   0.00597   0.01418   0.00680   0.00454   0.00249   0.07709   0.01994   0.02702   0.08658   0.05286   0.02932   0.01776   0.00436   0.21702   0.05681   0.09780   0.17673   0.19491   1.65667   0.06368   0.21695  
 41  0.0021   3692.458164  x:  0.02260   0.03058   0.02091   0.00579   0.01426   0.00667   0.00443   0.00256   0.07641   0.02007   0.02690   0.08647   0.05303   0.02923   0.01772   0.00449   0.21686   0.05666   0.09790   0.17733   0.19545   1.65052   0.06321   0.21618  
 42  0.0030   3692.450842  x:  0.02271   0.03075   0.02065   0.00594   0.01424   0.00655   0.00416   0.00252   0.07674   0.01985   0.02699   0.08667   0.05297   0.02927   0.01755   0.00458   0.21677   0.05638   0.09767   0.17707   0.19459   1.65077   0.06312   0.21743  
 43  0.0005   3692.447520  x:  0.02276   0.03070   0.02083   0.00592   0.01437   0.00648   0.00400   0.00251   0.07679   0.01999   0.02701   0.08653   0.05291   0.02929   0.01769   0.00440   0.21696   0.05651   0.09780   0.17695   0.19515   1.65023   0.06335   0.21673  
 44  0.0006   3692.447147  x:  0.02271   0.03063   0.02091   0.00598   0.01432   0.00649   0.00399   0.00252   0.07667   0.01999   0.02696   0.08653   0.05296   0.02926   0.01771   0.00441   0.21696   0.05660   0.09782   0.17706   0.19510   1.64881   0.06333   0.21651  
 45  0.0011   3692.447106  x:  0.02272   0.03061   0.02093   0.00597   0.01432   0.00649   0.00398   0.00252   0.07668   0.01997   0.02696   0.08656   0.05297   0.02926   0.01770   0.00439   0.21695   0.05661   0.09781   0.17707   0.19505   1.64863   0.06330   0.21660  
 46  0.0001   3692.447058  x:  0.02273   0.03061   0.02091   0.00597   0.01431   0.00652   0.00398   0.00253   0.07670   0.01999   0.02697   0.08655   0.05296   0.02927   0.01770   0.00439   0.21690   0.05661   0.09781   0.17708   0.19511   1.64810   0.06330   0.21660  
 47  0.0001   3692.447046  x:  0.02272   0.03062   0.02091   0.00597   0.01431   0.00653   0.00397   0.00252   0.07668   0.01998   0.02696   0.08655   0.05297   0.02927   0.01770   0.00439   0.21692   0.05660   0.09781   0.17707   0.19506   1.64820   0.06331   0.21655  
 48  0.0001   3692.447046  x:  0.02272   0.03062   0.02091   0.00597   0.01432   0.00653   0.00397   0.00252   0.07668   0.01998   0.02696   0.08655   0.05297   0.02926   0.01770   0.00439   0.21692   0.05660   0.09781   0.17707   0.19508   1.64813   0.06331   0.21657  
 49  0.0000   3692.447046  x:  0.02272   0.03062   0.02091   0.00597   0.01432   0.00653   0.00397   0.00252   0.07668   0.01998   0.02696   0.08655   0.05297   0.02927   0.01770   0.00439   0.21692   0.05660   0.09781   0.17707   0.19508   1.64813   0.06331   0.21657  
 50  0.0000   3692.447046  x:  0.02272   0.03062   0.02091   0.00597   0.01432   0.00653   0.00397   0.00252   0.07668   0.01998   0.02696   0.08655   0.05297   0.02927   0.01770   0.00439   0.21692   0.05660   0.09781   0.17707   0.19508   1.64813   0.06331   0.21657  
 51  0.0000   3692.447046  x:  0.02272   0.03062   0.02091   0.00597   0.01432   0.00653   0.00397   0.00252   0.07668   0.01998   0.02696   0.08655   0.05297   0.02927   0.01770   0.00439   0.21692   0.05660   0.09781   0.17707   0.19508   1.64813   0.06331   0.21657  
 52  0.0000   3692.447046  x:  0.02272   0.03062   0.02091   0.00597   0.01432   0.00653   0.00397   0.00252   0.07668   0.01998   0.02696   0.08655   0.05297   0.02927   0.01770   0.00439   0.21692   0.05660   0.09781   0.17707   0.19508   1.64813   0.06331   0.21657  