

TREE # 1

  0  0.0000   5105.977876  x:  0.08669   0.02139   0.08872   0.03667   0.04017   0.01586   0.03758   0.03622   0.00000   0.09437   0.08860   0.00315   0.11913   0.13339   0.02615   0.04599   0.02670   0.12321   0.09399   0.09639   0.12378   0.21529   2.00000   0.20000  
  1 99.0000   4974.742999  x:  0.09320   0.02026   0.08521   0.02586   0.00832   0.00140   0.00356   0.00000   0.01007   0.11667   0.07774   0.15543   0.13409   0.14911   0.02188   0.03550   0.03069   0.12633   0.09640   0.10291   0.12929   0.22965   2.00286   0.10471  
  2 2145.8296   4969.702561  x:  0.09354   0.02020   0.08503   0.02529   0.00666   0.00066   0.00179   0.00006   0.01060   0.11783   0.07717   0.16336   0.13487   0.14993   0.02166   0.03496   0.03090   0.12650   0.09653   0.10325   0.12958   0.23040   2.00300   0.09973  
  3 57194.1452   4942.890779  x:  0.09612   0.01921   0.08323   0.02195   0.00117   0.02414   0.00140   0.00016   0.01207   0.12513   0.07334   0.20627   0.13949   0.15504   0.02102   0.03174   0.03134   0.12763   0.09731   0.10582   0.13179   0.23578   2.00400   0.06471  
  4 7596.9411   4934.629752  x:  0.09728   0.01863   0.08224   0.02117   0.00756   0.02553   0.00902   0.00018   0.01169   0.12766   0.07182   0.21809   0.14098   0.15682   0.02132   0.03092   0.03111   0.12811   0.09755   0.10699   0.13286   0.23805   2.00436   0.05280  
  5 3813.3549   4928.453290  x:  0.10236   0.01490   0.07689   0.02205   0.00662   0.02374   0.00734   0.00017   0.00248   0.13272   0.06732   0.21394   0.14313   0.16074   0.02657   0.03192   0.02687   0.12992   0.09795   0.11207   0.13793   0.24685   2.00520   0.04043  
  6 522.8459   4926.073840  x:  0.10445   0.01371   0.07489   0.02261   0.00663   0.02389   0.00749   0.00017   0.00000   0.13504   0.06566   0.21483   0.14427   0.16257   0.02779   0.03189   0.02558   0.13071   0.09815   0.11416   0.14003   0.25063   2.00557   0.04124  
  7 708.5478   4921.336674  x:  0.11492   0.01763   0.06736   0.04088   0.00887   0.02438   0.00522   0.00017   0.00000   0.14793   0.06911   0.21365   0.15097   0.17273   0.01759   0.02687   0.02897   0.13576   0.09900   0.12463   0.15158   0.27563   2.00887   0.04016  
  8 431.4421   4920.435410  x:  0.11656   0.01991   0.06634   0.04265   0.00512   0.02372   0.00855   0.00017   0.00000   0.15022   0.07151   0.21285   0.15245   0.17491   0.01750   0.02768   0.03101   0.13675   0.09904   0.12626   0.15379   0.28204   2.01002   0.03971  
  9 338.8086   4918.395245  x:  0.11904   0.02944   0.06465   0.03886   0.00683   0.02404   0.00694   0.00017   0.00000   0.15509   0.08198   0.20996   0.15681   0.18108   0.02475   0.03511   0.03934   0.13905   0.09858   0.12874   0.15912   0.30380   2.01492   0.03856  
 10 272.8574   4916.704820  x:  0.11869   0.03223   0.06098   0.02490   0.00706   0.02358   0.00643   0.00017   0.00000   0.15622   0.08739   0.20459   0.15964   0.18544   0.01967   0.03221   0.03991   0.13957   0.09750   0.12840   0.16220   0.32462   2.02109   0.03667  
 11 196.6701   4915.433596  x:  0.11168   0.02834   0.05816   0.02905   0.00667   0.02319   0.00633   0.00017   0.00000   0.15034   0.08822   0.20084   0.15956   0.18635   0.02466   0.02764   0.03095   0.13675   0.09605   0.12138   0.16003   0.34670   2.03254   0.03428  
 12 90.8261   4915.068253  x:  0.10955   0.02868   0.06123   0.03037   0.00664   0.02314   0.00625   0.00017   0.00000   0.14859   0.08193   0.19981   0.15808   0.18511   0.02132   0.03405   0.02855   0.13614   0.09732   0.11926   0.15876   0.35515   2.04092   0.03363  
 13 64.3512   4914.727920  x:  0.10841   0.03196   0.06771   0.03033   0.00659   0.02310   0.00625   0.00017   0.00000   0.14848   0.07521   0.19876   0.15544   0.18191   0.02296   0.03026   0.03051   0.13601   0.09952   0.11811   0.15700   0.36331   2.05659   0.03369  
 14 51.6392   4913.253820  x:  0.10517   0.02631   0.07350   0.02971   0.00689   0.02329   0.00643   0.00017   0.00000   0.15193   0.08641   0.19994   0.14516   0.16579   0.02185   0.03117   0.02758   0.13314   0.09955   0.11488   0.14772   0.38736   2.15696   0.03621  
 15 62.5340   4908.876552  x:  0.10927   0.02410   0.05487   0.03093   0.00684   0.02321   0.00642   0.00017   0.00000   0.12387   0.07875   0.18690   0.16116   0.17474   0.02112   0.03238   0.04560   0.13404   0.08912   0.11898   0.14522   0.39007   2.48750   0.03799  
 16 141.5108   4903.251241  x:  0.11433   0.02486   0.06717   0.02930   0.00623   0.02197   0.00590   0.00016   0.00000   0.15381   0.07967   0.15570   0.17656   0.19626   0.02312   0.03209   0.02936   0.13932   0.10509   0.12404   0.16060   0.35529   2.93634   0.03651  
 17 433.4925   4902.837539  x:  0.11643   0.03023   0.06366   0.02928   0.00612   0.02193   0.00586   0.00016   0.00000   0.15701   0.07756   0.15403   0.16515   0.19399   0.02346   0.03208   0.02753   0.13447   0.09656   0.12614   0.16920   0.35142   2.96390   0.03620  
 18 59.9534   4902.693417  x:  0.11621   0.03122   0.05987   0.02917   0.00612   0.02195   0.00585   0.00016   0.00000   0.15480   0.07798   0.15365   0.15836   0.19312   0.02361   0.03202   0.02788   0.13678   0.10226   0.12592   0.17434   0.35056   2.96895   0.03613  
 19 17.7986   4901.683373  x:  0.10812   0.02615   0.07400   0.02905   0.00627   0.02215   0.00599   0.00016   0.00000   0.14395   0.08239   0.14569   0.15502   0.20468   0.02311   0.03169   0.02534   0.14038   0.09854   0.11782   0.19952   0.35407   2.96284   0.03697  
 20  6.0183   4898.008941  x:  0.08333   0.01109   0.06772   0.02997   0.00612   0.02222   0.00614   0.00016   0.00000   0.15969   0.07502   0.10792   0.16077   0.20744   0.02226   0.03294   0.04613   0.12842   0.09952   0.09304   0.22015   0.35982   2.92781   0.03845  
 21 34.8338   4890.516305  x:  0.09566   0.01486   0.06986   0.02939   0.00600   0.02219   0.00621   0.00016   0.00000   0.15270   0.07530   0.04358   0.17338   0.19073   0.02251   0.03312   0.03873   0.12629   0.10263   0.10536   0.21388   0.36734   2.85973   0.03898  
 22 89.1070   4890.147045  x:  0.09295   0.02198   0.06662   0.02940   0.00601   0.02223   0.00625   0.00016   0.00000   0.15466   0.07469   0.04008   0.16800   0.20160   0.02241   0.03289   0.03431   0.13134   0.10055   0.10265   0.20485   0.36839   2.85559   0.03950  
 23 35.7956   4890.104561  x:  0.09419   0.02056   0.06750   0.02936   0.00603   0.02221   0.00624   0.00016   0.00000   0.15430   0.07506   0.03965   0.16529   0.20561   0.02237   0.03291   0.03532   0.12803   0.10176   0.10389   0.20268   0.36866   2.85499   0.03950  
 24 10.9543   4890.000294  x:  0.09559   0.01566   0.06893   0.02936   0.00600   0.02216   0.00623   0.00016   0.00000   0.15528   0.07454   0.03940   0.16218   0.20597   0.02247   0.03305   0.03840   0.13339   0.09909   0.10529   0.20067   0.36888   2.85266   0.03931  
 25  1.3738   4879.563821  x:  0.12453   0.02305   0.05474   0.02854   0.00612   0.02205   0.00738   0.00017   0.00000   0.15625   0.05382   0.06674   0.17175   0.21185   0.02517   0.03376   0.01260   0.14207   0.10069   0.13420   0.17385   0.43216   2.62273   0.04432  
 26  5.1295   4877.864922  x:  0.13390   0.01735   0.05300   0.02638   0.00616   0.02132   0.00755   0.00017   0.00000   0.15972   0.05797   0.05813   0.17827   0.21107   0.02718   0.03353   0.02931   0.14178   0.10140   0.14356   0.19039   0.45948   2.58448   0.04586  
 27  0.0742   4877.274410  x:  0.13759   0.01784   0.05587   0.02599   0.00633   0.01997   0.00731   0.00016   0.00000   0.16258   0.06133   0.05006   0.18210   0.21405   0.02838   0.03319   0.02145   0.14093   0.10241   0.14724   0.20114   0.47821   2.64106   0.04619  
 28  0.0667   4876.953807  x:  0.14019   0.02238   0.05396   0.02723   0.00639   0.01781   0.00696   0.00016   0.00000   0.16598   0.05704   0.05467   0.17800   0.22118   0.02899   0.03289   0.01859   0.14195   0.10203   0.14984   0.20308   0.49386   2.71004   0.04557  
 29  0.0478   4876.693395  x:  0.14042   0.01992   0.05326   0.02690   0.00663   0.01457   0.00671   0.00015   0.00000   0.16391   0.06024   0.05549   0.17820   0.22252   0.02853   0.03308   0.02023   0.14277   0.10242   0.15007   0.19835   0.50693   2.66763   0.04423  
 30  0.0186   4876.594449  x:  0.13902   0.01948   0.05531   0.02700   0.00691   0.01343   0.00684   0.00015   0.00000   0.16253   0.05741   0.05230   0.18044   0.21855   0.02808   0.03344   0.02127   0.14162   0.10251   0.14868   0.20001   0.50491   2.65309   0.04426  
 31  0.0114   4876.447316  x:  0.13623   0.02130   0.05449   0.02677   0.00765   0.01261   0.00732   0.00016   0.00000   0.16227   0.06028   0.05369   0.18068   0.21419   0.02781   0.03368   0.02046   0.14068   0.10166   0.14591   0.20229   0.48914   2.66358   0.04542  
 32  0.0083   4876.336522  x:  0.13664   0.01835   0.05438   0.02682   0.00806   0.01185   0.00753   0.00018   0.00000   0.16361   0.05807   0.05565   0.17721   0.21910   0.02843   0.03309   0.02079   0.14187   0.10253   0.14633   0.19924   0.48231   2.66778   0.04590  
 33  0.0047   4875.988250  x:  0.14197   0.02412   0.05619   0.02706   0.00850   0.01239   0.00754   0.00025   0.00000   0.16319   0.05895   0.05247   0.17422   0.22437   0.03021   0.03198   0.01923   0.14400   0.10343   0.15172   0.18796   0.47611   2.61618   0.04584  
 34  0.0080   4875.034340  x:  0.14572   0.01998   0.04928   0.02603   0.00829   0.01058   0.00709   0.00044   0.00000   0.16477   0.05930   0.05021   0.18351   0.21516   0.02967   0.03398   0.02015   0.13930   0.10180   0.15566   0.19991   0.48748   2.67632   0.04354  
 35  0.0139   4874.285463  x:  0.14280   0.01553   0.06029   0.02702   0.00795   0.01321   0.00693   0.00067   0.00000   0.16343   0.05933   0.05781   0.18305   0.21797   0.02845   0.03413   0.02284   0.14084   0.10121   0.15292   0.20575   0.48573   2.68919   0.04408  
 36  0.0110   4873.297416  x:  0.13799   0.02545   0.05165   0.02738   0.00772   0.01148   0.00662   0.00118   0.00000   0.16337   0.05789   0.05546   0.17484   0.22335   0.02794   0.03194   0.01840   0.14382   0.10497   0.14856   0.19897   0.49844   2.63220   0.04569  
 37  0.0206   4872.659623  x:  0.13334   0.01768   0.05549   0.02601   0.00681   0.01180   0.00587   0.00181   0.00000   0.16318   0.05973   0.05176   0.18090   0.21492   0.02723   0.03390   0.02176   0.14068   0.10053   0.14446   0.20085   0.49489   2.69207   0.04502  
 38  0.0243   4872.263405  x:  0.13717   0.02166   0.05404   0.02832   0.00655   0.01141   0.00581   0.00278   0.00000   0.16279   0.05840   0.05640   0.17729   0.22048   0.02936   0.03301   0.01953   0.14197   0.10346   0.14911   0.19757   0.49119   2.66140   0.04582  
 39  0.0102   4872.102937  x:  0.13689   0.01973   0.05428   0.02558   0.00686   0.01210   0.00584   0.00347   0.00000   0.16283   0.05881   0.05384   0.17904   0.21654   0.02872   0.03310   0.02090   0.14142   0.10193   0.14943   0.19875   0.48375   2.65752   0.04554  
 40  0.0052   4872.047810  x:  0.13710   0.01952   0.05517   0.02706   0.00698   0.01135   0.00610   0.00395   0.00000   0.16322   0.05932   0.05367   0.17947   0.21768   0.02820   0.03334   0.02079   0.14158   0.10192   0.15006   0.19979   0.48868   2.66432   0.04509  
 41  0.0055   4872.033912  x:  0.13688   0.02012   0.05426   0.02699   0.00713   0.01184   0.00621   0.00416   0.00000   0.16342   0.05890   0.05412   0.17897   0.21860   0.02818   0.03324   0.02050   0.14166   0.10245   0.15002   0.19977   0.49040   2.66509   0.04515  
 42  0.0021   4872.032568  x:  0.13657   0.02013   0.05449   0.02673   0.00721   0.01173   0.00624   0.00421   0.00000   0.16328   0.05894   0.05416   0.17901   0.21854   0.02823   0.03323   0.02051   0.14169   0.10233   0.14975   0.19971   0.49158   2.66584   0.04513  
 43  0.0014   4872.032365  x:  0.13643   0.02003   0.05449   0.02680   0.00722   0.01175   0.00626   0.00421   0.00000   0.16322   0.05895   0.05409   0.17906   0.21834   0.02829   0.03324   0.02056   0.14164   0.10229   0.14961   0.19970   0.49189   2.66626   0.04513  
 44  0.0005   4872.032350  x:  0.13644   0.02006   0.05448   0.02680   0.00722   0.01175   0.00626   0.00420   0.00000   0.16322   0.05895   0.05411   0.17904   0.21837   0.02832   0.03324   0.02055   0.14164   0.10230   0.14961   0.19969   0.49201   2.66663   0.04513  
 45  0.0003   4872.032349  x:  0.13645   0.02005   0.05448   0.02680   0.00723   0.01175   0.00626   0.00419   0.00000   0.16322   0.05895   0.05411   0.17904   0.21837   0.02832   0.03324   0.02055   0.14164   0.10230   0.14961   0.19969   0.49200   2.66650   0.04513  
 46  0.0001   4872.032349  x:  0.13645   0.02006   0.05448   0.02680   0.00723   0.01175   0.00626   0.00419   0.00000   0.16323   0.05895   0.05411   0.17904   0.21837   0.02831   0.03324   0.02055   0.14164   0.10230   0.14962   0.19970   0.49200   2.66653   0.04513  
 47  0.0000   4872.032349  x:  0.13644   0.02006   0.05448   0.02680   0.00723   0.01175   0.00626   0.00419   0.00000   0.16323   0.05895   0.05411   0.17904   0.21837   0.02831   0.03324   0.02055   0.14164   0.10230   0.14962   0.19970   0.49200   2.66653   0.04513  
 48  0.0000   4872.032349  x:  0.13644   0.02006   0.05448   0.02680   0.00723   0.01175   0.00626   0.00419   0.00000   0.16323   0.05895   0.05411   0.17904   0.21837   0.02831   0.03324   0.02055   0.14164   0.10230   0.14962   0.19970   0.49200   2.66654   0.04513  
 49  0.0000   4872.032349  x:  0.13644   0.02006   0.05448   0.02680   0.00723   0.01175   0.00626   0.00419   0.00000   0.16323   0.05895   0.05411   0.17904   0.21837   0.02831   0.03324   0.02055   0.14164   0.10230   0.14962   0.19970   0.49200   2.66654   0.04513  