

TREE # 1

  0  0.0000   5655.827910  x:  0.09390   0.00000   0.08563   0.06769   0.02643   0.04060   0.02218   0.02209   0.04857   0.06099   0.06449   0.05692   0.11380   0.10018   0.05419   0.03181   0.05962   0.08828   0.06522   0.03983   0.08370   0.18393   0.17130   0.16237   0.20880   0.20520  
  1 99.0000   5353.447992  x:  0.10953   0.03626   0.08398   0.05174   0.00711   0.02190   0.00345   0.00000   0.02773   0.10036   0.06572   0.05798   0.12167   0.11571   0.03975   0.03001   0.05171   0.10547   0.07994   0.05547   0.09931   0.19991   0.28767   0.09097   0.20308   0.19388  
  2 2566.1917   5316.778325  x:  0.11223   0.04251   0.08369   0.04898   0.00377   0.01866   0.00024   0.00026   0.02413   0.10716   0.06593   0.05816   0.12303   0.11839   0.03726   0.02970   0.05034   0.10844   0.08248   0.05817   0.10201   0.20267   0.30777   0.07862   0.20209   0.19193  
  3 118854.3139   5275.967124  x:  0.11553   0.04987   0.08332   0.04557   0.00000   0.01474   0.00337   0.00050   0.01969   0.11538   0.06617   0.05839   0.12469   0.12167   0.03421   0.02932   0.04862   0.11207   0.08558   0.06146   0.10531   0.20609   0.33225   0.06330   0.20086   0.18949  
  4 57071.2014   5205.756324  x:  0.12347   0.06757   0.08242   0.03737   0.00119   0.00534   0.01035   0.00107   0.00898   0.13516   0.06674   0.05894   0.12869   0.12958   0.02687   0.02842   0.04446   0.12079   0.09302   0.06941   0.11327   0.21433   0.39118   0.02639   0.19790   0.18362  
  5 152561.1746   5165.195130  x:  0.13111   0.06929   0.08040   0.02898   0.00172   0.02389   0.01439   0.00141   0.00000   0.14713   0.06639   0.06055   0.13204   0.13656   0.02297   0.02866   0.03763   0.12800   0.09848   0.07705   0.12153   0.22573   0.43746   0.05008   0.19383   0.17497  
  6 1853.1706   5130.783061  x:  0.14146   0.01238   0.07052   0.02327   0.00182   0.03823   0.01513   0.00145   0.05263   0.14163   0.06507   0.06555   0.13648   0.14718   0.03500   0.03458   0.01076   0.13408   0.09913   0.08739   0.13539   0.25763   0.49584   0.05264   0.17956   0.14271  
  7 898.4170   5122.861486  x:  0.14276   0.00000   0.06914   0.02315   0.00178   0.03863   0.01485   0.00142   0.05072   0.13431   0.06198   0.06714   0.13668   0.14889   0.03493   0.03346   0.02121   0.13404   0.09769   0.08869   0.13764   0.26732   0.50366   0.05155   0.17370   0.12827  
  8 540.9005   5105.588689  x:  0.14711   0.00978   0.06738   0.02900   0.00186   0.04037   0.01552   0.00148   0.06567   0.09181   0.05052   0.07603   0.13656   0.15584   0.04306   0.03359   0.04741   0.13062   0.08702   0.09305   0.14731   0.31563   0.52418   0.05344   0.14252   0.05031  
  9 778.9509   5101.411880  x:  0.14646   0.00888   0.06713   0.02745   0.00183   0.03985   0.01529   0.00146   0.06079   0.08908   0.05197   0.07565   0.13553   0.15857   0.04274   0.03317   0.04148   0.12875   0.08472   0.09239   0.14793   0.32702   0.52271   0.05235   0.13216   0.02641  
 10 511.5443   5094.415522  x:  0.14379   0.00834   0.06657   0.02858   0.00175   0.03273   0.01459   0.00140   0.04138   0.07938   0.05475   0.07509   0.13207   0.18344   0.05094   0.03845   0.02620   0.12098   0.07775   0.08972   0.15220   0.39631   0.51453   0.05002   0.06775   0.03131  
 11 169.8737   5092.605773  x:  0.14248   0.00903   0.06675   0.03126   0.00175   0.03398   0.01461   0.00140   0.04352   0.09092   0.05576   0.07329   0.13685   0.18626   0.05004   0.03407   0.02948   0.12243   0.08204   0.08842   0.15244   0.41990   0.50763   0.04926   0.04703   0.03060  
 12 223.7270   5091.373343  x:  0.14162   0.00993   0.06719   0.02602   0.00169   0.03919   0.01423   0.00137   0.04177   0.09046   0.05235   0.06670   0.15251   0.18283   0.04313   0.03398   0.02663   0.12834   0.08713   0.08755   0.15203   0.45087   0.49972   0.04500   0.04974   0.03230  
 13 85.9592   5090.821714  x:  0.14184   0.00964   0.06841   0.02875   0.00171   0.03302   0.01427   0.00137   0.04067   0.09275   0.05529   0.06363   0.15913   0.17935   0.04061   0.03658   0.02593   0.13044   0.08726   0.08778   0.15190   0.46704   0.49801   0.04734   0.05468   0.03242  
 14 116.6707   5090.495433  x:  0.14223   0.00964   0.06954   0.03075   0.00168   0.03673   0.01420   0.00137   0.03896   0.09583   0.05837   0.06433   0.15724   0.17267   0.04378   0.03719   0.02617   0.12840   0.08278   0.08816   0.15058   0.47560   0.49854   0.04528   0.05834   0.03302  
 15 33.6279   5089.934700  x:  0.14302   0.00982   0.06947   0.02725   0.00169   0.03394   0.01418   0.00137   0.03818   0.09803   0.05508   0.06850   0.14866   0.16073   0.04498   0.03155   0.02409   0.12641   0.08266   0.08896   0.14750   0.48526   0.50048   0.04606   0.06133   0.03438  
 16 41.3330   5088.964877  x:  0.14371   0.00969   0.06830   0.02825   0.00167   0.03491   0.01406   0.00135   0.03696   0.09850   0.05508   0.07458   0.13531   0.15131   0.04166   0.04038   0.02345   0.12902   0.09375   0.08964   0.14203   0.49258   0.50302   0.04494   0.06270   0.03446  
 17 41.8899   5083.910121  x:  0.14922   0.01013   0.06643   0.03620   0.00159   0.03801   0.01368   0.00131   0.03692   0.09352   0.06969   0.08057   0.11919   0.16336   0.02457   0.02658   0.02141   0.13757   0.09659   0.09516   0.12962   0.50018   0.51780   0.04260   0.07044   0.03622  
 18 29.7093   5053.639917  x:  0.17964   0.01429   0.05375   0.00908   0.00135   0.02168   0.01186   0.00109   0.02222   0.12067   0.07302   0.09027   0.09163   0.24259   0.05601   0.02260   0.03196   0.17717   0.09896   0.12557   0.07278   0.51786   0.59892   0.04118   0.10808   0.02880  
 19 173.4756   5037.403983  x:  0.19509   0.01294   0.05453   0.03802   0.00113   0.01656   0.01058   0.00093   0.00323   0.13475   0.03931   0.09373   0.09269   0.26970   0.06611   0.01824   0.01972   0.18444   0.10321   0.14103   0.06272   0.51890   0.65200   0.03760   0.12050   0.02502  
 20 512.1379   5024.692424  x:  0.19774   0.01276   0.05985   0.03387   0.00106   0.01292   0.01006   0.00087   0.00000   0.13751   0.03916   0.09412   0.09996   0.26701   0.05745   0.02318   0.01878   0.17264   0.10241   0.14368   0.07733   0.51463   0.67637   0.03714   0.11621   0.02581  
 21 290.0721   5015.668645  x:  0.17750   0.01434   0.05816   0.03016   0.00104   0.00927   0.00990   0.00084   0.00466   0.14107   0.02875   0.05398   0.10101   0.26261   0.03518   0.03554   0.02184   0.14090   0.09341   0.12344   0.06208   0.51012   0.72232   0.04053   0.10757   0.02735  
 22 277.7788   5013.176607  x:  0.16401   0.01471   0.05536   0.03167   0.00103   0.00764   0.00987   0.00083   0.00187   0.13424   0.03659   0.04116   0.10828   0.25464   0.04260   0.03070   0.02118   0.13478   0.10320   0.10995   0.05609   0.50682   0.74021   0.04172   0.10280   0.02811  
 23 205.1229   5012.596874  x:  0.15252   0.01412   0.06330   0.03127   0.00103   0.00731   0.00988   0.00083   0.00202   0.13425   0.03626   0.04561   0.10927   0.25541   0.04315   0.03035   0.02089   0.13852   0.10221   0.09846   0.05612   0.50682   0.74556   0.04221   0.10326   0.02811  
 24 62.7840   5012.297723  x:  0.14559   0.01445   0.06054   0.03168   0.00103   0.00734   0.00987   0.00083   0.00202   0.13511   0.03576   0.04386   0.10534   0.25625   0.04405   0.02974   0.02129   0.14334   0.10102   0.09153   0.06395   0.50752   0.74700   0.04227   0.10519   0.02806  
 25 43.4711   5011.655694  x:  0.14186   0.01516   0.05012   0.03219   0.00103   0.00731   0.00986   0.00083   0.00201   0.13682   0.03576   0.05186   0.10928   0.25773   0.04242   0.03032   0.02138   0.13854   0.10065   0.08780   0.06460   0.50722   0.74990   0.04236   0.10689   0.02810  
 26  7.4370   4999.474906  x:  0.13734   0.01554   0.06249   0.03161   0.00095   0.01143   0.00955   0.00077   0.00912   0.14266   0.04089   0.05362   0.11613   0.27493   0.04753   0.02196   0.02669   0.08532   0.13707   0.08327   0.09624   0.49476   0.80123   0.04092   0.12335   0.02740  
 27 24.2964   4954.244422  x:  0.15652   0.01489   0.05938   0.02873   0.00069   0.01126   0.00812   0.00054   0.02274   0.12619   0.06275   0.03795   0.19637   0.17188   0.02587   0.03283   0.02220   0.15196   0.09705   0.10246   0.13101   0.38510   0.99462   0.04127   0.03979   0.03959  
 28 150.8874   4924.818123  x:  0.16569   0.02134   0.05892   0.03015   0.00026   0.01879   0.00700   0.00024   0.02099   0.18409   0.07044   0.08293   0.16092   0.26798   0.02316   0.03101   0.03593   0.16098   0.11032   0.11166   0.16721   0.40500   1.36696   0.03549   0.14213   0.03388  
 29  0.2375   4897.937719  x:  0.14728   0.02370   0.05501   0.02360   0.00072   0.02565   0.01378   0.00072   0.00805   0.18376   0.05247   0.07390   0.14634   0.19822   0.04409   0.02451   0.01394   0.11957   0.09635   0.09328   0.18293   0.38131   1.79142   0.05157   0.11975   0.03457  
 30  0.2097   4887.251807  x:  0.17413   0.02616   0.05625   0.02577   0.00070   0.01836   0.01517   0.00076   0.00254   0.18297   0.05611   0.05977   0.15266   0.18306   0.01946   0.03801   0.02065   0.12739   0.09566   0.12013   0.18706   0.51833   2.04154   0.04956   0.08641   0.04027  
 31  0.1724   4883.023393  x:  0.18173   0.02652   0.05548   0.03083   0.00067   0.01495   0.01563   0.00075   0.00000   0.17523   0.05370   0.05421   0.16632   0.19909   0.03737   0.03220   0.02056   0.14624   0.11131   0.12774   0.19597   0.52740   2.19691   0.04735   0.07024   0.04062  
 32  0.1895   4883.023393  x:  0.18173   0.02652   0.05548   0.03083   0.00067   0.01495   0.01563   0.00075   0.00000   0.17523   0.05370   0.05421   0.16632   0.19909   0.03737   0.03220   0.02056   0.14624   0.11131   0.12774   0.19597   0.52740   2.19691   0.04735   0.07024   0.04062  
 33  0.1727   4877.563399  x:  0.18168   0.02642   0.05546   0.03079   0.00688   0.01493   0.01504   0.00512   0.00001   0.17518   0.05377   0.05424   0.16633   0.19914   0.03721   0.03217   0.02048   0.14621   0.11124   0.12769   0.19594   0.52735   2.19694   0.04674   0.07023   0.04058  
 34 3451.2620   4877.427491  x:  0.18166   0.02639   0.05545   0.03075   0.00691   0.01486   0.01481   0.00507   0.00000   0.17516   0.05380   0.05425   0.16633   0.19916   0.03715   0.03216   0.02045   0.14620   0.11121   0.12767   0.19593   0.52734   2.19695   0.04653   0.07023   0.04056  
 35 410.0068   4876.406983  x:  0.18111   0.02507   0.05526   0.02953   0.00541   0.01342   0.00805   0.00720   0.00000   0.17430   0.05496   0.05495   0.16641   0.20006   0.03491   0.03192   0.01970   0.14574   0.11025   0.12712   0.19574   0.52694   2.19746   0.04825   0.07013   0.04005  
 36 297.2894   4876.207542  x:  0.18052   0.02408   0.05517   0.02869   0.00655   0.01372   0.00712   0.00567   0.00000   0.17342   0.05592   0.05559   0.16648   0.20100   0.03310   0.03197   0.01936   0.14531   0.10932   0.12653   0.19554   0.52649   2.19802   0.04971   0.07004   0.03972  
 37 118.0982   4875.872796  x:  0.17843   0.02131   0.05500   0.02652   0.00620   0.01387   0.00874   0.00616   0.00000   0.17044   0.05877   0.05745   0.16675   0.20415   0.02805   0.03248   0.01881   0.14391   0.10634   0.12444   0.19475   0.52480   2.19997   0.04963   0.06971   0.03882  
 38 129.1249   4875.585063  x:  0.17433   0.02096   0.05590   0.02812   0.00612   0.01454   0.00834   0.00622   0.00000   0.16505   0.06069   0.05932   0.16714   0.21017   0.02825   0.03623   0.02288   0.14195   0.10211   0.12034   0.19334   0.52103   2.20432   0.04979   0.06920   0.03918  
 39 67.8882   4875.451929  x:  0.17155   0.01983   0.05598   0.02783   0.00635   0.01237   0.00876   0.00600   0.00000   0.16228   0.05904   0.05869   0.16724   0.21380   0.02986   0.03518   0.02327   0.14120   0.10083   0.11756   0.19263   0.51784   2.20810   0.05046   0.06904   0.03879  
 40 59.4007   4875.326856  x:  0.16854   0.01876   0.05608   0.02749   0.00617   0.01419   0.00846   0.00618   0.00000   0.15989   0.05698   0.05733   0.16729   0.21755   0.03125   0.03298   0.02309   0.14071   0.10035   0.11455   0.19201   0.51385   2.21285   0.05051   0.06896   0.03817  
 41 112.0075   4875.179607  x:  0.16510   0.02077   0.05706   0.02939   0.00620   0.01387   0.00848   0.00614   0.00000   0.16020   0.05789   0.05437   0.16742   0.22158   0.02939   0.03120   0.02300   0.14164   0.10329   0.11111   0.19222   0.50614   2.22248   0.05099   0.06911   0.03778  
 42 44.0743   4874.998697  x:  0.16175   0.02167   0.05733   0.02734   0.00621   0.01394   0.00845   0.00614   0.00000   0.16248   0.05910   0.05166   0.16787   0.22554   0.02993   0.03446   0.02057   0.14283   0.10698   0.10776   0.19331   0.49496   2.23707   0.05148   0.06923   0.03799  
 43 88.6039   4874.619661  x:  0.16218   0.02215   0.05479   0.02782   0.00620   0.01395   0.00842   0.00614   0.00000   0.16957   0.05633   0.05745   0.17070   0.22627   0.02969   0.03442   0.02174   0.14208   0.10508   0.10819   0.19888   0.46785   2.27758   0.05213   0.06822   0.03522  
 44 54.0616   4874.453139  x:  0.16373   0.02057   0.05425   0.02879   0.00619   0.01397   0.00841   0.00614   0.00000   0.17039   0.05722   0.05778   0.17111   0.22526   0.03013   0.03312   0.02143   0.14150   0.10319   0.10974   0.20120   0.45627   2.29776   0.05239   0.06807   0.03960  
 45 126.0624   4874.218800  x:  0.16785   0.01985   0.05657   0.02692   0.00621   0.01394   0.00840   0.00612   0.00000   0.16570   0.05970   0.05361   0.16961   0.22033   0.03096   0.03253   0.02372   0.14128   0.10112   0.11386   0.20288   0.44354   2.32896   0.05273   0.06871   0.03817  
 46 85.5255   4874.096056  x:  0.16966   0.01834   0.05637   0.02915   0.00621   0.01389   0.00834   0.00611   0.00000   0.16166   0.05748   0.05337   0.16850   0.21772   0.02940   0.03474   0.02260   0.14177   0.10279   0.11567   0.20141   0.44077   2.34812   0.05286   0.06929   0.03779  
 47 59.5604   4873.951286  x:  0.17085   0.02011   0.05600   0.02707   0.00624   0.01381   0.00828   0.00609   0.00000   0.15843   0.05580   0.05597   0.16773   0.21591   0.02825   0.03464   0.02361   0.14255   0.10571   0.11685   0.19760   0.44168   2.37321   0.05286   0.06984   0.03983  
 48 77.3285   4873.634083  x:  0.17205   0.02101   0.05410   0.02773   0.00624   0.01380   0.00837   0.00608   0.00000   0.15665   0.06026   0.06127   0.16660   0.21357   0.03188   0.03240   0.02118   0.14313   0.10882   0.11806   0.18771   0.44933   2.43190   0.05290   0.07091   0.03875  
 49 133.5544   4873.071942  x:  0.17330   0.02320   0.05538   0.02792   0.00623   0.01379   0.00823   0.00607   0.00000   0.16544   0.05771   0.05665   0.16462   0.21440   0.03019   0.03368   0.01996   0.14097   0.10108   0.11931   0.17502   0.47143   2.53830   0.05285   0.07278   0.03932  
 50 139.0377   4872.714703  x:  0.17517   0.01655   0.05590   0.02775   0.00624   0.01370   0.00817   0.00606   0.00000   0.16704   0.05795   0.05447   0.17030   0.22201   0.03017   0.03367   0.02538   0.14168   0.10510   0.12117   0.18795   0.49311   2.60891   0.05205   0.06994   0.03892  
 51 66.0878   4872.588640  x:  0.17480   0.02107   0.05618   0.02788   0.00623   0.01375   0.00817   0.00607   0.00000   0.16428   0.05775   0.05520   0.17146   0.22388   0.03045   0.03358   0.02120   0.14176   0.10341   0.12080   0.19777   0.50160   2.63366   0.05169   0.06946   0.03882  
 52 52.2576   4872.568077  x:  0.17340   0.02142   0.05392   0.02782   0.00622   0.01376   0.00816   0.00608   0.00000   0.16401   0.05796   0.05489   0.17028   0.22249   0.03036   0.03363   0.02163   0.14173   0.10311   0.11940   0.20010   0.50309   2.63753   0.05166   0.07021   0.03891  
 53 14.2075   4872.549922  x:  0.17108   0.02064   0.05531   0.02783   0.00623   0.01374   0.00815   0.00607   0.00000   0.16435   0.05789   0.05588   0.16842   0.21985   0.03041   0.03357   0.02196   0.14166   0.10311   0.11708   0.20256   0.50443   2.64080   0.05163   0.07121   0.03915  
 54 11.1636   4872.510544  x:  0.16955   0.02089   0.05527   0.02782   0.00625   0.01369   0.00807   0.00604   0.00000   0.16396   0.05792   0.05499   0.17149   0.21682   0.03019   0.03371   0.02175   0.14077   0.10309   0.11554   0.20214   0.50462   2.64143   0.05158   0.06654   0.03937  
 55  0.4627   4872.291250  x:  0.16745   0.02065   0.05542   0.02764   0.00636   0.01339   0.00762   0.00588   0.00000   0.16279   0.05809   0.05393   0.18317   0.21285   0.02968   0.03382   0.02158   0.14273   0.10171   0.11343   0.20128   0.50486   2.64336   0.05071   0.07220   0.03959  
 56  4.2231   4870.900778  x:  0.16991   0.01925   0.05476   0.02650   0.00706   0.01157   0.00504   0.00489   0.00000   0.16313   0.05932   0.05686   0.17183   0.22019   0.02849   0.03312   0.02085   0.14674   0.10074   0.11578   0.20235   0.50497   2.65315   0.04446   0.07004   0.03854  
 57  5.5327   4870.863857  x:  0.17021   0.01961   0.05482   0.02646   0.00709   0.01151   0.00498   0.00485   0.00000   0.16320   0.05938   0.05673   0.17173   0.22044   0.02845   0.03312   0.02066   0.14140   0.10234   0.11607   0.20256   0.50497   2.65341   0.04430   0.07119   0.03848  
 58 12.1778   4870.744472  x:  0.17054   0.01970   0.05478   0.02660   0.00749   0.01158   0.00631   0.00421   0.00000   0.16348   0.05924   0.05680   0.17019   0.22128   0.02874   0.03308   0.02080   0.14116   0.10276   0.11640   0.20226   0.50275   2.66025   0.04363   0.07110   0.03840  
 59  0.0180   4870.735707  x:  0.17057   0.01973   0.05476   0.02670   0.00745   0.01166   0.00627   0.00422   0.00000   0.16359   0.05917   0.05671   0.16886   0.22224   0.02889   0.03308   0.02093   0.14117   0.10294   0.11644   0.20119   0.49758   2.67066   0.04395   0.07086   0.03830  
 60  0.0111   4870.735209  x:  0.17065   0.01974   0.05475   0.02669   0.00740   0.01165   0.00626   0.00424   0.00000   0.16352   0.05917   0.05672   0.16911   0.22211   0.02888   0.03308   0.02090   0.14122   0.10290   0.11652   0.20121   0.49708   2.67368   0.04388   0.07090   0.03833  
 61  0.0025   4870.734980  x:  0.17066   0.01974   0.05474   0.02668   0.00737   0.01166   0.00625   0.00419   0.00000   0.16349   0.05917   0.05672   0.16923   0.22200   0.02886   0.03309   0.02090   0.14120   0.10288   0.11652   0.20128   0.49708   2.67454   0.04391   0.07093   0.03834  
 62  0.0004   4870.734815  x:  0.17064   0.01974   0.05474   0.02669   0.00730   0.01167   0.00626   0.00420   0.00000   0.16352   0.05917   0.05672   0.16913   0.22203   0.02887   0.03308   0.02090   0.14119   0.10289   0.11651   0.20130   0.49727   2.67375   0.04391   0.07092   0.03833  
 63  0.0006   4870.734803  x:  0.17064   0.01974   0.05474   0.02669   0.00730   0.01167   0.00626   0.00419   0.00000   0.16353   0.05917   0.05671   0.16911   0.22207   0.02888   0.03308   0.02091   0.14121   0.10289   0.11651   0.20126   0.49725   2.67337   0.04390   0.07090   0.03833  
 64  0.0004   4870.734803  x:  0.17064   0.01974   0.05474   0.02669   0.00730   0.01167   0.00626   0.00419   0.00000   0.16353   0.05916   0.05671   0.16912   0.22208   0.02888   0.03308   0.02090   0.14121   0.10289   0.11650   0.20125   0.49723   2.67331   0.04390   0.07090   0.03833  
 65  0.0001   4870.734803  x:  0.17064   0.01974   0.05474   0.02669   0.00730   0.01167   0.00626   0.00419   0.00000   0.16353   0.05916   0.05671   0.16912   0.22208   0.02888   0.03308   0.02090   0.14121   0.10289   0.11650   0.20126   0.49723   2.67331   0.04390   0.07090   0.03833  
 66  0.0000   4870.734803  x:  0.17064   0.01974   0.05474   0.02669   0.00730   0.01167   0.00626   0.00419   0.00000   0.16353   0.05916   0.05671   0.16912   0.22208   0.02888   0.03308   0.02090   0.14121   0.10289   0.11650   0.20126   0.49723   2.67331   0.04390   0.07090   0.03833  
 67  0.0000   4870.734803  x:  0.17064   0.01974   0.05474   0.02669   0.00730   0.01167   0.00626   0.00419   0.00000   0.16353   0.05916   0.05671   0.16912   0.22208   0.02888   0.03308   0.02090   0.14121   0.10289   0.11650   0.20126   0.49723   2.67331   0.04390   0.07090   0.03833  
 68  0.0000   4870.734803  x:  0.17064   0.01974   0.05474   0.02669   0.00730   0.01167   0.00626   0.00419   0.00000   0.16353   0.05916   0.05671   0.16912   0.22208   0.02888   0.03308   0.02090   0.14121   0.10289   0.11650   0.20126   0.49723   2.67331   0.04390   0.07090   0.03833  