

TREE # 1

  0  0.0000   5645.344556  x:  0.10875   0.00242   0.06890   0.04175   0.02779   0.02608   0.01052   0.02958   0.00000   0.06945   0.08632   0.05551   0.10144   0.08046   0.01601   0.04312   0.04363   0.10837   0.06408   0.04808   0.11120   0.18997   0.20179   0.22862   0.16828   0.23899  
  1 99.0000   5403.188685  x:  0.11856   0.02580   0.07296   0.03377   0.00649   0.01016   0.00000   0.00398   0.11295   0.10399   0.08083   0.05825   0.11458   0.10813   0.02711   0.03630   0.03810   0.11833   0.07976   0.05790   0.11735   0.20442   0.31010   0.14420   0.16744   0.23875  
  2 2797.2772   5370.961179  x:  0.11999   0.02921   0.07355   0.03261   0.00338   0.00784   0.00015   0.00024   0.12943   0.10903   0.08003   0.05866   0.11649   0.11217   0.02873   0.03531   0.03729   0.11979   0.08205   0.05933   0.11825   0.20653   0.32591   0.13187   0.16731   0.23872  
  3 779098.3496   5333.351895  x:  0.12196   0.03340   0.07428   0.03085   0.00021   0.00532   0.00030   0.00771   0.14991   0.11572   0.07886   0.05916   0.11911   0.11762   0.03071   0.03397   0.03610   0.12176   0.08512   0.06130   0.11951   0.20949   0.34735   0.11400   0.16714   0.23867  
  4 23655.3912   5241.828019  x:  0.12734   0.04436   0.07616   0.02593   0.01365   0.00000   0.00068   0.02523   0.20376   0.13374   0.07560   0.06047   0.12623   0.13236   0.03583   0.03036   0.03277   0.12714   0.09341   0.06668   0.12298   0.21763   0.40556   0.06418   0.16667   0.23853  
  5 53855.0287   5203.256682  x:  0.13057   0.05079   0.07727   0.02297   0.02080   0.00646   0.00090   0.03506   0.23552   0.14446   0.07364   0.06126   0.13048   0.14117   0.03881   0.02824   0.03075   0.13035   0.09835   0.06991   0.12507   0.22255   0.44031   0.03416   0.16639   0.23844  
  6 99692.3661   5149.300571  x:  0.14667   0.03408   0.07258   0.00000   0.02153   0.00777   0.00088   0.03516   0.20171   0.16031   0.05928   0.06157   0.14515   0.16374   0.02562   0.03137   0.01692   0.13986   0.10707   0.08601   0.14046   0.25342   0.52729   0.05498   0.16522   0.23770  
  7 831.7876   5116.458478  x:  0.16697   0.01227   0.06685   0.01070   0.02172   0.00887   0.00084   0.03432   0.15418   0.17962   0.04099   0.06176   0.16356   0.19192   0.00881   0.03558   0.00000   0.15172   0.11773   0.10631   0.15996   0.29284   0.63726   0.07567   0.16371   0.23673  
  8 9611.1805   5047.290377  x:  0.18556   0.00000   0.06165   0.01207   0.01761   0.00730   0.00066   0.02749   0.08061   0.19391   0.02513   0.06108   0.18032   0.21646   0.00702   0.04208   0.02353   0.16242   0.12622   0.12490   0.17814   0.33238   0.74407   0.06461   0.16203   0.23569  
  9 3850.2514   5047.290377  x:  0.18556   0.00000   0.06165   0.01207   0.01761   0.00730   0.00066   0.02749   0.08061   0.19391   0.02513   0.06108   0.18032   0.21646   0.00702   0.04208   0.02353   0.16242   0.12622   0.12490   0.17814   0.33238   0.74407   0.06461   0.16203   0.23569  
 10 4248.0418   5031.470242  x:  0.18505   0.00495   0.06226   0.01470   0.01476   0.01053   0.05016   0.02264   0.07694   0.19342   0.02899   0.06067   0.17999   0.21610   0.01423   0.04203   0.02510   0.16194   0.12550   0.12439   0.17770   0.33272   0.74728   0.04912   0.16195   0.23563  
 11 4085.4177   5018.035704  x:  0.18446   0.00843   0.06277   0.01721   0.01038   0.01171   0.04749   0.01473   0.07076   0.19267   0.03387   0.05997   0.17958   0.21565   0.01867   0.04125   0.02628   0.16122   0.12433   0.12379   0.17725   0.33358   0.75238   0.03224   0.16183   0.23555  
 12 1096.0912   5008.488096  x:  0.18385   0.01286   0.06334   0.02015   0.00491   0.01324   0.04661   0.00202   0.05995   0.19148   0.04064   0.05892   0.17912   0.21520   0.02428   0.03982   0.02755   0.16016   0.12244   0.12319   0.17691   0.33558   0.76090   0.03453   0.16160   0.23541  
 13 873.1699   4986.173058  x:  0.18048   0.03081   0.06483   0.03061   0.00720   0.02005   0.04304   0.00987   0.00000   0.18440   0.07059   0.05331   0.17659   0.21270   0.04576   0.03117   0.03071   0.15436   0.11210   0.11982   0.17501   0.34646   0.80753   0.04008   0.16027   0.23469  
 14 890.4244   4986.173058  x:  0.18048   0.03081   0.06483   0.03061   0.00720   0.02005   0.04304   0.00987   0.00000   0.18440   0.07059   0.05331   0.17659   0.21270   0.04576   0.03117   0.03071   0.15436   0.11210   0.11982   0.17501   0.34646   0.80753   0.04008   0.16027   0.23469  
 15 476.6733   4978.477153  x:  0.17996   0.02751   0.06371   0.02880   0.00674   0.01495   0.03093   0.00171   0.00028   0.18328   0.06909   0.05336   0.17644   0.21239   0.04129   0.03034   0.02758   0.15379   0.11111   0.11930   0.17470   0.34783   0.81382   0.03438   0.16008   0.23459  
 16 595.0776   4968.271971  x:  0.17905   0.02118   0.06161   0.02549   0.00679   0.00663   0.00647   0.00454   0.00073   0.18105   0.06614   0.05352   0.17623   0.21186   0.03262   0.02906   0.02166   0.15270   0.10919   0.11839   0.17421   0.35080   0.82672   0.03407   0.15968   0.23439  
 17 1430.8165   4967.178946  x:  0.17888   0.02018   0.06130   0.02511   0.00735   0.00792   0.00347   0.00349   0.00087   0.18057   0.06560   0.05359   0.17621   0.21176   0.03113   0.02908   0.02081   0.15250   0.10883   0.11821   0.17412   0.35150   0.82964   0.03599   0.15959   0.23434  
 18 772.7648   4962.158859  x:  0.17689   0.01053   0.05821   0.02155   0.00877   0.01003   0.00654   0.00309   0.00235   0.17551   0.06010   0.05428   0.17584   0.21058   0.01639   0.02953   0.01281   0.15034   0.10510   0.11623   0.17303   0.35855   0.86028   0.03830   0.15859   0.23382  
 19 442.3738   4952.138503  x:  0.17123   0.00981   0.05612   0.02503   0.00447   0.02027   0.00431   0.00703   0.00415   0.16112   0.04872   0.05701   0.17517   0.20708   0.00938   0.04223   0.01990   0.14546   0.09716   0.11057   0.16979   0.37940   0.95313   0.03106   0.15549   0.23224  
 20 675.2758   4931.660460  x:  0.15982   0.01002   0.05262   0.03100   0.00366   0.00902   0.00667   0.00277   0.00524   0.13233   0.02930   0.06186   0.17397   0.20015   0.01296   0.06497   0.03405   0.13580   0.08185   0.09915   0.16358   0.42337   1.14931   0.04185   0.14887   0.22892  
 21 3620.5451   4923.814232  x:  0.15320   0.00862   0.05228   0.03144   0.02904   0.00745   0.00683   0.00416   0.00492   0.11899   0.03850   0.06322   0.17308   0.19612   0.02249   0.06933   0.03695   0.13107   0.07650   0.09253   0.16053   0.45229   1.28371   0.03853   0.14426   0.22660  
 22 2317.1579   4908.659707  x:  0.15072   0.00985   0.05666   0.02763   0.02007   0.00886   0.00706   0.00393   0.00000   0.12066   0.06356   0.06224   0.17247   0.19426   0.02797   0.05738   0.03458   0.13119   0.08248   0.09006   0.16060   0.47421   1.39293   0.04046   0.14051   0.22451  
 23 1300.1635   4901.877065  x:  0.15440   0.01698   0.06178   0.03052   0.01708   0.01110   0.00703   0.00455   0.02321   0.14081   0.05877   0.05755   0.17222   0.19597   0.03792   0.02910   0.02882   0.13719   0.09576   0.09373   0.16598   0.48877   1.48663   0.04034   0.13702   0.22251  
 24 704.7771   4898.324216  x:  0.15985   0.02240   0.06160   0.02469   0.01887   0.01370   0.00710   0.00535   0.01143   0.15743   0.04529   0.05353   0.17192   0.19974   0.04408   0.01937   0.02384   0.14243   0.10366   0.09919   0.17200   0.49126   1.52680   0.03865   0.13537   0.22142  
 25 409.3609   4896.517476  x:  0.16761   0.02519   0.05901   0.03129   0.02032   0.01277   0.00700   0.00521   0.00798   0.17650   0.04371   0.05064   0.17216   0.20629   0.04338   0.03023   0.01573   0.14808   0.10964   0.10694   0.18005   0.48768   1.55238   0.03840   0.13420   0.22039  
 26 222.0230   4895.977355  x:  0.17218   0.02896   0.05576   0.03230   0.02237   0.01115   0.00720   0.00476   0.00700   0.18179   0.04513   0.05210   0.17338   0.21109   0.03754   0.02945   0.02094   0.14911   0.10696   0.11152   0.18477   0.48131   1.56095   0.03910   0.13373   0.21968  
 27 95.7689   4895.408077  x:  0.17893   0.02607   0.05036   0.02951   0.02049   0.01225   0.00716   0.00498   0.00866   0.18308   0.04654   0.05505   0.17622   0.21922   0.04159   0.02889   0.02134   0.14759   0.09770   0.11826   0.19198   0.46478   1.57163   0.03884   0.13311   0.21804  
 28 74.1593   4895.003761  x:  0.18262   0.02380   0.05633   0.03439   0.02038   0.01230   0.00709   0.00503   0.00674   0.17727   0.04597   0.05402   0.17786   0.22440   0.04169   0.02658   0.02048   0.14639   0.09718   0.12196   0.19638   0.44250   1.58124   0.03893   0.13242   0.21585  
 29 59.2195   4894.680899  x:  0.18331   0.02379   0.05831   0.02962   0.02057   0.01212   0.00712   0.00499   0.00885   0.17300   0.04603   0.05114   0.17816   0.22624   0.04099   0.02892   0.02202   0.14667   0.10276   0.12265   0.19771   0.42028   1.58966   0.03937   0.13175   0.21344  
 30 79.7675   4894.523942  x:  0.18093   0.02382   0.05311   0.03160   0.02037   0.01225   0.00712   0.00502   0.00824   0.17291   0.04610   0.05024   0.17724   0.22417   0.04126   0.02796   0.02204   0.14685   0.10480   0.12026   0.19547   0.40702   1.59412   0.03965   0.13137   0.21149  
 31 44.4496   4894.428444  x:  0.17816   0.02554   0.05449   0.03127   0.02047   0.01220   0.00713   0.00502   0.00808   0.17631   0.04599   0.05364   0.17646   0.22093   0.04099   0.02823   0.02072   0.14694   0.10249   0.11750   0.19225   0.39783   1.59711   0.03991   0.13107   0.20932  
 32 28.7239   4894.408116  x:  0.17842   0.02495   0.05518   0.03116   0.02043   0.01218   0.00713   0.00501   0.00809   0.17738   0.04612   0.05154   0.17566   0.21923   0.04094   0.02833   0.02136   0.14700   0.10086   0.11776   0.19139   0.39671   1.59768   0.03998   0.13093   0.20758  
 33  6.9750   4894.304336  x:  0.18265   0.02002   0.05585   0.03148   0.02051   0.01206   0.00710   0.00501   0.00770   0.17853   0.04600   0.05436   0.17520   0.21329   0.04136   0.02850   0.02451   0.14786   0.10243   0.12198   0.18768   0.39585   1.60013   0.03997   0.13002   0.19254  
 34  6.5902   4893.759052  x:  0.19487   0.02966   0.05316   0.03070   0.02011   0.01171   0.00704   0.00496   0.00781   0.17219   0.04711   0.05528   0.17367   0.20440   0.04043   0.02821   0.01734   0.14700   0.10216   0.13421   0.17526   0.39675   1.61126   0.04014   0.12574   0.11059  
 35 29.1897   4893.207761  x:  0.19349   0.02795   0.05388   0.03059   0.01986   0.01144   0.00697   0.00493   0.00729   0.17370   0.04737   0.05427   0.17443   0.21014   0.04035   0.02817   0.01842   0.14622   0.10259   0.13283   0.17082   0.39853   1.61999   0.04024   0.12339   0.04465  
 36 85.4244   4892.904456  x:  0.18965   0.02844   0.05351   0.03038   0.01949   0.01130   0.00692   0.00491   0.00704   0.17202   0.04793   0.05557   0.17434   0.19992   0.04027   0.02813   0.01776   0.14931   0.10216   0.12899   0.18903   0.39972   1.62710   0.04029   0.12706   0.03070  
 37  7.9225   4889.469638  x:  0.18581   0.02751   0.05441   0.02837   0.01614   0.00982   0.00643   0.00472   0.00339   0.17904   0.05184   0.05669   0.16134   0.19729   0.03918   0.02786   0.01711   0.10954   0.11135   0.12516   0.20172   0.41151   1.71201   0.04140   0.16689   0.03875  
 38  8.1225   4884.465671  x:  0.18170   0.02500   0.05513   0.02643   0.01236   0.00864   0.00593   0.00457   0.00000   0.17640   0.05618   0.05669   0.15818   0.20281   0.03878   0.02683   0.01568   0.12279   0.11041   0.12106   0.20049   0.42279   1.79345   0.04229   0.20308   0.05157  
 39 179.2703   4884.465671  x:  0.18170   0.02500   0.05513   0.02643   0.01236   0.00864   0.00593   0.00457   0.00000   0.17640   0.05618   0.05669   0.15818   0.20281   0.03878   0.02683   0.01568   0.12279   0.11041   0.12106   0.20049   0.42279   1.79345   0.04229   0.20308   0.05157  
 40 44.6706   4883.495964  x:  0.18104   0.02477   0.05538   0.02693   0.00711   0.01262   0.00776   0.00368   0.00059   0.17531   0.05725   0.05689   0.15926   0.20335   0.03575   0.02832   0.01698   0.12478   0.10978   0.12039   0.19977   0.42334   1.79468   0.04317   0.20291   0.05183  
 41 214.5650   4883.151154  x:  0.18029   0.02432   0.05549   0.02710   0.00588   0.01343   0.00639   0.00569   0.00048   0.17414   0.05806   0.05700   0.16042   0.20389   0.03284   0.02969   0.01800   0.12686   0.10903   0.11965   0.19898   0.42391   1.79605   0.04260   0.20271   0.05213  
 42 198.0519   4882.468482  x:  0.17876   0.02323   0.05564   0.02727   0.00702   0.01375   0.00527   0.00461   0.00000   0.17176   0.05949   0.05712   0.16281   0.20499   0.02740   0.03228   0.01976   0.13102   0.10748   0.11811   0.19736   0.42513   1.79896   0.04226   0.20225   0.05280  
 43 307.8605   4882.116065  x:  0.17732   0.02191   0.05569   0.02719   0.00769   0.01207   0.00748   0.00541   0.00000   0.16960   0.06046   0.05706   0.16502   0.20598   0.02401   0.03426   0.02082   0.13462   0.10605   0.11668   0.19584   0.42632   1.80184   0.04273   0.20179   0.05345  
 44 338.6041   4881.871817  x:  0.17591   0.02024   0.05570   0.02681   0.00634   0.01002   0.00700   0.00476   0.00000   0.16765   0.06068   0.05666   0.16714   0.20690   0.02450   0.03531   0.02092   0.13751   0.10473   0.11526   0.19434   0.42762   1.80506   0.04321   0.20127   0.05417  
 45 148.0854   4881.295295  x:  0.17155   0.01543   0.05590   0.02577   0.00709   0.01173   0.00725   0.00507   0.00000   0.16194   0.06053   0.05503   0.17351   0.20964   0.02961   0.03669   0.02076   0.14540   0.10096   0.11090   0.18966   0.43185   1.81580   0.04288   0.19953   0.05654  
 46 229.9414   4880.845116  x:  0.16783   0.01773   0.05771   0.02764   0.00714   0.01165   0.00718   0.00513   0.00000   0.15833   0.05885   0.05316   0.17875   0.21195   0.03133   0.03024   0.02410   0.14944   0.09916   0.10718   0.18548   0.43687   1.82934   0.04351   0.19728   0.05945  
 47 108.9514   4880.739978  x:  0.16711   0.01802   0.05786   0.02747   0.00682   0.01150   0.00754   0.00485   0.00000   0.15820   0.05851   0.05270   0.17960   0.21241   0.03104   0.02947   0.02360   0.14916   0.09923   0.10647   0.18461   0.43848   1.83413   0.04194   0.19648   0.06042  
 48 100.9615   4879.725980  x:  0.16155   0.02004   0.05824   0.02434   0.00635   0.01251   0.00717   0.00490   0.00000   0.15987   0.05615   0.04867   0.18616   0.21655   0.02674   0.02707   0.01484   0.14228   0.10179   0.10090   0.17738   0.45538   1.88488   0.04334   0.18795   0.07056  
 49 272.7146   4878.319314  x:  0.15570   0.02900   0.05901   0.02805   0.00655   0.01229   0.00732   0.00487   0.00000   0.16409   0.05721   0.04515   0.19349   0.22199   0.02839   0.03632   0.01291   0.13127   0.10667   0.09506   0.16885   0.48145   1.96642   0.04313   0.17422   0.08650  
 50 480.8135   4876.084446  x:  0.16337   0.02082   0.05051   0.02033   0.00648   0.01238   0.00737   0.00479   0.00000   0.17076   0.06666   0.05193   0.19026   0.22456   0.03042   0.03294   0.02635   0.12683   0.10870   0.10273   0.17327   0.51998   2.10907   0.04290   0.15024   0.11225  
 51 227.5682   4874.713557  x:  0.17113   0.01218   0.04971   0.03085   0.00643   0.01233   0.00721   0.00479   0.00000   0.17268   0.06668   0.05531   0.18421   0.22409   0.02986   0.03056   0.02571   0.12914   0.10736   0.11048   0.18038   0.54181   2.20100   0.04265   0.13499   0.12821  
 52 578.5851   4873.168621  x:  0.18173   0.01514   0.05862   0.02827   0.00615   0.01268   0.00735   0.00472   0.00000   0.17050   0.05500   0.05738   0.17352   0.22073   0.02967   0.03399   0.02388   0.13904   0.10301   0.12108   0.19300   0.56050   2.30203   0.04234   0.11879   0.14487  
 53 430.3647   4872.722723  x:  0.18282   0.02193   0.05621   0.02753   0.00630   0.01255   0.00729   0.00477   0.00000   0.16537   0.06212   0.05389   0.16961   0.21615   0.03062   0.03293   0.01836   0.14337   0.10150   0.12217   0.19932   0.55721   2.33464   0.04245   0.11536   0.14875  
 54 92.1868   4872.226547  x:  0.17873   0.02394   0.04713   0.02818   0.00640   0.01238   0.00721   0.00487   0.00000   0.15923   0.05725   0.05624   0.17019   0.20927   0.03047   0.03352   0.01831   0.14237   0.10376   0.11808   0.20706   0.53790   2.37450   0.04297   0.11475   0.15092  
 55 62.5393   4871.523979  x:  0.17114   0.02059   0.05523   0.02762   0.00708   0.01147   0.00696   0.00513   0.00000   0.15797   0.05958   0.06197   0.17386   0.20240   0.03118   0.03267   0.01901   0.13785   0.10538   0.11049   0.21753   0.50005   2.43578   0.04383   0.11623   0.15259  
 56 131.1547   4871.223971  x:  0.16970   0.01866   0.05490   0.02755   0.00719   0.01130   0.00689   0.00518   0.00000   0.16519   0.05853   0.05373   0.17277   0.20611   0.03091   0.03294   0.02151   0.13843   0.10208   0.10906   0.21844   0.47998   2.46298   0.04428   0.11888   0.15191  
 57 67.9830   4871.085111  x:  0.17254   0.02077   0.05338   0.02768   0.00716   0.01136   0.00693   0.00516   0.00000   0.16716   0.05869   0.05697   0.17286   0.21495   0.03130   0.03255   0.01955   0.14088   0.10294   0.11189   0.21391   0.46815   2.47719   0.04440   0.12280   0.14954  
 58 30.1521   4871.018229  x:  0.17635   0.01993   0.05419   0.02761   0.00703   0.01152   0.00698   0.00510   0.00000   0.16270   0.05881   0.05510   0.17272   0.21631   0.03095   0.03284   0.02032   0.13875   0.10393   0.11571   0.20805   0.46249   2.48493   0.04456   0.12725   0.14604  
 59 17.1411   4870.980589  x:  0.17787   0.02041   0.05389   0.02769   0.00684   0.01177   0.00705   0.00501   0.00000   0.16412   0.05884   0.05617   0.17349   0.21185   0.03081   0.03294   0.02007   0.13939   0.10199   0.11723   0.20280   0.46064   2.49029   0.04472   0.13269   0.14069  
 60 10.1092   4870.964192  x:  0.17756   0.02014   0.05413   0.02767   0.00680   0.01183   0.00708   0.00499   0.00000   0.16476   0.05888   0.05579   0.17293   0.21079   0.03082   0.03292   0.02017   0.14089   0.10437   0.11692   0.20209   0.46110   2.49311   0.04475   0.13668   0.13585  
 61  8.2861   4870.886812  x:  0.17459   0.02017   0.05428   0.02769   0.00667   0.01200   0.00717   0.00489   0.00000   0.16362   0.05893   0.05623   0.17019   0.21309   0.03060   0.03300   0.02048   0.14019   0.10283   0.11394   0.20584   0.46694   2.50724   0.04478   0.15881   0.10586  
 62 14.2020   4870.866380  x:  0.17583   0.02050   0.05412   0.02767   0.00677   0.01187   0.00715   0.00492   0.00000   0.16402   0.05882   0.05534   0.17397   0.21341   0.03062   0.03302   0.02021   0.14014   0.10308   0.11519   0.20794   0.46878   2.51097   0.04464   0.16379   0.09644  
 63 12.1625   4870.855701  x:  0.17620   0.02054   0.05415   0.02759   0.00707   0.01148   0.00705   0.00503   0.00000   0.16403   0.05866   0.05549   0.17301   0.21322   0.03084   0.03281   0.02004   0.13999   0.10310   0.11555   0.20583   0.46986   2.51290   0.04460   0.16312   0.08933  
 64  2.8034   4870.842931  x:  0.17580   0.02049   0.05419   0.02761   0.00689   0.01170   0.00709   0.00494   0.00000   0.16399   0.05877   0.05543   0.17325   0.21342   0.03066   0.03288   0.02017   0.14012   0.10315   0.11515   0.20539   0.46922   2.51551   0.04466   0.15472   0.07929  
 65  1.6420   4870.358333  x:  0.17513   0.01947   0.05495   0.02682   0.00736   0.01193   0.00632   0.00393   0.00000   0.16328   0.05887   0.05398   0.17891   0.21945   0.02812   0.03324   0.02107   0.14300   0.10184   0.11450   0.19827   0.49467   2.62756   0.04403   0.12954   0.11202  
 66  0.1781   4870.316814  x:  0.17406   0.01992   0.05461   0.02676   0.00748   0.01186   0.00633   0.00431   0.00000   0.16328   0.05889   0.05397   0.17963   0.21946   0.02814   0.03327   0.02074   0.14217   0.10218   0.11343   0.20072   0.49715   2.66354   0.04393   0.14650   0.11333  
 67  0.0443   4870.312890  x:  0.17384   0.02014   0.05442   0.02680   0.00740   0.01190   0.00641   0.00431   0.00000   0.16339   0.05893   0.05405   0.17954   0.21914   0.02832   0.03328   0.02055   0.14171   0.10245   0.11322   0.20110   0.49680   2.67455   0.04396   0.14168   0.11521  
 68  0.0120   4870.312777  x:  0.17396   0.02011   0.05441   0.02680   0.00738   0.01190   0.00640   0.00428   0.00000   0.16340   0.05893   0.05404   0.17948   0.21916   0.02835   0.03328   0.02056   0.14171   0.10243   0.11334   0.20104   0.49699   2.67547   0.04397   0.14189   0.11555  
 69  0.0011   4870.312773  x:  0.17398   0.02010   0.05442   0.02680   0.00738   0.01190   0.00640   0.00428   0.00000   0.16340   0.05893   0.05405   0.17947   0.21917   0.02836   0.03328   0.02057   0.14172   0.10242   0.11336   0.20101   0.49703   2.67546   0.04397   0.14179   0.11574  
 70  0.0002   4870.312772  x:  0.17398   0.02010   0.05442   0.02680   0.00738   0.01190   0.00640   0.00428   0.00000   0.16340   0.05893   0.05405   0.17947   0.21916   0.02835   0.03327   0.02058   0.14172   0.10242   0.11335   0.20103   0.49702   2.67544   0.04397   0.14181   0.11586  
 71  0.0001   4870.312772  x:  0.17398   0.02010   0.05442   0.02680   0.00738   0.01190   0.00640   0.00428   0.00000   0.16340   0.05893   0.05405   0.17947   0.21916   0.02835   0.03328   0.02057   0.14172   0.10242   0.11335   0.20103   0.49702   2.67543   0.04397   0.14181   0.11587  
 72  0.0000   4870.312772  x:  0.17398   0.02010   0.05442   0.02680   0.00738   0.01190   0.00640   0.00428   0.00000   0.16340   0.05893   0.05405   0.17947   0.21916   0.02835   0.03328   0.02057   0.14172   0.10242   0.11335   0.20102   0.49702   2.67543   0.04397   0.14181   0.11587  
 73  0.0000   4870.312772  x:  0.17398   0.02010   0.05442   0.02680   0.00738   0.01190   0.00640   0.00428   0.00000   0.16340   0.05893   0.05405   0.17947   0.21916   0.02835   0.03328   0.02057   0.14172   0.10242   0.11335   0.20102   0.49702   2.67543   0.04397   0.14181   0.11587  
 74  0.0000   4870.312772  x:  0.17398   0.02010   0.05442   0.02680   0.00738   0.01190   0.00640   0.00428   0.00000   0.16340   0.05893   0.05405   0.17947   0.21916   0.02835   0.03328   0.02057   0.14172   0.10242   0.11335   0.20102   0.49702   2.67543   0.04397   0.14181   0.11587  