

TREE # 1

  0  0.0000   5623.287960  x:  0.00451   0.08934   0.03799   0.02242   0.03838   0.02290   0.03275   0.00000   0.09685   0.07288   0.02287   0.11953   0.12397   0.03268   0.02992   0.03081   0.11015   0.08887   0.15059   0.09724   0.22972   0.19827   0.23663   0.18111  
  1 99.0000   5415.842857  x:  0.02502   0.08780   0.02982   0.00038   0.01678   0.00000   0.00430   0.11854   0.11630   0.07048   0.05112   0.12899   0.13572   0.02355   0.03219   0.03331   0.12009   0.09347   0.16229   0.10768   0.23846   0.31786   0.16416   0.15853  
  2 2635.0396   5413.196676  x:  0.02526   0.08778   0.02973   0.00013   0.01653   0.00003   0.00397   0.11992   0.11653   0.07045   0.05145   0.12911   0.13586   0.02345   0.03222   0.03334   0.12020   0.09352   0.16243   0.10780   0.23856   0.31926   0.16331   0.15827  
  3 166115.0528   5384.686023  x:  0.02792   0.08756   0.02862   0.00249   0.01370   0.00014   0.00028   0.13534   0.11911   0.07012   0.05515   0.13036   0.13742   0.02225   0.03252   0.03364   0.12153   0.09413   0.16400   0.10919   0.23974   0.33517   0.15351   0.15523  
  4 63605.7607   5290.861236  x:  0.04015   0.08611   0.02229   0.01259   0.00000   0.00058   0.02756   0.20740   0.13237   0.06813   0.07286   0.13678   0.14551   0.01667   0.03391   0.03458   0.12829   0.09735   0.17229   0.11651   0.24604   0.41679   0.09950   0.13883  
  5 19449.1608   5209.745354  x:  0.05382   0.08438   0.01486   0.02360   0.01608   0.00106   0.05746   0.28893   0.14764   0.06575   0.09294   0.14415   0.15486   0.01064   0.03547   0.03542   0.13607   0.10109   0.18198   0.12501   0.25346   0.51104   0.03563   0.11957  
  6 52541.2673   5165.386581  x:  0.03683   0.07608   0.00000   0.02237   0.01519   0.00100   0.05449   0.25931   0.15951   0.05436   0.08415   0.14648   0.16197   0.05994   0.03571   0.02038   0.14158   0.10532   0.19987   0.13949   0.27341   0.57849   0.02467   0.08128  
  7 889.9542   5146.407163  x:  0.02226   0.06898   0.00673   0.02143   0.01463   0.00096   0.05240   0.23398   0.17003   0.04442   0.07668   0.14861   0.16830   0.10150   0.03567   0.00749   0.14648   0.10905   0.21564   0.15224   0.29101   0.63851   0.01840   0.04745  
  8 17009.9232   5122.468532  x:  0.01440   0.06453   0.00776   0.02148   0.01534   0.00096   0.05285   0.22034   0.17779   0.03791   0.07284   0.15054   0.17318   0.12584   0.03506   0.00111   0.15017   0.11171   0.22676   0.16118   0.30335   0.68365   0.02986   0.02442  
  9 9466.9739   5090.008524  x:  0.01557   0.05773   0.01071   0.01994   0.01539   0.00089   0.04981   0.15958   0.19614   0.02434   0.06010   0.15749   0.18842   0.17094   0.02783   0.05670   0.15967   0.11886   0.25647   0.18364   0.33788   0.80166   0.04093   0.01234  
 10 1952.4747   5057.945115  x:  0.00651   0.04968   0.01378   0.01825   0.01543   0.00081   0.04645   0.09555   0.21568   0.01533   0.04748   0.16553   0.20569   0.21441   0.01984   0.08088   0.16861   0.12461   0.28786   0.20730   0.37475   0.93379   0.05396   0.04881  
 11 4611.7908   5015.796580  x:  0.00000   0.05245   0.01332   0.01559   0.01386   0.00069   0.04028   0.03249   0.22168   0.05519   0.04516   0.17075   0.21710   0.19783   0.00930   0.08290   0.16837   0.12120   0.30332   0.21645   0.39626   1.02501   0.05395   0.05033  
 12 1276.4376   4996.987514  x:  0.00000   0.05441   0.01260   0.01408   0.01288   0.00062   0.03673   0.00000   0.21929   0.05298   0.04651   0.17260   0.22198   0.17837   0.01649   0.08034   0.16668   0.11801   0.30834   0.21832   0.40474   1.06658   0.05245   0.04924  
 13 1807.2553   4996.987514  x:  0.00000   0.05441   0.01260   0.01408   0.01288   0.00062   0.03673   0.00000   0.21929   0.05298   0.04651   0.17260   0.22198   0.17837   0.01649   0.08034   0.16668   0.11801   0.30834   0.21832   0.40474   1.06658   0.05245   0.04924  
 14 188.2687   4990.914496  x:  0.00000   0.05452   0.01409   0.01327   0.01289   0.01454   0.03512   0.00076   0.21891   0.05335   0.04668   0.17258   0.22195   0.17717   0.01650   0.07968   0.16647   0.11776   0.30820   0.21812   0.40473   1.06710   0.04976   0.04854  
 15 3459.1272   4976.658520  x:  0.00000   0.05528   0.02326   0.00740   0.01148   0.01385   0.02230   0.00456   0.21597   0.05580   0.04795   0.17242   0.22171   0.16793   0.01664   0.07468   0.16489   0.11592   0.30718   0.21660   0.40472   1.07110   0.03160   0.04341  
 16 941.3617   4964.522475  x:  0.00000   0.05626   0.03033   0.00369   0.01120   0.01382   0.00271   0.00476   0.21158   0.05811   0.05013   0.17218   0.22139   0.15334   0.01696   0.06709   0.16265   0.11330   0.30611   0.21480   0.40538   1.07718   0.03533   0.03746  
 17 963.8896   4961.814439  x:  0.00000   0.05671   0.03259   0.00797   0.01188   0.01379   0.00084   0.00385   0.20904   0.05897   0.05120   0.17210   0.22127   0.14482   0.01728   0.06281   0.16140   0.11185   0.30547   0.21374   0.40575   1.08076   0.03531   0.03582  
 18 786.2393   4947.235547  x:  0.00000   0.05956   0.04864   0.01532   0.01373   0.01350   0.00400   0.00000   0.19386   0.06472   0.05784   0.17154   0.22044   0.09381   0.01903   0.03710   0.15388   0.10313   0.30165   0.20740   0.40800   1.10220   0.03917   0.02393  
 19 3473.8597   4933.975138  x:  0.00000   0.06247   0.05533   0.01571   0.01214   0.01347   0.00421   0.00000   0.17785   0.06777   0.06358   0.17160   0.21999   0.03808   0.02278   0.01339   0.14644   0.09516   0.29736   0.20036   0.41055   1.12631   0.04033   0.03878  
 20 1852.2895   4929.948719  x:  0.00000   0.06491   0.05012   0.01510   0.01073   0.01358   0.00402   0.00000   0.17110   0.06627   0.06564   0.17159   0.21894   0.01685   0.02879   0.02035   0.14433   0.09435   0.29513   0.19673   0.41197   1.13928   0.03955   0.03702  
 21 516.5713   4926.561425  x:  0.02429   0.06446   0.04831   0.01476   0.01395   0.01350   0.00399   0.00000   0.16863   0.06603   0.06492   0.17167   0.21815   0.02814   0.03256   0.01474   0.14344   0.09419   0.29403   0.19498   0.41275   1.14646   0.03986   0.03733  
 22 333.7993   4923.156307  x:  0.02747   0.05988   0.03120   0.01274   0.01161   0.01372   0.00336   0.00000   0.16007   0.06181   0.06168   0.17161   0.21461   0.02807   0.03732   0.00500   0.14090   0.09555   0.28955   0.18813   0.41574   1.17420   0.03809   0.03181  
 23 280.8428   4915.083693  x:  0.02398   0.04374   0.01833   0.01338   0.02341   0.01316   0.00359   0.00000   0.13230   0.06277   0.04890   0.17308   0.20164   0.02917   0.03124   0.01381   0.13314   0.10175   0.27232   0.16139   0.42846   1.29257   0.04245   0.03539  
 24 344.5964   4911.716849  x:  0.02263   0.04326   0.01851   0.01683   0.01294   0.01307   0.00413   0.01350   0.12544   0.06164   0.04476   0.17431   0.19605   0.03238   0.03151   0.01735   0.13168   0.10536   0.26435   0.14959   0.43520   1.35718   0.04585   0.03769  
 25 821.2433   4908.272917  x:  0.02092   0.05104   0.02007   0.01932   0.00459   0.01304   0.00451   0.00648   0.12780   0.05783   0.04570   0.17544   0.19365   0.03448   0.03314   0.01849   0.13276   0.10762   0.25956   0.14341   0.44058   1.41220   0.04800   0.03922  
 26 650.1403   4901.331073  x:  0.01200   0.08185   0.02024   0.01940   0.01272   0.01275   0.00470   0.00645   0.14607   0.04402   0.05384   0.17869   0.18962   0.03190   0.04569   0.01768   0.13952   0.11391   0.24855   0.13130   0.45565   1.57152   0.04988   0.04190  
 27 1278.0732   4892.495661  x:  0.01786   0.08078   0.01355   0.01665   0.01246   0.01310   0.00416   0.00593   0.18958   0.07206   0.05586   0.17835   0.19608   0.03483   0.02523   0.01553   0.15283   0.11015   0.25171   0.15004   0.47124   1.76926   0.04655   0.03964  
 28 469.5672   4884.579737  x:  0.01768   0.04760   0.03352   0.01348   0.01280   0.01347   0.00377   0.00000   0.20904   0.06978   0.04939   0.17415   0.20680   0.03340   0.04100   0.01747   0.15772   0.10170   0.26205   0.18044   0.48541   1.96962   0.04314   0.03906  
 29 679.1361   4881.798568  x:  0.01838   0.05089   0.03758   0.01128   0.01303   0.01372   0.00339   0.00000   0.19479   0.05631   0.05623   0.17437   0.21572   0.03769   0.02508   0.01907   0.14974   0.09521   0.27300   0.19977   0.48688   2.03003   0.04041   0.03788  
 30 229.0562   4880.753916  x:  0.01425   0.05875   0.03671   0.01070   0.01299   0.01382   0.00332   0.00000   0.17883   0.06491   0.06155   0.17485   0.22174   0.03826   0.03079   0.02078   0.14316   0.09410   0.28113   0.21220   0.48576   2.06040   0.03947   0.03824  
 31 160.4116   4880.577330  x:  0.01465   0.06007   0.03685   0.01094   0.01309   0.01378   0.00336   0.00000   0.17676   0.06453   0.05808   0.17426   0.22344   0.03780   0.03049   0.01988   0.14572   0.10158   0.28653   0.21902   0.48188   2.06462   0.03975   0.03822  
 32 30.8520   4880.483537  x:  0.01440   0.05902   0.03518   0.01141   0.01299   0.01371   0.00344   0.00000   0.17810   0.06278   0.05830   0.17490   0.22468   0.03760   0.03166   0.02032   0.14672   0.09882   0.29210   0.22468   0.47494   2.06636   0.04040   0.03845  
 33 15.8204   4880.436479  x:  0.01450   0.05829   0.03540   0.01138   0.01296   0.01371   0.00343   0.00000   0.17924   0.06291   0.05965   0.17611   0.22216   0.03762   0.03159   0.02028   0.14391   0.10029   0.29420   0.22250   0.46229   2.06897   0.04058   0.03853  
 34  6.7737   4880.413812  x:  0.01448   0.05925   0.03559   0.01127   0.01303   0.01372   0.00342   0.00000   0.17854   0.06316   0.05790   0.17534   0.22163   0.03760   0.03147   0.02030   0.14525   0.09887   0.29486   0.22048   0.45566   2.07057   0.04064   0.03849  
 35 12.6389   4880.404352  x:  0.01446   0.05873   0.03560   0.01126   0.01300   0.01372   0.00342   0.00000   0.17792   0.06321   0.05914   0.17495   0.22311   0.03768   0.03140   0.02028   0.14694   0.09906   0.29476   0.21925   0.45359   2.07119   0.04066   0.03849  
 36  4.8632   4880.369318  x:  0.01450   0.05880   0.03540   0.01122   0.01299   0.01371   0.00341   0.00000   0.17891   0.06307   0.05759   0.17379   0.22965   0.03765   0.03141   0.02040   0.14445   0.09948   0.29452   0.21680   0.45185   2.07317   0.04081   0.03834  
 37  2.1258   4879.558614  x:  0.01559   0.05790   0.03559   0.00986   0.01317   0.01345   0.00321   0.00000   0.17449   0.06260   0.04928   0.20658   0.23899   0.03612   0.03150   0.01962   0.14727   0.09833   0.30043   0.20645   0.45675   2.12466   0.04141   0.03809  
 38  2.7229   4874.584521  x:  0.01910   0.05247   0.03207   0.00450   0.01283   0.01190   0.00268   0.00000   0.15592   0.05807   0.05607   0.17603   0.21757   0.03089   0.03135   0.01835   0.13938   0.09938   0.32085   0.18204   0.48844   2.41184   0.04492   0.04653  
 39 49.0634   4874.204117  x:  0.01926   0.05302   0.03165   0.00422   0.01289   0.01175   0.00267   0.00000   0.15314   0.05717   0.05493   0.17774   0.21833   0.03044   0.03149   0.01843   0.13861   0.09945   0.28666   0.20078   0.48113   2.43409   0.04578   0.04713  
 40 18.3170   4872.907169  x:  0.01963   0.05296   0.02743   0.00931   0.01165   0.01063   0.00391   0.00000   0.15632   0.05615   0.05521   0.17251   0.21230   0.02805   0.03307   0.01964   0.13910   0.10176   0.27913   0.19990   0.48875   2.54428   0.04545   0.05186  
 41  0.1828   4872.906912  x:  0.01963   0.05296   0.02743   0.00932   0.01165   0.01063   0.00391   0.00013   0.15632   0.05615   0.05521   0.17251   0.21229   0.02804   0.03307   0.01964   0.13910   0.10176   0.27913   0.19990   0.48876   2.54437   0.04545   0.05187  
 42  4.9724   4872.649864  x:  0.01967   0.05321   0.02667   0.00889   0.01157   0.01029   0.00392   0.00000   0.15935   0.05668   0.05486   0.17389   0.21262   0.02771   0.03359   0.02004   0.14019   0.10229   0.28163   0.19904   0.49071   2.57000   0.04495   0.05179  
 43  0.0875   4872.649864  x:  0.01967   0.05321   0.02667   0.00889   0.01157   0.01029   0.00392   0.00000   0.15935   0.05668   0.05486   0.17389   0.21262   0.02771   0.03359   0.02004   0.14019   0.10229   0.28163   0.19904   0.49071   2.57000   0.04495   0.05179  
 44  0.1239   4872.107113  x:  0.01982   0.05345   0.02677   0.00729   0.01150   0.00627   0.00460   0.00001   0.15953   0.05707   0.05496   0.17396   0.21264   0.02777   0.03349   0.02022   0.14027   0.10231   0.28167   0.19903   0.49070   2.57004   0.04398   0.05113  
 45 209.4250   4872.103151  x:  0.01983   0.05347   0.02678   0.00728   0.01151   0.00625   0.00454   0.00000   0.15955   0.05709   0.05497   0.17396   0.21264   0.02777   0.03349   0.02023   0.14027   0.10231   0.28168   0.19904   0.49070   2.57005   0.04398   0.05109  
 46 54.9589   4872.061208  x:  0.02025   0.05424   0.02700   0.00717   0.01200   0.00646   0.00475   0.00000   0.16033   0.05834   0.05531   0.17428   0.21279   0.02802   0.03318   0.02067   0.14061   0.10237   0.28191   0.19911   0.49074   2.57023   0.04398   0.04917  
 47 44.9417   4872.053081  x:  0.02021   0.05449   0.02691   0.00744   0.01147   0.00639   0.00475   0.00000   0.16079   0.05874   0.05540   0.17452   0.21295   0.02814   0.03310   0.02063   0.14080   0.10237   0.28206   0.19916   0.49077   2.57036   0.04405   0.04891  
 48 21.4397   4872.045752  x:  0.01995   0.05479   0.02662   0.00719   0.01138   0.00652   0.00472   0.00000   0.16167   0.05920   0.05548   0.17503   0.21332   0.02831   0.03304   0.02040   0.14114   0.10237   0.28239   0.19925   0.49083   2.57064   0.04387   0.04913  
 49 16.3743   4872.040634  x:  0.01977   0.05498   0.02646   0.00736   0.01164   0.00641   0.00474   0.00000   0.16240   0.05944   0.05552   0.17547   0.21366   0.02838   0.03300   0.02027   0.14143   0.10236   0.28270   0.19934   0.49089   2.57091   0.04396   0.04936  
 50 33.6113   4872.036238  x:  0.01987   0.05496   0.02677   0.00724   0.01161   0.00641   0.00474   0.00000   0.16324   0.05911   0.05541   0.17606   0.21414   0.02816   0.03301   0.02053   0.14178   0.10236   0.28322   0.19946   0.49101   2.57142   0.04414   0.04943  
 51 10.3707   4872.034030  x:  0.01989   0.05489   0.02690   0.00734   0.01161   0.00642   0.00474   0.00000   0.16365   0.05888   0.05532   0.17638   0.21441   0.02806   0.03304   0.02064   0.14195   0.10235   0.28353   0.19953   0.49107   2.57175   0.04391   0.04938  
 52 24.4888   4872.031857  x:  0.01974   0.05460   0.02674   0.00731   0.01163   0.00642   0.00474   0.00000   0.16388   0.05855   0.05511   0.17671   0.21475   0.02814   0.03318   0.02053   0.14203   0.10229   0.28401   0.19961   0.49120   2.57233   0.04394   0.04902  
 53  8.2330   4872.026688  x:  0.01997   0.05408   0.02687   0.00731   0.01163   0.00642   0.00474   0.00000   0.16323   0.05903   0.05444   0.17752   0.21583   0.02835   0.03311   0.02053   0.14170   0.10213   0.28588   0.19978   0.49173   2.57515   0.04392   0.04901  
 54  5.2786   4872.023672  x:  0.02012   0.05436   0.02652   0.00731   0.01162   0.00642   0.00474   0.00000   0.16279   0.05895   0.05452   0.17778   0.21630   0.02798   0.03297   0.02052   0.14154   0.10219   0.28695   0.19977   0.49208   2.57724   0.04390   0.04896  
 55 10.6599   4872.019332  x:  0.01995   0.05496   0.02684   0.00732   0.01161   0.00642   0.00474   0.00000   0.16236   0.05871   0.05499   0.17779   0.21663   0.02811   0.03335   0.02027   0.14142   0.10241   0.28829   0.19957   0.49263   2.58081   0.04387   0.04895  
 56 13.6072   4872.002779  x:  0.01906   0.05443   0.02693   0.00734   0.01160   0.00642   0.00473   0.00000   0.16274   0.05864   0.05583   0.17607   0.21580   0.02845   0.03243   0.02086   0.14176   0.10312   0.29167   0.19794   0.49473   2.59648   0.04381   0.04916  
 57 13.9561   4871.993619  x:  0.01956   0.05429   0.02650   0.00734   0.01160   0.00642   0.00473   0.00000   0.16319   0.05886   0.05577   0.17528   0.21512   0.02847   0.03327   0.02122   0.14193   0.10292   0.29290   0.19712   0.49580   2.60560   0.04379   0.04939  
 58 38.6796   4871.984694  x:  0.01983   0.05427   0.02678   0.00733   0.01160   0.00642   0.00472   0.00000   0.16362   0.05912   0.05533   0.17495   0.21440   0.02773   0.03349   0.02036   0.14192   0.10224   0.29332   0.19655   0.49669   2.61482   0.04381   0.04933  
 59 38.5459   4871.971972  x:  0.02083   0.05471   0.02676   0.00731   0.01162   0.00642   0.00472   0.00000   0.16379   0.05851   0.05498   0.17580   0.21381   0.02854   0.03276   0.01974   0.14172   0.10150   0.29237   0.19634   0.49760   2.62840   0.04386   0.04941  
 60 29.1927   4871.947981  x:  0.02035   0.05402   0.02675   0.00732   0.01161   0.00642   0.00470   0.00000   0.16318   0.05881   0.05564   0.17865   0.21405   0.02819   0.03316   0.02018   0.14144   0.10229   0.28848   0.19724   0.49872   2.65468   0.04395   0.04931  
 61 34.8491   4871.939836  x:  0.01969   0.05475   0.02674   0.00732   0.01161   0.00642   0.00470   0.00000   0.16301   0.05878   0.05445   0.17784   0.21525   0.02819   0.03318   0.02064   0.14182   0.10264   0.28696   0.19904   0.49859   2.66372   0.04398   0.04926  
 62 14.8289   4871.936534  x:  0.01996   0.05440   0.02675   0.00732   0.01161   0.00642   0.00470   0.00000   0.16320   0.05878   0.05510   0.17698   0.21617   0.02824   0.03312   0.02049   0.14177   0.10224   0.28643   0.20053   0.49819   2.66744   0.04398   0.04928  
 63  7.8059   4871.936131  x:  0.02005   0.05436   0.02675   0.00732   0.01161   0.00642   0.00470   0.00000   0.16330   0.05878   0.05509   0.17700   0.21583   0.02824   0.03312   0.02040   0.14162   0.10251   0.28661   0.20106   0.49778   2.66790   0.04397   0.04930  
 64  1.1179   4871.935973  x:  0.01993   0.05439   0.02675   0.00731   0.01161   0.00642   0.00470   0.00000   0.16326   0.05877   0.05512   0.17707   0.21564   0.02824   0.03313   0.02051   0.14164   0.10233   0.28673   0.20124   0.49742   2.66808   0.04398   0.04931  
 65  0.8472   4871.935825  x:  0.01998   0.05436   0.02675   0.00731   0.01161   0.00642   0.00469   0.00000   0.16317   0.05878   0.05512   0.17709   0.21565   0.02824   0.03312   0.02046   0.14188   0.10235   0.28683   0.20109   0.49676   2.66825   0.04399   0.04931  
 66  0.4706   4871.935680  x:  0.01996   0.05438   0.02675   0.00731   0.01162   0.00642   0.00469   0.00000   0.16325   0.05878   0.05510   0.17707   0.21578   0.02824   0.03313   0.02049   0.14167   0.10236   0.28689   0.20082   0.49608   2.66840   0.04401   0.04930  
 67  0.7672   4871.920283  x:  0.02004   0.05450   0.02677   0.00726   0.01172   0.00630   0.00418   0.00000   0.16337   0.05896   0.05517   0.17707   0.21580   0.02829   0.03306   0.02056   0.14175   0.10240   0.28717   0.20081   0.49672   2.66886   0.04398   0.04901  
 68  0.0019   4871.920213  x:  0.02004   0.05451   0.02677   0.00724   0.01172   0.00626   0.00419   0.00000   0.16337   0.05896   0.05518   0.17707   0.21580   0.02829   0.03306   0.02056   0.14175   0.10240   0.28717   0.20081   0.49672   2.66891   0.04396   0.04900  
 69  0.0016   4871.920207  x:  0.02004   0.05452   0.02677   0.00724   0.01173   0.00626   0.00419   0.00000   0.16337   0.05897   0.05519   0.17707   0.21578   0.02829   0.03305   0.02058   0.14176   0.10239   0.28720   0.20083   0.49674   2.66893   0.04397   0.04898  
 70  0.0001   4871.920207  x:  0.02004   0.05452   0.02677   0.00724   0.01173   0.00626   0.00419   0.00000   0.16337   0.05897   0.05519   0.17707   0.21578   0.02829   0.03305   0.02058   0.14176   0.10239   0.28720   0.20083   0.49674   2.66893   0.04397   0.04898  
 71  0.0000   4871.920207  x:  0.02004   0.05452   0.02677   0.00724   0.01173   0.00626   0.00419   0.00000   0.16337   0.05897   0.05519   0.17707   0.21578   0.02829   0.03305   0.02058   0.14176   0.10239   0.28720   0.20083   0.49674   2.66893   0.04397   0.04898  