

TREE # 1

  0  0.0000   5592.653694  x:  0.05481   0.00023   0.09801   0.05830   0.01107   0.04048   0.01065   0.03431   0.00000   0.10499   0.09965   0.00950   0.14499   0.11536   0.02673   0.04025   0.04009   0.11778   0.10156   0.11588   0.11320   0.22929   0.21384   0.21719   0.22431   0.19330  
  1 99.0000   5397.836341  x:  0.06100   0.05745   0.09554   0.04450   0.00001   0.02104   0.00000   0.00879   0.05245   0.11866   0.09101   0.07367   0.14856   0.12895   0.02098   0.03540   0.04099   0.12447   0.10188   0.12207   0.11770   0.23710   0.31150   0.14448   0.21586   0.18735  
  2 2473.4212   5397.482607  x:  0.06100   0.05751   0.09554   0.04449   0.00000   0.02101   0.00001   0.00876   0.05251   0.11868   0.09100   0.07374   0.14856   0.12896   0.02097   0.03539   0.04099   0.12447   0.10188   0.12208   0.11771   0.23711   0.31161   0.14440   0.21585   0.18734  
  3 322079.6545   5343.580092  x:  0.06313   0.07711   0.09469   0.03974   0.00102   0.01435   0.00031   0.00000   0.07046   0.12337   0.08803   0.09573   0.14979   0.13363   0.01900   0.03373   0.04128   0.12677   0.10199   0.12420   0.11926   0.23979   0.34515   0.11939   0.21294   0.18530  
  4 551926.9846   5257.817901  x:  0.06772   0.11933   0.09284   0.02952   0.00314   0.00000   0.00092   0.00054   0.10913   0.13350   0.08162   0.14311   0.15242   0.14368   0.01477   0.03013   0.04191   0.13171   0.10222   0.12879   0.12260   0.24558   0.41747   0.06544   0.20667   0.18088  
  5 95264.9954   5218.400214  x:  0.07041   0.14393   0.09175   0.02352   0.00433   0.00202   0.00126   0.00085   0.13164   0.13942   0.07786   0.17074   0.15396   0.14957   0.01234   0.02804   0.04224   0.13460   0.10236   0.13148   0.12456   0.24899   0.45978   0.03378   0.20299   0.17829  
  6 109393.9207   5171.413103  x:  0.08368   0.13844   0.07560   0.00000   0.00457   0.00255   0.00132   0.00093   0.11333   0.15300   0.06412   0.17353   0.15789   0.16471   0.05459   0.03875   0.02131   0.13680   0.10269   0.14475   0.13755   0.26958   0.54575   0.05841   0.18664   0.16700  
  7 988.5128   5150.161211  x:  0.09694   0.13180   0.05932   0.00839   0.00474   0.00301   0.00137   0.00100   0.09375   0.16648   0.05037   0.17517   0.16173   0.17978   0.09571   0.04894   0.00000   0.13892   0.10299   0.15802   0.15055   0.29031   0.63175   0.08002   0.17002   0.15554  
  8 10839.2503   5150.161211  x:  0.09694   0.13180   0.05932   0.00839   0.00474   0.00301   0.00137   0.00100   0.09375   0.16648   0.05037   0.17517   0.16173   0.17978   0.09571   0.04894   0.00000   0.13892   0.10299   0.15802   0.15055   0.29031   0.63175   0.08002   0.17002   0.15554  
  9 2119.2900   5128.699065  x:  0.09705   0.12846   0.05804   0.01121   0.01100   0.02356   0.03032   0.02680   0.08852   0.16637   0.05073   0.17193   0.16131   0.17977   0.09114   0.04579   0.00081   0.13884   0.10294   0.15813   0.15060   0.29129   0.63732   0.06041   0.16794   0.15422  
 10 2981.2962   5105.129809  x:  0.09751   0.12291   0.05589   0.01373   0.00901   0.02370   0.02927   0.02428   0.07971   0.16634   0.05118   0.16668   0.16081   0.18002   0.08369   0.04088   0.00137   0.13873   0.10279   0.15858   0.15100   0.29329   0.64639   0.03338   0.16438   0.15199  
 11 1352.7783   5043.554452  x:  0.10473   0.08002   0.04015   0.02686   0.00523   0.03232   0.03180   0.01451   0.00935   0.16783   0.05427   0.12736   0.15954   0.18527   0.02712   0.00626   0.00019   0.13818   0.10144   0.16580   0.15802   0.31383   0.71605   0.03831   0.13519   0.13397  
 12 843.7226   5035.758738  x:  0.10573   0.07399   0.03864   0.02832   0.00640   0.03308   0.03196   0.01329   0.00000   0.16795   0.05491   0.12171   0.15943   0.18608   0.02189   0.01050   0.00114   0.13820   0.10124   0.16680   0.15898   0.31679   0.72630   0.03867   0.13069   0.13124  
 13 2232.5737   4994.632897  x:  0.11746   0.00000   0.03859   0.04927   0.00466   0.03681   0.03393   0.00668   0.02104   0.17083   0.07632   0.05046   0.16027   0.19497   0.01010   0.02371   0.02348   0.13959   0.09838   0.17853   0.17047   0.35477   0.86142   0.04312   0.06720   0.09354  
 14 912.8039   4994.632897  x:  0.11746   0.00000   0.03859   0.04927   0.00466   0.03681   0.03393   0.00668   0.02104   0.17083   0.07632   0.05046   0.16027   0.19497   0.01010   0.02371   0.02348   0.13959   0.09838   0.17853   0.17047   0.35477   0.86142   0.04312   0.06720   0.09354  
 15 1293.1742   4976.425622  x:  0.11718   0.01598   0.04527   0.04360   0.00871   0.02763   0.02205   0.00069   0.01203   0.17030   0.07258   0.05205   0.16121   0.19557   0.02605   0.03153   0.02944   0.14026   0.09864   0.17825   0.17041   0.35588   0.86733   0.03866   0.06303   0.09101  
 16 1021.9367   4968.807341  x:  0.11689   0.02899   0.05136   0.03773   0.01113   0.01839   0.01001   0.01030   0.00293   0.16976   0.06885   0.05359   0.16217   0.19620   0.03895   0.03799   0.03402   0.14092   0.09883   0.17796   0.17036   0.35709   0.87353   0.03632   0.05866   0.08839  
 17 3762.9097   4965.500369  x:  0.11673   0.02965   0.05278   0.03494   0.00912   0.01458   0.00560   0.00998   0.00000   0.16952   0.06743   0.05415   0.16268   0.19653   0.03917   0.03797   0.03326   0.14119   0.09878   0.17780   0.17037   0.35791   0.87712   0.04098   0.05616   0.08693  
 18 699.0434   4965.500369  x:  0.11673   0.02965   0.05278   0.03494   0.00912   0.01458   0.00560   0.00998   0.00000   0.16952   0.06743   0.05415   0.16268   0.19653   0.03917   0.03797   0.03326   0.14119   0.09878   0.17780   0.17037   0.35791   0.87712   0.04098   0.05616   0.08693  
 19 480.3932   4962.056255  x:  0.11638   0.02713   0.05346   0.03234   0.00669   0.01250   0.00770   0.00261   0.00066   0.16927   0.06644   0.05462   0.16326   0.19685   0.03585   0.03599   0.03053   0.14151   0.09864   0.17745   0.17027   0.35891   0.88207   0.04034   0.05287   0.08500  
 20 424.2506   4956.102937  x:  0.11490   0.01712   0.05644   0.02215   0.00409   0.00781   0.00791   0.00610   0.00234   0.16815   0.06228   0.05652   0.16578   0.19826   0.02269   0.02858   0.01964   0.14298   0.09808   0.17597   0.16986   0.36337   0.90387   0.04069   0.03861   0.07648  
 21 572.2337   4953.811478  x:  0.11405   0.01318   0.05830   0.01856   0.00954   0.01051   0.00659   0.00503   0.00292   0.16746   0.06022   0.05748   0.16721   0.19906   0.01773   0.02638   0.01540   0.14397   0.09790   0.17512   0.16963   0.36605   0.91697   0.04135   0.03070   0.07136  
 22 1071.5907   4947.971251  x:  0.11169   0.01271   0.06415   0.02121   0.00618   0.01438   0.00441   0.00478   0.00348   0.16539   0.05648   0.05963   0.17102   0.20119   0.01983   0.03061   0.01555   0.14744   0.09822   0.17276   0.16894   0.37380   0.95541   0.04203   0.01282   0.05635  
 23 542.8285   4941.966779  x:  0.10747   0.01356   0.07235   0.02416   0.01025   0.01282   0.01786   0.00751   0.00230   0.16188   0.05144   0.06224   0.17736   0.20469   0.02179   0.03486   0.01708   0.15395   0.09902   0.16855   0.16779   0.38771   1.02539   0.04089   0.00939   0.03029  
 24 986.4309   4935.650293  x:  0.10421   0.01290   0.07776   0.02529   0.00998   0.01213   0.01451   0.00680   0.00208   0.15928   0.04866   0.06378   0.18218   0.20738   0.02198   0.03661   0.01700   0.15881   0.09986   0.16528   0.16699   0.39897   1.08218   0.04270   0.01636   0.01202  
 25 2071.0675   4919.907067  x:  0.09423   0.01238   0.08749   0.02929   0.01399   0.00516   0.00742   0.00622   0.00064   0.15215   0.04932   0.06394   0.19524   0.21475   0.02495   0.03798   0.02080   0.17202   0.10490   0.15530   0.16490   0.43545   1.27208   0.03142   0.02558   0.02796  
 26 1038.1158   4911.568447  x:  0.09112   0.01215   0.08977   0.03026   0.01383   0.00514   0.00800   0.00600   0.00000   0.15002   0.05048   0.06349   0.19938   0.21717   0.02587   0.03780   0.02212   0.17601   0.10650   0.15220   0.16446   0.44807   1.33774   0.03737   0.02859   0.03532  
 27 6122.0645   4907.963146  x:  0.08989   0.01123   0.08653   0.02881   0.00756   0.01833   0.01203   0.00729   0.00041   0.14992   0.05467   0.06057   0.20069   0.21814   0.02553   0.03503   0.02202   0.17639   0.10641   0.15096   0.16515   0.45829   1.39526   0.03579   0.03330   0.04001  
 28 1545.7535   4906.219427  x:  0.09094   0.01220   0.08194   0.02801   0.00765   0.01812   0.01188   0.00725   0.00000   0.15133   0.05685   0.05803   0.19915   0.21751   0.02625   0.03423   0.02245   0.17397   0.10514   0.15201   0.16631   0.45981   1.40753   0.03580   0.03293   0.03953  
 29 454.2324   4904.692753  x:  0.09543   0.01470   0.07087   0.03335   0.00824   0.01762   0.01240   0.00756   0.01181   0.15538   0.05259   0.05588   0.19271   0.21526   0.02316   0.03648   0.02107   0.16459   0.10317   0.15651   0.17040   0.46067   1.43377   0.03620   0.03351   0.04002  
 30 330.1037   4903.387978  x:  0.10042   0.01784   0.06374   0.03415   0.00745   0.01866   0.01250   0.00752   0.00851   0.15817   0.04046   0.05836   0.18534   0.21311   0.02057   0.04087   0.01914   0.15472   0.10334   0.16149   0.17447   0.45863   1.45224   0.03628   0.03470   0.04179  
 31 241.2904   4902.623037  x:  0.10682   0.01868   0.06728   0.03532   0.00767   0.01842   0.01283   0.00758   0.00698   0.15964   0.04480   0.07080   0.17533   0.21082   0.02173   0.04249   0.01409   0.14349   0.10765   0.16789   0.17894   0.45012   1.46582   0.03631   0.03541   0.04211  
 32 86.6021   4902.463874  x:  0.10830   0.01992   0.06868   0.03457   0.00765   0.01849   0.01260   0.00755   0.00739   0.15946   0.04494   0.07352   0.17232   0.20989   0.02059   0.04024   0.01735   0.14201   0.10894   0.16937   0.17968   0.44597   1.46916   0.03636   0.03522   0.04193  
 33 70.9153   4902.293693  x:  0.10948   0.01680   0.06904   0.03334   0.00785   0.01845   0.01262   0.00758   0.00861   0.15819   0.04320   0.07455   0.16804   0.20812   0.02421   0.03777   0.01923   0.14297   0.10985   0.17055   0.17963   0.43684   1.47352   0.03655   0.03529   0.04185  
 34 49.5301   4902.050770  x:  0.11012   0.01315   0.06851   0.03617   0.00777   0.01835   0.01262   0.00755   0.00693   0.15597   0.04423   0.07338   0.16259   0.20525   0.02198   0.03903   0.02052   0.14723   0.10954   0.17119   0.17827   0.41845   1.48048   0.03686   0.03522   0.04163  
 35 57.7995   4901.893637  x:  0.10963   0.01657   0.06897   0.03299   0.00768   0.01847   0.01258   0.00756   0.00820   0.15629   0.04456   0.07267   0.16338   0.20448   0.02186   0.04142   0.01891   0.14906   0.10768   0.17070   0.17665   0.40312   1.48556   0.03716   0.03532   0.04193  
 36 44.9496   4901.817358  x:  0.10905   0.01804   0.06860   0.03488   0.00765   0.01854   0.01250   0.00754   0.00759   0.15733   0.04401   0.07257   0.16683   0.20526   0.02233   0.03882   0.01754   0.14792   0.10720   0.17013   0.17570   0.39503   1.48808   0.03727   0.03525   0.04190  
 37 31.1694   4901.777867  x:  0.10887   0.01615   0.06769   0.03451   0.00768   0.01849   0.01254   0.00755   0.00760   0.15809   0.04426   0.07272   0.17013   0.20672   0.02213   0.03984   0.01913   0.14578   0.10848   0.16994   0.17548   0.39146   1.48930   0.03729   0.03531   0.04181  
 38 13.4302   4901.658913  x:  0.11127   0.01562   0.07177   0.03444   0.00765   0.01848   0.01257   0.00754   0.00761   0.15626   0.04407   0.06616   0.17134   0.21162   0.02195   0.04016   0.01913   0.14339   0.10990   0.17234   0.17906   0.38952   1.49219   0.03726   0.03548   0.04190  
 39  3.7402   4900.120352  x:  0.11652   0.01853   0.05826   0.03353   0.00734   0.01840   0.01136   0.00706   0.00712   0.15037   0.04619   0.07259   0.17025   0.24682   0.02275   0.03844   0.01854   0.15711   0.10657   0.17760   0.20030   0.38965   1.52803   0.03729   0.03507   0.04220  
 40  8.3297   4890.678822  x:  0.09037   0.01005   0.06638   0.03163   0.00611   0.01700   0.00535   0.00458   0.00000   0.20640   0.05069   0.05770   0.14855   0.25783   0.02569   0.03580   0.02640   0.14879   0.08436   0.15146   0.22494   0.41586   1.74859   0.04072   0.03663   0.04528  
 41 50.8855   4885.180272  x:  0.08790   0.02025   0.05219   0.02799   0.00556   0.01600   0.00193   0.00323   0.00000   0.19121   0.05535   0.04688   0.15577   0.23253   0.02693   0.03293   0.02034   0.14394   0.10902   0.14899   0.22485   0.43240   1.86425   0.04254   0.03531   0.04399  
 42 216.0524   4884.134250  x:  0.09509   0.01813   0.05237   0.02779   0.00543   0.01586   0.00128   0.00295   0.00000   0.17944   0.05643   0.04894   0.16420   0.22345   0.02725   0.03302   0.02271   0.13966   0.09420   0.15618   0.22080   0.43684   1.88831   0.04287   0.03592   0.04508  
 43 94.6505   4883.940255  x:  0.10430   0.01797   0.05275   0.02784   0.00541   0.01581   0.00123   0.00290   0.00000   0.18578   0.05640   0.04829   0.16559   0.22537   0.02730   0.03290   0.02240   0.14390   0.09555   0.16540   0.20810   0.43882   1.89358   0.04286   0.03595   0.04519  
 44 13.9598   4883.725277  x:  0.10503   0.01907   0.05170   0.02748   0.00545   0.01571   0.00128   0.00287   0.00000   0.18139   0.05670   0.04747   0.16056   0.23290   0.02736   0.03276   0.02207   0.13903   0.09488   0.16613   0.19193   0.44027   1.89826   0.04304   0.03593   0.04513  
 45 10.7744   4879.413759  x:  0.12522   0.01943   0.04602   0.02499   0.00526   0.01460   0.00412   0.00226   0.00000   0.16757   0.06124   0.04438   0.18462   0.19715   0.02873   0.03119   0.02277   0.13851   0.08581   0.18632   0.18681   0.45963   2.02195   0.04472   0.03703   0.04800  
 46  4.3015   4874.419381  x:  0.11677   0.02161   0.05631   0.02660   0.00907   0.01068   0.00462   0.00675   0.00000   0.15605   0.06483   0.05932   0.18233   0.20448   0.02953   0.03259   0.01983   0.13765   0.10857   0.17784   0.18121   0.48165   2.30238   0.04748   0.03945   0.05172  
 47  0.2616   4872.415568  x:  0.10414   0.01971   0.05664   0.02657   0.00739   0.01084   0.00522   0.00420   0.00000   0.16710   0.06164   0.05436   0.17575   0.22902   0.02761   0.03331   0.01973   0.14643   0.10427   0.16519   0.20379   0.48044   2.54055   0.04739   0.03973   0.05302  
 48  0.1448   4871.916762  x:  0.11139   0.02050   0.05292   0.02665   0.00664   0.01208   0.00568   0.00425   0.00000   0.16200   0.05879   0.05288   0.17658   0.21605   0.02798   0.03288   0.02030   0.14334   0.10020   0.17244   0.19847   0.48179   2.63661   0.04635   0.03911   0.05218  
 49  0.0639   4871.845220  x:  0.11274   0.02016   0.05458   0.02684   0.00740   0.01161   0.00591   0.00397   0.00000   0.16351   0.05862   0.05477   0.17926   0.21646   0.02825   0.03307   0.02062   0.14275   0.10075   0.17379   0.19787   0.48725   2.66318   0.04581   0.03814   0.05111  
 50  0.0212   4871.823433  x:  0.11240   0.02045   0.05432   0.02667   0.00726   0.01166   0.00603   0.00431   0.00000   0.16299   0.05904   0.05399   0.18012   0.21823   0.02836   0.03319   0.02035   0.14350   0.10163   0.17345   0.19943   0.49122   2.67210   0.04551   0.03702   0.04993  
 51  0.0065   4871.816535  x:  0.11200   0.02033   0.05430   0.02691   0.00710   0.01178   0.00610   0.00416   0.00000   0.16304   0.05905   0.05443   0.17887   0.21814   0.02831   0.03311   0.02027   0.14358   0.10152   0.17305   0.19960   0.49108   2.66890   0.04554   0.03626   0.04924  
 52  0.0021   4871.813896  x:  0.11209   0.02031   0.05437   0.02674   0.00721   0.01176   0.00614   0.00419   0.00000   0.16324   0.05898   0.05418   0.17874   0.21768   0.02833   0.03327   0.02035   0.14352   0.10121   0.17315   0.19916   0.49002   2.66255   0.04567   0.03585   0.04896  
 53  0.0046   4871.813358  x:  0.11212   0.02033   0.05435   0.02682   0.00721   0.01179   0.00618   0.00420   0.00000   0.16309   0.05892   0.05427   0.17915   0.21776   0.02833   0.03316   0.02032   0.14351   0.10136   0.17317   0.19901   0.48954   2.66220   0.04574   0.03580   0.04900  
 54  0.0005   4871.813151  x:  0.11205   0.02034   0.05436   0.02676   0.00719   0.01179   0.00622   0.00419   0.00000   0.16311   0.05889   0.05421   0.17915   0.21778   0.02831   0.03324   0.02031   0.14357   0.10138   0.17311   0.19916   0.48937   2.66396   0.04575   0.03582   0.04910  
 55  0.0008   4871.813008  x:  0.11205   0.02033   0.05434   0.02683   0.00720   0.01178   0.00625   0.00420   0.00000   0.16319   0.05893   0.05421   0.17904   0.21774   0.02832   0.03320   0.02033   0.14355   0.10131   0.17310   0.19915   0.48941   2.66369   0.04574   0.03585   0.04919  
 56  0.0002   4871.812961  x:  0.11206   0.02034   0.05435   0.02679   0.00720   0.01178   0.00626   0.00420   0.00000   0.16312   0.05894   0.05425   0.17901   0.21775   0.02832   0.03319   0.02032   0.14353   0.10133   0.17311   0.19908   0.48948   2.66262   0.04573   0.03585   0.04921  
 57  0.0010   4871.812956  x:  0.11206   0.02034   0.05435   0.02679   0.00720   0.01178   0.00626   0.00419   0.00000   0.16312   0.05894   0.05423   0.17904   0.21775   0.02832   0.03320   0.02032   0.14353   0.10134   0.17311   0.19908   0.48951   2.66231   0.04573   0.03585   0.04922  
 58  0.0003   4871.812956  x:  0.11206   0.02034   0.05434   0.02679   0.00720   0.01178   0.00626   0.00419   0.00000   0.16313   0.05893   0.05423   0.17905   0.21775   0.02832   0.03320   0.02032   0.14353   0.10134   0.17311   0.19909   0.48951   2.66229   0.04573   0.03585   0.04922  
 59  0.0000   4871.812956  x:  0.11206   0.02034   0.05435   0.02679   0.00720   0.01178   0.00626   0.00419   0.00000   0.16312   0.05893   0.05423   0.17905   0.21775   0.02832   0.03320   0.02032   0.14353   0.10134   0.17311   0.19909   0.48951   2.66229   0.04573   0.03585   0.04922  
 60  0.0000   4871.812956  x:  0.11205   0.02034   0.05435   0.02679   0.00720   0.01178   0.00626   0.00419   0.00000   0.16313   0.05893   0.05423   0.17905   0.21775   0.02832   0.03320   0.02032   0.14353   0.10134   0.17311   0.19909   0.48951   2.66229   0.04573   0.03585   0.04922  
 61  0.0000   4871.812956  x:  0.11205   0.02034   0.05435   0.02679   0.00720   0.01178   0.00626   0.00419   0.00000   0.16313   0.05893   0.05423   0.17905   0.21775   0.02832   0.03320   0.02032   0.14353   0.10134   0.17311   0.19909   0.48951   2.66229   0.04573   0.03585   0.04922  
 62  0.0000   4871.812956  x:  0.11205   0.02034   0.05435   0.02679   0.00720   0.01178   0.00626   0.00419   0.00000   0.16313   0.05893   0.05423   0.17905   0.21775   0.02832   0.03320   0.02032   0.14353   0.10134   0.17311   0.19909   0.48951   2.66229   0.04573   0.03585   0.04922  
 63  0.0000   4871.812956  x:  0.11205   0.02034   0.05435   0.02679   0.00720   0.01178   0.00626   0.00419   0.00000   0.16313   0.05893   0.05423   0.17905   0.21775   0.02832   0.03320   0.02032   0.14353   0.10134   0.17312   0.19909   0.48951   2.66229   0.04573   0.03585   0.04922  
 64  0.0000   4871.812956  x:  0.11205   0.02034   0.05435   0.02679   0.00720   0.01178   0.00626   0.00419   0.00000   0.16313   0.05893   0.05423   0.17905   0.21775   0.02832   0.03320   0.02032   0.14353   0.10134   0.17312   0.19909   0.48951   2.66229   0.04573   0.03585   0.04922  
 65  0.0000   4871.812956  x:  0.11205   0.02034   0.05435   0.02679   0.00720   0.01178   0.00626   0.00419   0.00000   0.16313   0.05893   0.05423   0.17905   0.21775   0.02832   0.03320   0.02032   0.14353   0.10134   0.17312   0.19909   0.48951   2.66229   0.04573   0.03585   0.04922  