

TREE # 1

  0  0.0000   5653.975772  x:  0.10048   0.00000   0.09820   0.04529   0.03279   0.02485   0.01057   0.02620   0.00000   0.10349   0.09506   0.00172   0.14232   0.11655   0.02890   0.03109   0.05353   0.11416   0.10526   0.06007   0.11764   0.22773   0.18284   0.21794   0.17308  
  1 99.0000   5399.086935  x:  0.10795   0.05845   0.09823   0.03459   0.00977   0.01021   0.00000   0.00108   0.08240   0.11860   0.08749   0.20758   0.14838   0.13226   0.02139   0.03345   0.05173   0.12277   0.10421   0.06754   0.12135   0.23626   0.30333   0.12825   0.17198  
  2 4043.8756   5388.415140  x:  0.10821   0.06051   0.09823   0.03421   0.00895   0.00970   0.00007   0.00020   0.08531   0.11913   0.08723   0.21483   0.14860   0.13282   0.02113   0.03354   0.05167   0.12308   0.10417   0.06780   0.12148   0.23656   0.30757   0.12509   0.17194  
  3 2017239.1648   5323.620365  x:  0.11136   0.08105   0.09768   0.02952   0.00044   0.00471   0.00057   0.03221   0.11407   0.12517   0.08400   0.28918   0.15084   0.13893   0.01865   0.03431   0.05020   0.12648   0.10380   0.07095   0.12310   0.24016   0.35525   0.08619   0.17149  
  4 25256.3972   5263.465516  x:  0.11515   0.09783   0.09581   0.02366   0.04710   0.00786   0.00099   0.05847   0.13724   0.13171   0.08004   0.35483   0.15296   0.14527   0.01755   0.03484   0.04707   0.13008   0.10352   0.07474   0.12527   0.24460   0.40515   0.03705   0.17095  
  5 12880.8914   5247.247102  x:  0.11902   0.09217   0.09141   0.01865   0.04393   0.00884   0.00096   0.05644   0.12794   0.13506   0.07715   0.35073   0.15376   0.14855   0.02264   0.03463   0.04128   0.13192   0.10424   0.07861   0.12844   0.24971   0.42413   0.02376   0.17053  
  6 1023.4525   5183.097042  x:  0.13450   0.07371   0.07466   0.00000   0.04208   0.01263   0.00092   0.05442   0.09629   0.14887   0.06571   0.34620   0.15744   0.16229   0.03871   0.03360   0.01917   0.13962   0.10698   0.09409   0.14109   0.27030   0.50341   0.02795   0.16880  
  7 3147.0629   5136.572945  x:  0.14797   0.05759   0.06013   0.00300   0.04044   0.01588   0.00089   0.05266   0.06854   0.16086   0.05579   0.34207   0.16061   0.17426   0.05231   0.03261   0.00000   0.14630   0.10935   0.10756   0.15209   0.28830   0.57271   0.03112   0.16730  
  8 17354.2760   5070.906088  x:  0.17537   0.02785   0.03350   0.00743   0.03795   0.01185   0.00082   0.04846   0.00000   0.18341   0.04004   0.32592   0.16604   0.19865   0.06143   0.02548   0.05175   0.15977   0.11354   0.13496   0.17413   0.32831   0.72777   0.03604   0.16360  
  9 2931.7702   5038.432191  x:  0.18784   0.00000   0.03038   0.00872   0.03590   0.00917   0.00076   0.04530   0.03155   0.19000   0.06963   0.27911   0.16628   0.20969   0.04177   0.01914   0.06969   0.16337   0.11062   0.14743   0.18465   0.35546   0.83150   0.03795   0.16038  
 10 962.0774   5019.205775  x:  0.18621   0.01164   0.06567   0.00856   0.03295   0.01611   0.00072   0.04273   0.02972   0.18060   0.07860   0.24628   0.16119   0.20972   0.00873   0.03721   0.06903   0.15801   0.10343   0.14580   0.18322   0.36870   0.90191   0.03832   0.15771  
 11 752.3111   5010.502591  x:  0.17580   0.02212   0.09105   0.00907   0.03357   0.00489   0.00070   0.04156   0.03418   0.16464   0.08364   0.22338   0.15465   0.20360   0.02501   0.05223   0.07276   0.14877   0.09523   0.13539   0.17489   0.37334   0.94984   0.04028   0.15541  
 12 640.4275   5004.577959  x:  0.15279   0.02452   0.09971   0.00934   0.02992   0.02410   0.00067   0.04015   0.03811   0.13976   0.07951   0.20710   0.14556   0.18969   0.03591   0.04260   0.07725   0.13464   0.08777   0.11238   0.15687   0.37099   0.99600   0.04246   0.15264  
 13 462.5476   4997.839983  x:  0.12738   0.02344   0.09993   0.00910   0.03001   0.01324   0.00065   0.03870   0.03708   0.11819   0.06981   0.19340   0.13734   0.17399   0.03022   0.02491   0.07387   0.12243   0.08423   0.08697   0.13773   0.36471   1.03619   0.04342   0.14977  
 14 643.6606   4996.546193  x:  0.11738   0.02123   0.09155   0.00914   0.02964   0.01296   0.00064   0.03827   0.03781   0.12019   0.06867   0.18970   0.13639   0.16588   0.02737   0.03619   0.07438   0.12225   0.09026   0.07697   0.13110   0.35594   1.04720   0.04381   0.14815  
 15 136.6203   4995.777769  x:  0.11562   0.03154   0.08934   0.00918   0.02921   0.01366   0.00064   0.03789   0.03711   0.13035   0.07242   0.18317   0.13916   0.15527   0.02892   0.03178   0.07393   0.12435   0.09519   0.07521   0.13134   0.33479   1.05679   0.04423   0.14473  
 16 59.8237   4995.297738  x:  0.11947   0.03612   0.08312   0.00922   0.02897   0.01361   0.00063   0.03763   0.03921   0.12593   0.06847   0.17818   0.14308   0.15338   0.02801   0.03386   0.07424   0.12277   0.09032   0.07906   0.13514   0.31266   1.06341   0.04448   0.14035  
 17 51.8018   4995.099215  x:  0.11865   0.03459   0.08461   0.00921   0.02888   0.01362   0.00063   0.03752   0.03794   0.12334   0.07138   0.17780   0.14225   0.16267   0.02820   0.03334   0.07407   0.12483   0.09311   0.07824   0.13396   0.30283   1.06573   0.04456   0.13515  
 18 17.6035   4994.657365  x:  0.11876   0.02688   0.09017   0.00920   0.02870   0.01364   0.00063   0.03733   0.03839   0.13178   0.06847   0.17774   0.13362   0.16765   0.02813   0.03336   0.07465   0.12009   0.08841   0.07835   0.13241   0.29506   1.06839   0.04470   0.11864  
 19 14.8568   4993.069817  x:  0.12409   0.01464   0.09945   0.00918   0.02840   0.01361   0.00062   0.03700   0.03899   0.12717   0.06494   0.17661   0.12682   0.15796   0.02832   0.03327   0.07512   0.12513   0.09726   0.08368   0.13533   0.29306   1.07559   0.04485   0.06517  
 20 37.9026   4991.841936  x:  0.12189   0.01539   0.09647   0.00912   0.02820   0.01342   0.00062   0.03673   0.03535   0.12796   0.07186   0.17404   0.13632   0.15836   0.02772   0.03377   0.07421   0.12383   0.09039   0.08149   0.13487   0.29755   1.08072   0.04483   0.03708  
 21 61.1123   4976.172285  x:  0.11856   0.04325   0.08302   0.00875   0.02456   0.01453   0.00055   0.03280   0.05325   0.14532   0.03099   0.09916   0.14938   0.19461   0.02774   0.03072   0.07497   0.13274   0.10493   0.07816   0.13481   0.32942   1.15950   0.04587   0.01928  
 22 21.7316   4949.986157  x:  0.12840   0.04206   0.06625   0.00778   0.01955   0.01216   0.00045   0.02682   0.04015   0.14627   0.04906   0.02124   0.13381   0.20350   0.02298   0.03294   0.06962   0.12410   0.10776   0.08800   0.14353   0.35388   1.28304   0.04745   0.03272  
 23 340.7745   4945.386084  x:  0.12543   0.01380   0.08875   0.00762   0.01839   0.01211   0.00043   0.02549   0.03899   0.15101   0.04396   0.01070   0.16802   0.19816   0.02309   0.03238   0.07065   0.12729   0.10565   0.08503   0.14756   0.35035   1.31053   0.04779   0.04484  
 24 160.0515   4945.228417  x:  0.12121   0.01311   0.08911   0.00761   0.01833   0.01225   0.00043   0.02546   0.03883   0.15098   0.04377   0.01086   0.16539   0.19803   0.02311   0.03237   0.07066   0.13377   0.10158   0.08081   0.15694   0.35040   1.31113   0.04779   0.04520  
 25  6.6736   4944.263181  x:  0.11519   0.01098   0.08965   0.00755   0.01829   0.01212   0.00043   0.02541   0.03774   0.15080   0.04481   0.01296   0.16764   0.20090   0.02298   0.03225   0.07045   0.11704   0.11143   0.07480   0.18123   0.35245   1.31477   0.04767   0.04531  
 26  7.3012   4937.323797  x:  0.12175   0.00000   0.08976   0.00729   0.01769   0.01165   0.00042   0.02476   0.03230   0.15227   0.04811   0.02021   0.17219   0.20000   0.02187   0.03280   0.06872   0.12479   0.10664   0.08136   0.17244   0.35834   1.33112   0.04749   0.05003  
 27  9.6162   4914.890312  x:  0.14375   0.02003   0.05216   0.00548   0.01106   0.01336   0.00032   0.01859   0.00000   0.15971   0.06971   0.03214   0.19226   0.21177   0.02020   0.03309   0.05072   0.13830   0.09845   0.10339   0.17941   0.41375   1.48181   0.04593   0.07574  
 28  0.3283   4902.716085  x:  0.16643   0.00802   0.06510   0.00591   0.00235   0.01839   0.00019   0.01069   0.00602   0.16556   0.06371   0.04022   0.17554   0.22198   0.02669   0.03731   0.05104   0.14520   0.10321   0.12608   0.18824   0.45004   1.67804   0.04468   0.09955  
 29  0.1829   4895.453460  x:  0.17342   0.00460   0.06532   0.00689   0.00669   0.00595   0.00017   0.00924   0.00776   0.15963   0.05775   0.05140   0.16724   0.21739   0.02510   0.03461   0.04746   0.14654   0.10276   0.13307   0.18593   0.47344   1.85526   0.04408   0.12313  
 30  0.1446   4887.838536  x:  0.18005   0.00170   0.04810   0.00908   0.00850   0.01811   0.00011   0.00562   0.00380   0.15602   0.05797   0.06951   0.17317   0.20699   0.03380   0.03205   0.04358   0.14602   0.09832   0.13972   0.19072   0.50303   2.20409   0.04333   0.16108  
 31  0.2526   4885.707817  x:  0.17269   0.01770   0.06038   0.01050   0.01042   0.01756   0.00013   0.00632   0.00386   0.15856   0.06384   0.07478   0.17776   0.20892   0.03525   0.02913   0.04128   0.14581   0.10011   0.13237   0.19303   0.50415   2.32083   0.04281   0.17149  
 32  0.0974   4883.855487  x:  0.16722   0.01658   0.06022   0.01121   0.01070   0.01517   0.00012   0.00594   0.00000   0.15855   0.06737   0.07281   0.17129   0.21200   0.03270   0.02980   0.03681   0.14013   0.10328   0.12692   0.20061   0.50218   2.41661   0.04256   0.17172  
 33  0.1632   4881.614341  x:  0.15388   0.01763   0.04967   0.01310   0.01237   0.01081   0.00015   0.00732   0.00271   0.16377   0.06574   0.06701   0.16960   0.21909   0.02575   0.03437   0.02919   0.13294   0.10516   0.11360   0.21012   0.49075   2.59040   0.04246   0.17504  
 34  0.2036   4880.532520  x:  0.15555   0.01324   0.05943   0.01420   0.01240   0.01117   0.00017   0.00806   0.00000   0.16261   0.06528   0.06095   0.16842   0.21818   0.02602   0.03417   0.02427   0.13968   0.10252   0.11527   0.20866   0.48609   2.67946   0.04348   0.16880  
 35  0.0602   4879.304939  x:  0.16539   0.01968   0.05570   0.01684   0.01074   0.01373   0.00020   0.00893   0.00001   0.16217   0.05908   0.05215   0.18596   0.21677   0.02809   0.03331   0.02105   0.15082   0.09980   0.12512   0.19738   0.48672   2.80599   0.04507   0.16368  
 36  0.0626   4878.672276  x:  0.16919   0.02000   0.05463   0.01834   0.00818   0.01352   0.00021   0.00897   0.00228   0.16182   0.05987   0.04491   0.18065   0.22260   0.02814   0.03382   0.02388   0.14073   0.10591   0.12891   0.19951   0.49408   2.80198   0.04477   0.14905  
 37  0.0111   4878.318379  x:  0.16666   0.02196   0.05276   0.01936   0.00604   0.01263   0.00022   0.00846   0.00000   0.16318   0.06105   0.04764   0.18165   0.22297   0.02824   0.03266   0.02346   0.13876   0.10068   0.12637   0.20095   0.50379   2.79235   0.04351   0.14286  
 38  0.0078   4878.318379  x:  0.16666   0.02196   0.05276   0.01936   0.00604   0.01263   0.00022   0.00846   0.00000   0.16318   0.06105   0.04764   0.18165   0.22297   0.02824   0.03266   0.02346   0.13876   0.10068   0.12637   0.20095   0.50379   2.79235   0.04351   0.14286  
 39  0.0065   4871.631217  x:  0.16666   0.02195   0.05277   0.01943   0.00609   0.01265   0.00644   0.00837   0.00001   0.16318   0.06105   0.04766   0.18165   0.22297   0.02825   0.03267   0.02345   0.13876   0.10069   0.12637   0.20095   0.50379   2.79235   0.04353   0.14286  
 40 10816.7544   4870.765816  x:  0.16663   0.02164   0.05289   0.02179   0.00761   0.01233   0.00647   0.00395   0.00027   0.16319   0.06100   0.04812   0.18165   0.22296   0.02831   0.03281   0.02300   0.13890   0.10081   0.12634   0.20097   0.50379   2.79231   0.04413   0.14284  
 41 273.6848   4870.580540  x:  0.16656   0.02115   0.05310   0.02444   0.00740   0.01182   0.00647   0.00436   0.00000   0.16319   0.06078   0.04890   0.18165   0.22291   0.02838   0.03301   0.02230   0.13912   0.10101   0.12627   0.20100   0.50377   2.79224   0.04402   0.14281  
 42 96.2266   4870.543193  x:  0.16641   0.02055   0.05349   0.02467   0.00694   0.01292   0.00647   0.00420   0.00000   0.16324   0.06002   0.05033   0.18163   0.22279   0.02838   0.03319   0.02139   0.13957   0.10141   0.12612   0.20106   0.50373   2.79208   0.04389   0.14272  
 43 35.1419   4870.520952  x:  0.16624   0.02020   0.05388   0.02444   0.00749   0.01278   0.00647   0.00438   0.00000   0.16331   0.05926   0.05175   0.18158   0.22263   0.02835   0.03330   0.02078   0.14008   0.10182   0.12595   0.20114   0.50369   2.79189   0.04420   0.14262  
 44 41.6123   4870.508833  x:  0.16610   0.02015   0.05414   0.02420   0.00733   0.01225   0.00647   0.00422   0.00000   0.16337   0.05883   0.05268   0.18150   0.22246   0.02831   0.03332   0.02058   0.14047   0.10211   0.12581   0.20120   0.50365   2.79172   0.04397   0.14253  
 45 44.7783   4870.502168  x:  0.16588   0.02064   0.05432   0.02431   0.00726   0.01232   0.00647   0.00420   0.00000   0.16347   0.05888   0.05341   0.18127   0.22211   0.02829   0.03319   0.02108   0.14101   0.10241   0.12559   0.20133   0.50360   2.79140   0.04414   0.14237  
 46 12.3713   4870.500406  x:  0.16579   0.02072   0.05430   0.02434   0.00738   0.01237   0.00647   0.00421   0.00000   0.16350   0.05896   0.05357   0.18115   0.22194   0.02831   0.03315   0.02117   0.14119   0.10247   0.12550   0.20139   0.50356   2.79126   0.04396   0.14229  
 47 15.2900   4870.491921  x:  0.16511   0.02048   0.05366   0.02434   0.00740   0.01231   0.00647   0.00413   0.00000   0.16373   0.05974   0.05390   0.18016   0.22064   0.02860   0.03295   0.02096   0.14223   0.10265   0.12482   0.20186   0.50335   2.79007   0.04408   0.14170  
 48 11.9481   4870.484974  x:  0.16446   0.02056   0.05377   0.02455   0.00746   0.01233   0.00647   0.00403   0.00000   0.16377   0.05899   0.05345   0.17918   0.21929   0.02823   0.03323   0.02096   0.14244   0.10224   0.12417   0.20255   0.50304   2.78828   0.04413   0.14085  
 49  7.3472   4870.480452  x:  0.16415   0.02051   0.05448   0.02461   0.00752   0.01230   0.00647   0.00395   0.00000   0.16364   0.05922   0.05358   0.17914   0.21883   0.02874   0.03324   0.02095   0.14165   0.10194   0.12385   0.20316   0.50271   2.78615   0.04416   0.13994  
 50  5.9145   4870.477063  x:  0.16399   0.02034   0.05455   0.02468   0.00756   0.01229   0.00647   0.00390   0.00000   0.16352   0.05941   0.05376   0.17936   0.21879   0.02832   0.03283   0.02096   0.14105   0.10196   0.12369   0.20360   0.50244   2.78414   0.04418   0.13912  
 51 10.9812   4870.469779  x:  0.16385   0.02021   0.05365   0.02481   0.00762   0.01227   0.00647   0.00381   0.00000   0.16334   0.05929   0.05395   0.18014   0.21934   0.02828   0.03340   0.02133   0.14038   0.10255   0.12356   0.20435   0.50178   2.77890   0.04417   0.13715  
 52 12.7972   4870.455685  x:  0.16407   0.02064   0.05385   0.02499   0.00766   0.01228   0.00647   0.00372   0.00000   0.16351   0.05887   0.05296   0.18117   0.22100   0.02875   0.03270   0.02080   0.14164   0.10309   0.12377   0.20506   0.50053   2.76713   0.04415   0.13322  
 53 14.2354   4870.444326  x:  0.16423   0.02065   0.05442   0.02492   0.00767   0.01226   0.00647   0.00372   0.00000   0.16378   0.05961   0.05291   0.18126   0.22188   0.02801   0.03360   0.02058   0.14255   0.10238   0.12394   0.20490   0.49963   2.75690   0.04413   0.13027  
 54 24.2396   4870.418789  x:  0.16432   0.01975   0.05389   0.02485   0.00757   0.01226   0.00647   0.00384   0.00000   0.16399   0.05910   0.05379   0.17998   0.22184   0.02848   0.03300   0.02166   0.14256   0.10044   0.12402   0.20295   0.49797   2.73278   0.04411   0.12462  
 55 28.3545   4870.396209  x:  0.16425   0.02019   0.05435   0.02462   0.00746   0.01226   0.00647   0.00401   0.00000   0.16351   0.05928   0.05348   0.17863   0.21990   0.02834   0.03314   0.02114   0.14134   0.10267   0.12396   0.20085   0.49677   2.71057   0.04411   0.12110  
 56 32.2851   4870.384840  x:  0.16411   0.02140   0.05376   0.02460   0.00743   0.01228   0.00647   0.00404   0.00000   0.16321   0.05928   0.05371   0.18043   0.21815   0.02835   0.03312   0.02024   0.14143   0.10190   0.12382   0.20077   0.49677   2.69822   0.04409   0.12367  
 57  8.2929   4870.371164  x:  0.16393   0.01987   0.05446   0.02464   0.00744   0.01228   0.00647   0.00405   0.00000   0.16342   0.05924   0.05324   0.18142   0.21742   0.02827   0.03320   0.02136   0.14206   0.10225   0.12364   0.20111   0.49708   2.68279   0.04405   0.12904  
 58 15.9609   4870.361372  x:  0.16374   0.02036   0.05427   0.02470   0.00748   0.01228   0.00647   0.00401   0.00000   0.16359   0.05927   0.05350   0.17941   0.21918   0.02831   0.03314   0.02099   0.14155   0.10229   0.12345   0.20144   0.49731   2.67155   0.04402   0.13394  
 59 12.3168   4870.361202  x:  0.16372   0.02035   0.05429   0.02472   0.00749   0.01228   0.00647   0.00400   0.00000   0.16327   0.05929   0.05349   0.17940   0.21924   0.02831   0.03314   0.02099   0.14161   0.10227   0.12343   0.20111   0.49717   2.67141   0.04404   0.13405  
 60  0.5167   4870.360980  x:  0.16381   0.02037   0.05429   0.02475   0.00750   0.01228   0.00647   0.00398   0.00000   0.16350   0.05928   0.05348   0.17946   0.21921   0.02831   0.03314   0.02097   0.14157   0.10228   0.12352   0.20053   0.49678   2.67132   0.04405   0.13420  
 61  0.4419   4870.360544  x:  0.16430   0.02034   0.05426   0.02477   0.00751   0.01227   0.00647   0.00398   0.00000   0.16341   0.05928   0.05356   0.17932   0.21902   0.02831   0.03314   0.02098   0.14160   0.10228   0.12401   0.20059   0.49587   2.67131   0.04406   0.13440  
 62  0.2896   4870.358588  x:  0.16365   0.02031   0.05429   0.02482   0.00747   0.01226   0.00647   0.00403   0.00000   0.16343   0.05925   0.05351   0.17941   0.21921   0.02831   0.03314   0.02099   0.14158   0.10228   0.12336   0.20108   0.49295   2.67155   0.04411   0.13493  
 63  0.5274   4870.322805  x:  0.16385   0.02004   0.05441   0.02679   0.00738   0.01189   0.00647   0.00428   0.00000   0.16334   0.05894   0.05411   0.17956   0.21922   0.02836   0.03328   0.02051   0.14176   0.10243   0.12356   0.20102   0.49724   2.67617   0.04397   0.13506  
 64  0.1105   4870.322712  x:  0.16381   0.02005   0.05440   0.02681   0.00736   0.01194   0.00646   0.00428   0.00000   0.16338   0.05894   0.05412   0.17947   0.21911   0.02835   0.03327   0.02056   0.14176   0.10238   0.12351   0.20101   0.49697   2.67538   0.04397   0.13508  
 65  0.0008   4870.322612  x:  0.16382   0.02005   0.05440   0.02683   0.00736   0.01192   0.00644   0.00427   0.00000   0.16339   0.05894   0.05410   0.17947   0.21913   0.02835   0.03327   0.02056   0.14176   0.10238   0.12351   0.20101   0.49687   2.67544   0.04397   0.13506  
 66  0.0000   4870.322536  x:  0.16382   0.02005   0.05440   0.02682   0.00736   0.01193   0.00639   0.00427   0.00000   0.16338   0.05894   0.05411   0.17948   0.21913   0.02835   0.03327   0.02056   0.14176   0.10239   0.12351   0.20101   0.49694   2.67551   0.04397   0.13504  
 67  0.0001   4870.322533  x:  0.16382   0.02005   0.05440   0.02681   0.00736   0.01193   0.00639   0.00428   0.00000   0.16338   0.05894   0.05412   0.17948   0.21912   0.02835   0.03327   0.02056   0.14176   0.10239   0.12351   0.20101   0.49698   2.67547   0.04397   0.13505  
 68  0.0001   4870.322533  x:  0.16382   0.02005   0.05440   0.02681   0.00736   0.01193   0.00639   0.00428   0.00000   0.16338   0.05894   0.05412   0.17948   0.21912   0.02835   0.03327   0.02056   0.14176   0.10239   0.12351   0.20101   0.49698   2.67547   0.04397   0.13505  
 69  0.0000   4870.322533  x:  0.16382   0.02005   0.05440   0.02681   0.00736   0.01193   0.00639   0.00428   0.00000   0.16338   0.05894   0.05412   0.17948   0.21912   0.02835   0.03327   0.02056   0.14176   0.10239   0.12351   0.20101   0.49698   2.67547   0.04397   0.13505  