

TREE # 1

  0  0.0000   5567.835955  x:  0.04794   0.07116   0.04881   0.05574   0.05211   0.04683   0.02240   0.00000   0.09769   0.05312   0.05453   0.07847   0.11885   0.03199   0.06087   0.03587   0.12057   0.09166   0.10804   0.09176   0.18818   0.22375   0.17673   0.16635  
  1 99.0000   5367.366373  x:  0.03661   0.07200   0.03858   0.03227   0.03154   0.02365   0.00000   0.07522   0.11377   0.05908   0.05665   0.09901   0.12951   0.02458   0.04796   0.02926   0.12526   0.09559   0.12991   0.10489   0.20304   0.31039   0.11856   0.13787  
  2 2339.0918   5237.290039  x:  0.02505   0.07284   0.02802   0.00819   0.01056   0.00000   0.00849   0.15025   0.13017   0.06507   0.05879   0.11994   0.14043   0.01711   0.03478   0.02252   0.13006   0.09960   0.15225   0.11830   0.21826   0.39882   0.05863   0.10854  
  3 52316.3242   5210.223982  x:  0.02167   0.07308   0.02493   0.00117   0.00445   0.00031   0.01092   0.17212   0.13496   0.06682   0.05941   0.12605   0.14361   0.01493   0.03094   0.02055   0.13146   0.10077   0.15877   0.12221   0.22270   0.42464   0.04112   0.09997  
  4 81053.1440   5191.007424  x:  0.01925   0.07335   0.02130   0.01965   0.00950   0.00047   0.01248   0.18479   0.13958   0.06740   0.05981   0.13166   0.14719   0.01578   0.02876   0.01978   0.13310   0.10200   0.16517   0.12596   0.22762   0.44946   0.02553   0.08887  
  5 3811.2164   5144.073849  x:  0.01715   0.07521   0.00825   0.02946   0.02180   0.00065   0.01435   0.18353   0.15385   0.06367   0.06070   0.14766   0.16138   0.03226   0.03185   0.02414   0.13992   0.10667   0.18535   0.13723   0.24636   0.52467   0.06220   0.04032  
  6 1503.7198   5096.341929  x:  0.02298   0.07630   0.01197   0.01953   0.02324   0.00050   0.01129   0.11712   0.16453   0.05060   0.05880   0.15745   0.17656   0.04336   0.03967   0.03341   0.14618   0.11001   0.20790   0.15017   0.27375   0.60197   0.04662   0.01585  
  7 1148.5860   5012.185507  x:  0.03003   0.07780   0.01254   0.00739   0.02881   0.00033   0.00672   0.00000   0.18808   0.02827   0.05568   0.18033   0.20795   0.06522   0.05143   0.04822   0.15918   0.11713   0.25509   0.17746   0.32935   0.76525   0.03415   0.02978  
  8 7073.1100   5012.185507  x:  0.03003   0.07780   0.01254   0.00739   0.02881   0.00033   0.00672   0.00000   0.18808   0.02827   0.05568   0.18033   0.20795   0.06522   0.05143   0.04822   0.15918   0.11713   0.25509   0.17746   0.32935   0.76525   0.03415   0.02978  
  9 757.7741   5005.160008  x:  0.02984   0.07770   0.01316   0.00738   0.02849   0.01029   0.00660   0.00087   0.18804   0.02897   0.05565   0.18032   0.20795   0.06492   0.05121   0.04801   0.15914   0.11707   0.25513   0.17747   0.32944   0.76554   0.03445   0.03041  
 10 7301.0362   4991.582252  x:  0.02564   0.07554   0.02539   0.00712   0.02080   0.00974   0.00169   0.01462   0.18691   0.04351   0.05507   0.18003   0.20784   0.05825   0.04631   0.04330   0.15833   0.11569   0.25586   0.17767   0.33155   0.77202   0.04072   0.04331  
 11 1039.8693   4987.865199  x:  0.02155   0.07327   0.03017   0.00697   0.01401   0.00947   0.01311   0.01713   0.18561   0.05210   0.05443   0.17961   0.20765   0.05130   0.04142   0.03855   0.15744   0.11426   0.25640   0.17761   0.33349   0.77913   0.04118   0.04671  
 12 1060.9400   4978.890900  x:  0.01298   0.06815   0.03161   0.00788   0.00417   0.00966   0.01019   0.01009   0.18231   0.06293   0.05307   0.17850   0.20717   0.03525   0.03103   0.02810   0.15531   0.11093   0.25740   0.17707   0.33779   0.79695   0.03625   0.04172  
 13 731.4130   4973.793010  x:  0.00666   0.06399   0.03303   0.00970   0.01011   0.00975   0.00941   0.00396   0.17930   0.07201   0.05216   0.17760   0.20684   0.02199   0.02337   0.01986   0.15347   0.10809   0.25845   0.17666   0.34194   0.81359   0.03705   0.03949  
 14 1410.1393   4971.129950  x:  0.00789   0.06276   0.03264   0.00783   0.00958   0.00984   0.00912   0.00000   0.17754   0.07464   0.05222   0.17724   0.20674   0.01974   0.02469   0.01921   0.15264   0.10684   0.25924   0.17649   0.34466   0.82418   0.04043   0.04006  
 15 474.1492   4955.510682  x:  0.02847   0.05018   0.03604   0.00895   0.01266   0.01033   0.00691   0.00000   0.15531   0.10978   0.05373   0.17259   0.20448   0.01531   0.04916   0.01941   0.14171   0.09153   0.27002   0.17443   0.38188   0.97075   0.03128   0.05186  
 16 1202.9921   4944.559292  x:  0.03177   0.04706   0.04072   0.02493   0.01048   0.01039   0.00677   0.00000   0.14372   0.12643   0.05472   0.17049   0.20310   0.03571   0.05178   0.01755   0.13590   0.08608   0.27664   0.17199   0.40778   1.08241   0.04213   0.03677  
 17 1215.9738   4921.487657  x:  0.02042   0.06191   0.02789   0.00382   0.01424   0.01009   0.00702   0.00000   0.14104   0.10600   0.05965   0.16980   0.20156   0.06327   0.01785   0.01808   0.13537   0.10005   0.28683   0.16974   0.44843   1.26872   0.03863   0.04144  
 18 783.9173   4914.959119  x:  0.01637   0.06888   0.01951   0.01626   0.01102   0.00992   0.00793   0.00000   0.14644   0.08139   0.06142   0.16996   0.20194   0.05751   0.01083   0.02227   0.13835   0.10936   0.29054   0.16969   0.46461   1.34950   0.04135   0.04944  
 19 1114.5021   4904.665875  x:  0.00310   0.07702   0.02641   0.01678   0.01102   0.00936   0.01003   0.00000   0.16044   0.04386   0.06206   0.17056   0.20377   0.04146   0.02360   0.02490   0.14479   0.12287   0.29276   0.16960   0.48058   1.44706   0.03952   0.03969  
 20 1168.8387   4904.007709  x:  0.00720   0.07743   0.02689   0.01627   0.01142   0.00929   0.01024   0.00000   0.16593   0.04403   0.06096   0.17136   0.20439   0.03839   0.02121   0.02954   0.14684   0.12373   0.29172   0.17047   0.47943   1.45432   0.03906   0.03637  
 21 156.5071   4903.687906  x:  0.00648   0.07669   0.02602   0.01616   0.01147   0.00929   0.01021   0.00449   0.16966   0.04490   0.05970   0.17196   0.20485   0.03863   0.02161   0.03007   0.14795   0.12354   0.29073   0.17128   0.47785   1.45701   0.03908   0.03660  
 22 133.5767   4902.873780  x:  0.00424   0.07180   0.02137   0.01546   0.01184   0.00928   0.01015   0.00237   0.18760   0.04827   0.05296   0.17483   0.20732   0.03951   0.02293   0.03269   0.15316   0.12161   0.28543   0.17568   0.46913   1.47066   0.03901   0.03711  
 23 159.1073   4902.487660  x:  0.00487   0.06953   0.02675   0.01514   0.01168   0.00936   0.00997   0.00142   0.19599   0.04651   0.05081   0.17699   0.20928   0.04069   0.02131   0.03271   0.15512   0.11901   0.28115   0.17938   0.46130   1.48061   0.03947   0.03924  
 24 104.6832   4901.968895  x:  0.00815   0.07366   0.02591   0.01536   0.01167   0.00935   0.01002   0.00119   0.19956   0.04669   0.05883   0.18210   0.21385   0.04065   0.02166   0.02681   0.15419   0.11486   0.26975   0.18834   0.43677   1.49312   0.03929   0.04038  
 25 53.8626   4901.490648  x:  0.00627   0.07168   0.02504   0.01524   0.01182   0.00932   0.01014   0.00191   0.18981   0.04575   0.05365   0.18160   0.21396   0.04003   0.02140   0.03128   0.15128   0.11699   0.25657   0.19615   0.40505   1.50530   0.03933   0.04166  
 26 54.8464   4901.449127  x:  0.00639   0.07359   0.02545   0.01542   0.01177   0.00934   0.01007   0.00156   0.19003   0.04704   0.05372   0.17936   0.21230   0.03986   0.02188   0.03079   0.15335   0.11961   0.25758   0.19451   0.40089   1.50748   0.03947   0.04197  
 27 11.6174   4901.396541  x:  0.00728   0.07139   0.02514   0.01531   0.01182   0.00933   0.01012   0.00181   0.19065   0.04620   0.05529   0.17609   0.20933   0.04016   0.02157   0.02985   0.15422   0.11812   0.26164   0.18943   0.39468   1.50894   0.03946   0.04223  
 28 10.6424   4901.349036  x:  0.00543   0.07288   0.02534   0.01530   0.01177   0.00934   0.01008   0.00159   0.19135   0.04670   0.05594   0.17777   0.20950   0.03971   0.02168   0.03231   0.15216   0.11656   0.26653   0.18551   0.39071   1.51086   0.03958   0.04242  
 29  8.0130   4901.264980  x:  0.00743   0.07342   0.02513   0.01535   0.01180   0.00933   0.01009   0.00175   0.19082   0.04638   0.05184   0.18201   0.21235   0.03972   0.02181   0.02971   0.15043   0.11748   0.27338   0.18253   0.38697   1.51291   0.03944   0.04243  
 30  9.2634   4901.052794  x:  0.00723   0.06685   0.02543   0.01530   0.01179   0.00934   0.00998   0.00168   0.18825   0.04719   0.05518   0.18721   0.21907   0.03997   0.02181   0.03031   0.15409   0.12265   0.28046   0.18185   0.38466   1.51832   0.03935   0.04227  
 31  9.7224   4898.286506  x:  0.00361   0.06991   0.02510   0.01442   0.01162   0.00929   0.00910   0.00206   0.17165   0.04814   0.05046   0.17076   0.24252   0.03799   0.02231   0.03349   0.17845   0.09838   0.30665   0.20335   0.39009   1.58037   0.04002   0.03997  
 32 12.4084   4886.799356  x:  0.01064   0.04990   0.02867   0.01299   0.01092   0.00929   0.00576   0.00000   0.17263   0.05841   0.05573   0.14718   0.22741   0.03150   0.02857   0.02735   0.12959   0.10380   0.32082   0.23275   0.42542   1.79314   0.04447   0.03548  
 33 88.2309   4886.799356  x:  0.01064   0.04990   0.02867   0.01299   0.01092   0.00929   0.00576   0.00000   0.17263   0.05841   0.05573   0.14718   0.22741   0.03150   0.02857   0.02735   0.12959   0.10380   0.32082   0.23275   0.42542   1.79314   0.04447   0.03548  
 34 142.9649   4885.599988  x:  0.01162   0.05076   0.02826   0.00921   0.01099   0.00603   0.00302   0.00015   0.17218   0.05862   0.05603   0.14831   0.22701   0.03095   0.02930   0.02749   0.13031   0.10383   0.32033   0.23204   0.42584   1.79382   0.04622   0.03759  
 35 308.6559   4885.256786  x:  0.01240   0.05146   0.02792   0.00692   0.01130   0.00529   0.00460   0.00025   0.17176   0.05879   0.05626   0.14933   0.22662   0.03046   0.02989   0.02752   0.13095   0.10383   0.31983   0.23135   0.42620   1.79447   0.04702   0.03847  
 36 288.9542   4884.905872  x:  0.01415   0.05307   0.02712   0.00534   0.01244   0.00751   0.00420   0.00042   0.17064   0.05913   0.05674   0.15201   0.22551   0.02922   0.03125   0.02735   0.13263   0.10379   0.31843   0.22942   0.42712   1.79627   0.04760   0.03895  
 37 179.9612   4883.929814  x:  0.01988   0.05853   0.02452   0.00817   0.01499   0.00666   0.00445   0.00081   0.16628   0.06026   0.05821   0.16230   0.22109   0.02482   0.03587   0.02591   0.13893   0.10349   0.31280   0.22172   0.43071   1.80348   0.04813   0.03929  
 38 322.3777   4883.181778  x:  0.02175   0.06085   0.02422   0.00717   0.01113   0.00621   0.00422   0.00048   0.16262   0.06082   0.05830   0.17060   0.21698   0.02320   0.03781   0.02246   0.14364   0.10296   0.30743   0.21447   0.43403   1.81046   0.04523   0.03706  
 39 283.3723   4882.500301  x:  0.02080   0.06031   0.02594   0.00773   0.01023   0.00675   0.00437   0.00000   0.16003   0.06088   0.05719   0.17665   0.21354   0.02460   0.03723   0.01841   0.14654   0.10234   0.30265   0.20804   0.43726   1.81716   0.04626   0.03909  
 40 228.0591   4882.500301  x:  0.02080   0.06031   0.02594   0.00773   0.01023   0.00675   0.00437   0.00000   0.16003   0.06088   0.05719   0.17665   0.21354   0.02460   0.03723   0.01841   0.14654   0.10234   0.30265   0.20804   0.43726   1.81716   0.04626   0.03909  
 41 262.3828   4882.328780  x:  0.02041   0.05937   0.02631   0.00742   0.01256   0.00573   0.00382   0.00013   0.16020   0.06067   0.05669   0.17652   0.21333   0.02539   0.03617   0.01879   0.14615   0.10230   0.30207   0.20730   0.43770   1.81827   0.04675   0.03882  
 42 96.4087   4882.193597  x:  0.01985   0.05793   0.02676   0.00693   0.01370   0.00651   0.00498   0.00019   0.16048   0.06031   0.05591   0.17631   0.21297   0.02647   0.03461   0.01942   0.14554   0.10221   0.30113   0.20612   0.43844   1.82009   0.04707   0.03868  
 43 134.1864   4881.912348  x:  0.01862   0.05448   0.02757   0.00668   0.01285   0.00755   0.00371   0.00015   0.16122   0.05938   0.05401   0.17577   0.21202   0.02882   0.03103   0.02104   0.14397   0.10197   0.29862   0.20296   0.44046   1.82511   0.04706   0.03890  
 44 184.5658   4881.740885  x:  0.01797   0.05249   0.02785   0.00735   0.01171   0.00614   0.00436   0.00014   0.16173   0.05882   0.05290   0.17541   0.21137   0.03002   0.02924   0.02214   0.14291   0.10182   0.29677   0.20065   0.44198   1.82895   0.04685   0.03914  
 45 259.7456   4880.940752  x:  0.01816   0.05082   0.02413   0.00903   0.01241   0.00680   0.00424   0.00164   0.16478   0.05833   0.05141   0.17360   0.20781   0.02887   0.03513   0.02736   0.13709   0.10127   0.28305   0.18398   0.45387   1.86060   0.04646   0.03920  
 46 91.9720   4880.622409  x:  0.01787   0.05136   0.02402   0.00632   0.01181   0.00609   0.00432   0.00102   0.16560   0.05842   0.05138   0.17307   0.20669   0.02766   0.03633   0.02781   0.13542   0.10116   0.27811   0.17813   0.45846   1.87318   0.04728   0.03972  
 47 396.4258   4880.239140  x:  0.01725   0.05297   0.02562   0.00695   0.01191   0.00625   0.00430   0.00000   0.16587   0.05884   0.05185   0.17280   0.20601   0.02622   0.03584   0.02642   0.13475   0.10119   0.27429   0.17386   0.46244   1.88470   0.04790   0.04020  
 48 304.9818   4879.951875  x:  0.01718   0.05549   0.02691   0.00651   0.01188   0.00615   0.00431   0.00176   0.16575   0.05976   0.05276   0.17272   0.20555   0.02655   0.03459   0.02391   0.13512   0.10139   0.27044   0.17013   0.46729   1.90010   0.04557   0.03899  
 49 280.9431   4879.246336  x:  0.02105   0.06093   0.02267   0.00690   0.01156   0.00615   0.00430   0.00132   0.16382   0.06000   0.05523   0.17340   0.20595   0.03412   0.03159   0.01836   0.13979   0.10258   0.26429   0.16665   0.47951   1.94276   0.04693   0.03920  
 50 228.1541   4878.218262  x:  0.03094   0.05853   0.02620   0.00649   0.01237   0.00616   0.00433   0.00193   0.15937   0.05887   0.05570   0.17458   0.20844   0.03374   0.03061   0.02007   0.14885   0.10401   0.26241   0.17292   0.49745   2.01467   0.04576   0.04267  
 51 211.1854   4877.104383  x:  0.03600   0.05315   0.02747   0.00662   0.01147   0.00611   0.00427   0.00088   0.15543   0.05756   0.05501   0.17573   0.21119   0.03104   0.03095   0.01924   0.15632   0.10451   0.26209   0.18131   0.51440   2.08761   0.04781   0.03594  
 52 882.8797   4875.660117  x:  0.03163   0.04368   0.02381   0.00639   0.01210   0.00616   0.00429   0.00221   0.15265   0.05745   0.05271   0.17709   0.21470   0.02695   0.03353   0.01195   0.16098   0.10303   0.26493   0.19581   0.53556   2.18432   0.04742   0.03730  
 53 720.8971   4873.629548  x:  0.01625   0.05114   0.02687   0.00671   0.01098   0.00600   0.00425   0.00292   0.15803   0.06190   0.05132   0.17982   0.21949   0.03215   0.03732   0.02183   0.15044   0.09810   0.27847   0.22542   0.56275   2.33668   0.05034   0.03618  
 54 362.2001   4873.192454  x:  0.01441   0.05302   0.02534   0.00648   0.01166   0.00602   0.00429   0.00000   0.15945   0.06150   0.05140   0.18011   0.22002   0.03162   0.03619   0.02391   0.14747   0.09769   0.28131   0.23059   0.56680   2.36351   0.04786   0.03558  
 55 614.0779   4872.932244  x:  0.01638   0.05386   0.02329   0.00665   0.01137   0.00607   0.00426   0.00000   0.16144   0.06050   0.05236   0.17982   0.21942   0.02878   0.03288   0.02378   0.14425   0.09914   0.28329   0.23176   0.56594   2.37229   0.05008   0.03579  
 56 83.7531   4872.685885  x:  0.02070   0.05271   0.02514   0.00661   0.01134   0.00605   0.00426   0.00000   0.16563   0.05785   0.05412   0.17821   0.21702   0.03017   0.03398   0.01983   0.13668   0.10342   0.28862   0.23321   0.56141   2.39378   0.05000   0.03567  
 57 70.1558   4872.508348  x:  0.02234   0.05163   0.02441   0.00659   0.01147   0.00606   0.00427   0.00000   0.16674   0.06411   0.05421   0.17580   0.21352   0.03024   0.03323   0.01978   0.13556   0.10450   0.29519   0.23054   0.55006   2.41641   0.04962   0.03590  
 58 43.2728   4872.007883  x:  0.02012   0.05241   0.02468   0.00658   0.01143   0.00605   0.00426   0.00000   0.16368   0.06001   0.05494   0.17040   0.20535   0.03019   0.03374   0.02079   0.14173   0.10253   0.31201   0.21452   0.50762   2.46092   0.05043   0.03775  
 59 82.3060   4871.897672  x:  0.02013   0.05086   0.02476   0.00658   0.01144   0.00605   0.00426   0.00000   0.16330   0.06024   0.05734   0.17639   0.21193   0.03037   0.03353   0.02124   0.14069   0.10151   0.31343   0.21018   0.49505   2.47331   0.05019   0.03830  
 60 29.0572   4871.865627  x:  0.02064   0.05176   0.02477   0.00656   0.01146   0.00605   0.00426   0.00000   0.16365   0.06022   0.05369   0.17790   0.21483   0.03022   0.03368   0.02080   0.14047   0.10219   0.31266   0.20950   0.49060   2.47683   0.05013   0.03852  
 61 18.6678   4871.853933  x:  0.02001   0.05173   0.02473   0.00657   0.01147   0.00605   0.00426   0.00000   0.16438   0.06021   0.05419   0.17646   0.21565   0.03022   0.03367   0.02119   0.14092   0.10339   0.30866   0.21161   0.48735   2.47853   0.05011   0.03870  
 62  4.2419   4871.848024  x:  0.02045   0.05179   0.02478   0.00656   0.01147   0.00605   0.00426   0.00000   0.16414   0.06020   0.05420   0.17604   0.21532   0.03026   0.03362   0.02101   0.14048   0.10212   0.30615   0.21313   0.48551   2.47942   0.05014   0.03879  
 63  6.9247   4871.845903  x:  0.02034   0.05183   0.02477   0.00656   0.01147   0.00605   0.00426   0.00000   0.16362   0.06021   0.05412   0.17697   0.21435   0.03024   0.03365   0.02107   0.14031   0.10247   0.30526   0.21370   0.48495   2.47975   0.05015   0.03882  
 64  2.1980   4871.842228  x:  0.02036   0.05183   0.02482   0.00655   0.01150   0.00605   0.00426   0.00000   0.16503   0.06012   0.05409   0.17783   0.21370   0.03019   0.03365   0.02104   0.14097   0.10214   0.30498   0.21396   0.48501   2.48092   0.05010   0.03881  
 65  0.6596   4871.087921  x:  0.01868   0.05516   0.02753   0.00741   0.01189   0.00636   0.00417   0.00000   0.16234   0.05836   0.05436   0.17832   0.21776   0.02709   0.03257   0.02177   0.14052   0.10194   0.29302   0.21281   0.52674   2.66699   0.04973   0.03764  
 66  1.5560   4871.037276  x:  0.02043   0.05380   0.02690   0.00733   0.01173   0.00628   0.00419   0.00000   0.16260   0.05908   0.05451   0.17757   0.21608   0.02837   0.03325   0.02043   0.14117   0.10229   0.29395   0.20792   0.52637   2.69853   0.05017   0.03787  
 67  0.0307   4871.036228  x:  0.02030   0.05383   0.02677   0.00726   0.01173   0.00627   0.00420   0.00000   0.16273   0.05911   0.05454   0.17754   0.21597   0.02823   0.03308   0.02041   0.14100   0.10233   0.29431   0.20807   0.52633   2.70372   0.05020   0.03791  
 68  0.0051   4871.036182  x:  0.02033   0.05381   0.02674   0.00726   0.01173   0.00627   0.00420   0.00000   0.16269   0.05909   0.05453   0.17757   0.21603   0.02823   0.03309   0.02045   0.14105   0.10233   0.29427   0.20828   0.52647   2.70459   0.05019   0.03790  
 69  0.0008   4871.036181  x:  0.02033   0.05381   0.02674   0.00726   0.01173   0.00627   0.00420   0.00000   0.16269   0.05909   0.05453   0.17757   0.21603   0.02823   0.03309   0.02044   0.14105   0.10233   0.29429   0.20829   0.52647   2.70463   0.05018   0.03789  
 70  0.0001   4871.036181  x:  0.02033   0.05381   0.02674   0.00726   0.01173   0.00627   0.00420   0.00000   0.16269   0.05909   0.05453   0.17756   0.21603   0.02823   0.03309   0.02044   0.14105   0.10233   0.29429   0.20829   0.52646   2.70463   0.05018   0.03789  
 71  0.0000   4871.036181  x:  0.02033   0.05381   0.02674   0.00726   0.01173   0.00627   0.00420   0.00000   0.16269   0.05909   0.05453   0.17756   0.21603   0.02823   0.03309   0.02044   0.14105   0.10233   0.29429   0.20829   0.52646   2.70463   0.05018   0.03789  
 72  0.0000   4871.036181  x:  0.02033   0.05381   0.02674   0.00726   0.01173   0.00627   0.00420   0.00000   0.16269   0.05909   0.05453   0.17756   0.21603   0.02823   0.03309   0.02044   0.14105   0.10233   0.29429   0.20829   0.52646   2.70463   0.05018   0.03789  