

TREE # 1

  0  0.0000   5604.096217  x:  0.00000   0.09482   0.05316   0.02327   0.04689   0.04051   0.02242   0.03540   0.11473   0.09792   0.02620   0.11396   0.12122   0.05425   0.03951   0.05299   0.10944   0.10366   0.13671   0.10972   0.18865   0.21889   0.21838   0.16957  
  1 99.0000   5376.879711  x:  0.05696   0.09178   0.03846   0.00416   0.02713   0.01776   0.00000   0.01578   0.12409   0.08930   0.04500   0.12221   0.13075   0.03890   0.03332   0.04755   0.11744   0.10367   0.14979   0.11613   0.20238   0.30795   0.14717   0.15937  
  2 2253.4437   5340.398819  x:  0.06949   0.09109   0.03517   0.00000   0.02274   0.01270   0.00102   0.01141   0.12618   0.08737   0.04916   0.12405   0.13287   0.03548   0.03194   0.04632   0.11922   0.10368   0.15271   0.11757   0.20545   0.32781   0.13118   0.15709  
  3 61340.0825   5256.554455  x:  0.10081   0.08935   0.02694   0.00117   0.01173   0.00000   0.00332   0.00042   0.13143   0.08252   0.05958   0.12868   0.13822   0.02690   0.02850   0.04318   0.12370   0.10369   0.16005   0.12117   0.21317   0.37769   0.09090   0.15134  
  4 100108.6139   5251.341662  x:  0.10200   0.08929   0.02662   0.00121   0.01131   0.00001   0.00340   0.00000   0.13163   0.08234   0.05997   0.12886   0.13842   0.02657   0.02836   0.04306   0.12387   0.10369   0.16033   0.12131   0.21346   0.37960   0.08936   0.15112  
  5 77786.8612   5173.332758  x:  0.10407   0.08569   0.02376   0.00144   0.01257   0.00003   0.00388   0.02518   0.13632   0.07799   0.06263   0.13321   0.14391   0.02375   0.02870   0.03571   0.12740   0.10413   0.16766   0.12553   0.22250   0.42012   0.03245   0.14347  
  6 3868.7106   5096.785304  x:  0.04977   0.06716   0.01317   0.00153   0.03726   0.00003   0.00385   0.04591   0.15043   0.05805   0.05611   0.15296   0.17046   0.03561   0.04185   0.00000   0.14139   0.10948   0.20235   0.14985   0.26883   0.54763   0.05454   0.10869  
  7 959.9959   5064.749515  x:  0.00000   0.05740   0.02048   0.00127   0.03999   0.00003   0.00315   0.03886   0.15635   0.04930   0.04667   0.16320   0.18503   0.04051   0.04514   0.03301   0.14815   0.11295   0.22312   0.16357   0.29741   0.61375   0.05551   0.08432  
  8 1670.9690   5064.749515  x:  0.00000   0.05740   0.02048   0.00127   0.03999   0.00003   0.00315   0.03886   0.15635   0.04930   0.04667   0.16320   0.18503   0.04051   0.04514   0.03301   0.14815   0.11295   0.22312   0.16357   0.29741   0.61375   0.05551   0.08432  
  9 323.2506   5052.977379  x:  0.00006   0.05741   0.02049   0.00148   0.03995   0.00778   0.00324   0.03883   0.15636   0.04931   0.04667   0.16321   0.18503   0.04049   0.04512   0.03301   0.14815   0.11295   0.22313   0.16358   0.29742   0.61380   0.05539   0.08431  
 10 57516.3437   5038.963630  x:  0.00786   0.05908   0.02119   0.02687   0.03434   0.00765   0.00599   0.03343   0.15662   0.05025   0.04762   0.16344   0.18547   0.03751   0.04291   0.03375   0.14818   0.11247   0.22409   0.16376   0.29880   0.62030   0.03859   0.08233  
 11 1693.6799   5027.579835  x:  0.01417   0.06196   0.02151   0.02127   0.01987   0.00772   0.00134   0.02018   0.15723   0.05240   0.04978   0.16441   0.18703   0.03102   0.03809   0.03293   0.14841   0.11146   0.22695   0.16482   0.30310   0.63624   0.02873   0.07736  
 12 698.0669   5019.749311  x:  0.02018   0.06465   0.02200   0.01790   0.00626   0.00770   0.00651   0.00730   0.15782   0.05451   0.05187   0.16542   0.18863   0.02500   0.03361   0.03200   0.14866   0.11048   0.22986   0.16592   0.30748   0.65208   0.02685   0.07246  
 13 3221.6337   5016.023780  x:  0.02335   0.06596   0.02259   0.01897   0.00247   0.00771   0.00462   0.00131   0.15812   0.05571   0.05295   0.16598   0.18951   0.02235   0.03162   0.03136   0.14880   0.10996   0.23147   0.16653   0.30993   0.66083   0.03023   0.06980  
 14 1756.8537   5014.659565  x:  0.02423   0.06638   0.02285   0.01883   0.00318   0.00771   0.00462   0.00000   0.15822   0.05615   0.05331   0.16617   0.18980   0.02159   0.03103   0.03109   0.14883   0.10979   0.23200   0.16673   0.31075   0.66377   0.03043   0.06891  
 15 1400.4404   4997.422823  x:  0.04386   0.07620   0.03279   0.01606   0.00554   0.00772   0.00421   0.00756   0.16150   0.06914   0.06207   0.17110   0.19717   0.00791   0.01979   0.02290   0.14966   0.10536   0.24568   0.17165   0.33225   0.74100   0.03487   0.04532  
 16 1783.0796   4979.724337  x:  0.06294   0.08451   0.03868   0.01297   0.00628   0.00773   0.00435   0.00807   0.16549   0.08126   0.07063   0.17688   0.20613   0.02863   0.02452   0.01021   0.15033   0.10001   0.26278   0.17755   0.35985   0.84108   0.03682   0.02124  
 17 2238.5204   4961.986789  x:  0.06973   0.08430   0.03565   0.01215   0.00676   0.00773   0.00437   0.00984   0.16872   0.08477   0.07342   0.18031   0.21224   0.03280   0.02884   0.00000   0.15033   0.09676   0.27578   0.18152   0.38215   0.92404   0.03795   0.04081  
 18 1350.5960   4940.992007  x:  0.07995   0.07413   0.01809   0.00936   0.00920   0.00773   0.00431   0.01726   0.17681   0.08594   0.07604   0.18904   0.22928   0.04494   0.04339   0.04737   0.14991   0.08965   0.31492   0.19254   0.45114   1.18543   0.04214   0.09062  
 19 3364.2362   4914.104757  x:  0.01778   0.02988   0.01779   0.01945   0.00738   0.00769   0.00414   0.01564   0.16728   0.04665   0.04938   0.18377   0.22859   0.04077   0.03498   0.04713   0.14565   0.09598   0.32692   0.19107   0.48724   1.35382   0.03941   0.08344  
 20 718.8362   4910.836875  x:  0.00000   0.04255   0.02888   0.02164   0.00654   0.00768   0.00418   0.01365   0.16260   0.04499   0.04505   0.18077   0.22484   0.04017   0.03742   0.04938   0.14422   0.10050   0.32360   0.18797   0.48850   1.37927   0.03870   0.08572  
 21 318.2078   4910.836875  x:  0.00000   0.04255   0.02888   0.02164   0.00654   0.00768   0.00418   0.01365   0.16260   0.04499   0.04505   0.18077   0.22484   0.04017   0.03742   0.04938   0.14422   0.10050   0.32360   0.18797   0.48850   1.37927   0.03870   0.08572  
 22 137.1576   4905.605057  x:  0.00425   0.04810   0.02693   0.00932   0.01636   0.00391   0.00463   0.00528   0.16198   0.04915   0.04737   0.18053   0.22427   0.03453   0.03438   0.04639   0.14419   0.10087   0.32251   0.18738   0.48793   1.38267   0.03438   0.08258  
 23 450.9010   4904.250402  x:  0.00567   0.05021   0.02638   0.00499   0.01747   0.00637   0.00435   0.00260   0.16170   0.05092   0.04828   0.18045   0.22401   0.03226   0.03329   0.04477   0.14421   0.10098   0.32201   0.18715   0.48771   1.38432   0.03657   0.08107  
 24 681.7854   4902.636382  x:  0.00893   0.05572   0.02609   0.00705   0.01579   0.00447   0.00403   0.00000   0.16089   0.05631   0.05075   0.18015   0.22299   0.02624   0.03088   0.03890   0.14424   0.10120   0.32014   0.18630   0.48686   1.38996   0.03968   0.07592  
 25 277.9459   4901.270575  x:  0.01225   0.06143   0.02634   0.00813   0.01305   0.00668   0.00485   0.00101   0.16004   0.06216   0.05335   0.17971   0.22160   0.02091   0.02930   0.03161   0.14425   0.10142   0.31765   0.18511   0.48568   1.39710   0.03696   0.06963  
 26 635.0031   4900.474271  x:  0.01398   0.06389   0.02660   0.00626   0.01127   0.00537   0.00310   0.00272   0.15948   0.06457   0.05465   0.17924   0.22026   0.02249   0.03144   0.02562   0.14422   0.10162   0.31523   0.18396   0.48461   1.40390   0.03709   0.06472  
 27 274.8975   4899.837678  x:  0.01590   0.06569   0.02652   0.00596   0.01134   0.00500   0.00569   0.00284   0.15890   0.06600   0.05572   0.17867   0.21871   0.02539   0.03420   0.01962   0.14418   0.10188   0.31243   0.18264   0.48340   1.41180   0.03796   0.05979  
 28 556.7125   4899.228150  x:  0.01830   0.06659   0.02612   0.00796   0.01319   0.00650   0.00448   0.00109   0.15839   0.06618   0.05645   0.17801   0.21702   0.02822   0.03647   0.01485   0.14416   0.10221   0.30935   0.18119   0.48207   1.42051   0.03775   0.05559  
 29 468.6593   4898.344632  x:  0.02203   0.06527   0.02621   0.00784   0.01175   0.00640   0.00456   0.00000   0.15825   0.06414   0.05643   0.17719   0.21488   0.02864   0.03617   0.01444   0.14422   0.10275   0.30533   0.17937   0.48034   1.43219   0.03743   0.05363  
 30 194.2060   4895.979634  x:  0.03611   0.05798   0.02816   0.00791   0.01653   0.00620   0.00437   0.00715   0.15843   0.05666   0.05612   0.17326   0.20439   0.02657   0.03174   0.01218   0.14429   0.10502   0.28499   0.17056   0.47154   1.49340   0.04128   0.04828  
 31 858.0642   4892.882586  x:  0.03326   0.05007   0.02413   0.00719   0.01609   0.00569   0.00436   0.00641   0.15970   0.05663   0.05558   0.16966   0.19471   0.02381   0.02944   0.00346   0.14322   0.10514   0.26278   0.16291   0.46103   1.56962   0.04184   0.05903  
 32 468.8605   4888.300042  x:  0.02510   0.05312   0.02201   0.00798   0.01619   0.00618   0.00440   0.00494   0.16096   0.07241   0.05973   0.16485   0.18045   0.02607   0.03681   0.01690   0.14136   0.10431   0.22414   0.15289   0.44090   1.72163   0.04340   0.07459  
 33 900.3843   4885.052511  x:  0.00829   0.06423   0.03810   0.00739   0.01644   0.00609   0.00437   0.00108   0.15948   0.06273   0.05845   0.16676   0.18579   0.02774   0.03072   0.01934   0.14052   0.10067   0.21803   0.16363   0.43077   1.82818   0.04317   0.07494  
 34 337.2849   4880.607585  x:  0.00502   0.07597   0.02104   0.00770   0.01604   0.00591   0.00433   0.00576   0.15897   0.04925   0.05534   0.17436   0.20669   0.02659   0.03132   0.02181   0.14099   0.09565   0.23176   0.19340   0.42258   1.97397   0.04363   0.07686  
 35 430.4874   4876.988584  x:  0.01963   0.06400   0.02982   0.00788   0.01650   0.00627   0.00436   0.00457   0.15980   0.06026   0.04787   0.18285   0.23198   0.02743   0.03652   0.01801   0.14237   0.09602   0.26005   0.22695   0.42182   2.11602   0.04337   0.08719  
 36 466.1833   4875.956927  x:  0.01364   0.05118   0.02734   0.00749   0.01671   0.00606   0.00433   0.00333   0.15927   0.06653   0.05028   0.18447   0.23528   0.02748   0.03313   0.02062   0.14253   0.10203   0.27284   0.23072   0.42898   2.15377   0.04283   0.07827  
 37 158.5944   4874.786958  x:  0.01255   0.05397   0.02939   0.00774   0.01649   0.00620   0.00434   0.00345   0.16366   0.06187   0.05957   0.18068   0.22306   0.02537   0.03762   0.02029   0.14093   0.10870   0.30818   0.21156   0.46961   2.20516   0.04236   0.08313  
 38 58.7088   4874.458711  x:  0.01324   0.05594   0.02817   0.00788   0.01621   0.00630   0.00434   0.00374   0.16273   0.06392   0.05529   0.17912   0.21995   0.02961   0.03240   0.02052   0.14089   0.10397   0.31768   0.20417   0.48342   2.21939   0.04221   0.08394  
 39 88.1437   4874.373109  x:  0.01261   0.05526   0.02825   0.00776   0.01636   0.00623   0.00434   0.00354   0.16073   0.06392   0.05227   0.17922   0.22077   0.02765   0.03445   0.02086   0.14147   0.10022   0.31894   0.20115   0.48859   2.22321   0.04216   0.08284  
 40 34.1337   4874.319843  x:  0.01296   0.05518   0.02830   0.00778   0.01633   0.00625   0.00434   0.00367   0.15840   0.06374   0.05335   0.18244   0.22630   0.02805   0.03409   0.02070   0.14296   0.09995   0.31615   0.19799   0.49524   2.22570   0.04206   0.08342  
 41 13.3672   4874.299853  x:  0.01288   0.05577   0.02821   0.00779   0.01630   0.00625   0.00434   0.00362   0.15989   0.06386   0.05132   0.18297   0.22838   0.02790   0.03424   0.02067   0.14230   0.10174   0.31377   0.19806   0.49929   2.22668   0.04201   0.08313  
 42  9.7093   4874.283523  x:  0.01305   0.05538   0.02827   0.00779   0.01629   0.00625   0.00434   0.00356   0.16145   0.06389   0.05220   0.18254   0.22878   0.02794   0.03417   0.02068   0.14079   0.10045   0.31082   0.20072   0.50402   2.22751   0.04194   0.08280  
 43  6.8621   4874.266453  x:  0.01309   0.05544   0.02822   0.00778   0.01629   0.00626   0.00434   0.00362   0.15988   0.06389   0.05226   0.18147   0.22728   0.02797   0.03418   0.02066   0.14226   0.10095   0.30769   0.20507   0.50923   2.22845   0.04185   0.08306  
 44  7.7588   4874.241421  x:  0.01322   0.05545   0.02821   0.00776   0.01626   0.00625   0.00434   0.00357   0.15931   0.06386   0.05160   0.18651   0.22446   0.02788   0.03428   0.02064   0.14115   0.10100   0.30708   0.20632   0.51021   2.23059   0.04182   0.08294  
 45  1.0000   4873.792041  x:  0.01334   0.05481   0.02819   0.00755   0.01550   0.00619   0.00431   0.00254   0.17090   0.06296   0.05196   0.19223   0.22098   0.02769   0.03413   0.02068   0.15565   0.09755   0.30508   0.20644   0.51025   2.27172   0.04162   0.07908  
 46  3.1411   4870.894178  x:  0.02070   0.05321   0.02577   0.00650   0.00938   0.00591   0.00409   0.00000   0.15932   0.05321   0.05396   0.17893   0.22141   0.02746   0.03254   0.02218   0.14044   0.10359   0.29473   0.20216   0.50545   2.58236   0.04134   0.06332  
 47 70.6612   4870.426849  x:  0.02042   0.05512   0.02656   0.00715   0.01233   0.00625   0.00408   0.00118   0.15909   0.05803   0.05441   0.17976   0.22115   0.02852   0.03345   0.02141   0.14129   0.10290   0.29191   0.20330   0.50410   2.62389   0.04202   0.06920  
 48  0.0411   4870.371924  x:  0.01990   0.05454   0.02747   0.00738   0.01159   0.00632   0.00425   0.00078   0.16040   0.05834   0.05416   0.18066   0.22020   0.02870   0.03341   0.02116   0.14241   0.10234   0.28888   0.20332   0.50455   2.67266   0.04222   0.07013  
 49  0.0377   4870.365995  x:  0.01980   0.05441   0.02712   0.00723   0.01175   0.00626   0.00419   0.00083   0.16020   0.05805   0.05418   0.18026   0.22012   0.02841   0.03336   0.02104   0.14197   0.10242   0.28892   0.20299   0.50478   2.68544   0.04218   0.06968  
 50  0.0110   4870.365217  x:  0.01982   0.05445   0.02704   0.00723   0.01170   0.00625   0.00419   0.00091   0.16014   0.05792   0.05419   0.18029   0.22025   0.02842   0.03334   0.02076   0.14198   0.10249   0.28930   0.20310   0.50510   2.68588   0.04215   0.07009  
 51  0.0005   4870.365042  x:  0.01987   0.05443   0.02708   0.00723   0.01173   0.00625   0.00419   0.00089   0.16019   0.05797   0.05418   0.18036   0.22026   0.02841   0.03333   0.02059   0.14203   0.10246   0.28921   0.20315   0.50510   2.68492   0.04214   0.06994  
 52  0.0007   4870.365023  x:  0.01994   0.05441   0.02708   0.00724   0.01173   0.00626   0.00419   0.00089   0.16017   0.05796   0.05418   0.18031   0.22022   0.02841   0.03333   0.02055   0.14200   0.10247   0.28921   0.20308   0.50503   2.68483   0.04215   0.06994  
 53  0.0001   4870.365022  x:  0.01994   0.05442   0.02707   0.00724   0.01172   0.00626   0.00419   0.00089   0.16017   0.05797   0.05418   0.18032   0.22022   0.02841   0.03333   0.02055   0.14200   0.10247   0.28920   0.20307   0.50504   2.68486   0.04215   0.06994  
 54  0.0000   4870.365022  x:  0.01995   0.05441   0.02707   0.00724   0.01172   0.00626   0.00419   0.00089   0.16017   0.05797   0.05418   0.18032   0.22022   0.02841   0.03333   0.02055   0.14200   0.10247   0.28920   0.20308   0.50505   2.68486   0.04215   0.06994  
 55  0.0000   4870.365022  x:  0.01995   0.05441   0.02707   0.00724   0.01172   0.00626   0.00419   0.00089   0.16017   0.05797   0.05418   0.18032   0.22022   0.02841   0.03333   0.02055   0.14200   0.10247   0.28920   0.20308   0.50505   2.68486   0.04215   0.06994  
 56  0.0000   4870.365022  x:  0.01995   0.05441   0.02707   0.00724   0.01172   0.00626   0.00419   0.00089   0.16017   0.05797   0.05418   0.18032   0.22022   0.02841   0.03333   0.02055   0.14200   0.10247   0.28920   0.20308   0.50505   2.68486   0.04215   0.06994  