

TREE # 1

  0  0.0000   5521.886808  x:  0.00000   0.09083   0.03842   0.01612   0.01929   0.02393   0.02759   0.00042   0.11457   0.09870   0.00626   0.13815   0.13759   0.03031   0.04306   0.02633   0.14075   0.08941   0.16376   0.12236   0.25008   0.22093   0.18217   0.16771  
  1 99.0000   5332.755924  x:  0.09985   0.09084   0.03021   0.00000   0.00932   0.00279   0.00247   0.04194   0.12538   0.09007   0.09699   0.14443   0.14644   0.02160   0.03683   0.03992   0.14298   0.09305   0.17155   0.12521   0.25602   0.31584   0.11011   0.14298  
  2 2824.1810   5320.606406  x:  0.10796   0.09084   0.02954   0.00031   0.00851   0.00108   0.00044   0.04531   0.12626   0.08937   0.10436   0.14494   0.14716   0.02089   0.03633   0.04102   0.14316   0.09334   0.17218   0.12544   0.25651   0.32356   0.10425   0.14097  
  3 264345.2638   5237.794393  x:  0.17349   0.08901   0.02161   0.00211   0.00564   0.02141   0.04485   0.06966   0.13519   0.08170   0.16477   0.14969   0.15402   0.01594   0.03122   0.04774   0.14486   0.09643   0.17910   0.12827   0.26199   0.40108   0.03821   0.11881  
  4 9823.3253   5198.382393  x:  0.16939   0.07728   0.00955   0.00192   0.03951   0.01494   0.04403   0.05294   0.14313   0.07349   0.16122   0.15351   0.15770   0.03273   0.03020   0.03539   0.14669   0.09993   0.18908   0.13526   0.27239   0.45646   0.02109   0.08973  
  5 1248.0336   5153.251217  x:  0.17046   0.06523   0.00000   0.00194   0.06251   0.01120   0.04790   0.03789   0.15186   0.06477   0.16248   0.15785   0.16217   0.04546   0.02820   0.02334   0.14873   0.10370   0.20008   0.14281   0.28381   0.51885   0.03502   0.05765  
  6 5404.3164   5125.279987  x:  0.17133   0.05185   0.00143   0.00196   0.08831   0.00698   0.05203   0.02108   0.16153   0.05512   0.16357   0.16266   0.16712   0.05969   0.02601   0.00991   0.15099   0.10787   0.21227   0.15118   0.29647   0.58789   0.04938   0.02210  
  7 54419.3360   5099.488648  x:  0.16015   0.04546   0.00141   0.00185   0.07594   0.00895   0.04759   0.01100   0.16505   0.05429   0.15616   0.16368   0.17210   0.05434   0.02527   0.00000   0.15118   0.10882   0.21967   0.15566   0.30467   0.62708   0.04703   0.02435  
  8 1002.4837   5024.313185  x:  0.09690   0.02254   0.00124   0.00143   0.02719   0.00878   0.03454   0.00000   0.17810   0.05785   0.10933   0.16750   0.19125   0.03720   0.02651   0.03330   0.15210   0.11232   0.25217   0.17444   0.34040   0.79003   0.03784   0.02304  
  9 3112.0192   4991.291097  x:  0.04798   0.01743   0.00122   0.00118   0.00465   0.01058   0.02611   0.02865   0.18692   0.06246   0.07417   0.17036   0.20378   0.03172   0.02886   0.03725   0.15238   0.11377   0.27398   0.18715   0.36524   0.90261   0.03537   0.03040  
 10 4864.6320   4972.006881  x:  0.01925   0.04741   0.00153   0.00099   0.01540   0.01707   0.01874   0.03205   0.18768   0.06704   0.05752   0.17106   0.21405   0.01121   0.03139   0.04960   0.15087   0.11173   0.28754   0.19341   0.38197   0.98384   0.03993   0.05659  
 11 1518.5850   4966.023949  x:  0.00996   0.07225   0.00157   0.00096   0.00762   0.01613   0.01802   0.02800   0.18156   0.06755   0.05403   0.17022   0.21560   0.02536   0.03836   0.05244   0.14839   0.10767   0.28853   0.19180   0.38616   1.01032   0.04023   0.06178  
 12 585.3442   4964.121838  x:  0.00463   0.08106   0.00147   0.00093   0.00474   0.01148   0.01950   0.02827   0.17039   0.06779   0.05165   0.16763   0.21259   0.02033   0.03544   0.05050   0.14481   0.10217   0.28328   0.18545   0.38592   1.01918   0.03909   0.05447  
 13 192.4301   4961.947484  x:  0.00132   0.07809   0.00148   0.00089   0.00614   0.01672   0.01585   0.02868   0.14443   0.07228   0.04971   0.16006   0.20809   0.02051   0.03862   0.05085   0.13678   0.09128   0.26942   0.16909   0.38429   1.03492   0.04005   0.05289  
 14 197.5610   4961.517962  x:  0.00449   0.07658   0.00152   0.00090   0.00659   0.01228   0.01836   0.02848   0.14021   0.07180   0.04475   0.15786   0.20661   0.02145   0.03784   0.05095   0.13645   0.09337   0.26324   0.16286   0.38355   1.03959   0.04060   0.05669  
 15 83.1470   4961.284719  x:  0.00464   0.07749   0.00152   0.00088   0.00627   0.01470   0.01671   0.02859   0.14152   0.06948   0.04228   0.15744   0.20435   0.02190   0.03581   0.05152   0.13783   0.09840   0.25527   0.15650   0.38205   1.04271   0.04068   0.05669  
 16 52.4942   4961.195253  x:  0.00266   0.07709   0.00153   0.00088   0.00639   0.01372   0.01717   0.02844   0.14381   0.06954   0.04373   0.15799   0.20346   0.02154   0.03738   0.05157   0.13832   0.09938   0.25050   0.15384   0.38094   1.04416   0.04082   0.05716  
 17 38.3529   4961.137019  x:  0.00368   0.07737   0.00153   0.00088   0.00635   0.01387   0.01702   0.02824   0.14685   0.07140   0.04197   0.15917   0.20282   0.02127   0.03812   0.05149   0.13825   0.09684   0.24613   0.15408   0.37984   1.04531   0.04083   0.05678  
 18 16.8436   4961.070112  x:  0.00304   0.07699   0.00154   0.00088   0.00645   0.01367   0.01711   0.02818   0.14707   0.07090   0.04224   0.16088   0.20321   0.02229   0.03530   0.05192   0.13806   0.09511   0.24125   0.15774   0.37828   1.04656   0.04100   0.05778  
 19 11.7232   4960.908573  x:  0.00326   0.07721   0.00153   0.00087   0.00639   0.01378   0.01692   0.02860   0.14429   0.06798   0.04063   0.16315   0.20411   0.02125   0.03808   0.05197   0.13852   0.09657   0.23196   0.16831   0.37498   1.04897   0.04099   0.05721  
 20 23.6234   4960.667123  x:  0.00270   0.07827   0.00150   0.00087   0.00652   0.01355   0.01695   0.02830   0.14304   0.07573   0.04082   0.15991   0.20542   0.02163   0.03707   0.05132   0.13849   0.10229   0.22762   0.17498   0.37317   1.05175   0.04103   0.05521  
 21 12.9112   4958.378503  x:  0.00000   0.08170   0.00137   0.00084   0.00748   0.01224   0.01679   0.03076   0.15404   0.06755   0.03750   0.13253   0.21093   0.02190   0.03629   0.05045   0.13162   0.10116   0.22773   0.18287   0.37337   1.06861   0.04167   0.04834  
 22 12.7140   4958.378503  x:  0.00000   0.08170   0.00137   0.00084   0.00748   0.01224   0.01679   0.03076   0.15404   0.06755   0.03750   0.13253   0.21093   0.02190   0.03629   0.05045   0.13162   0.10116   0.22773   0.18287   0.37337   1.06861   0.04167   0.04834  
 23 46.2096   4946.714216  x:  0.00063   0.08156   0.01251   0.01658   0.00910   0.01118   0.01511   0.02991   0.15411   0.06728   0.03790   0.13296   0.21090   0.02215   0.03620   0.05019   0.13177   0.10124   0.22791   0.18288   0.37351   1.06918   0.04229   0.04742  
 24 3949.0075   4937.797404  x:  0.00405   0.07987   0.01985   0.01187   0.01180   0.00401   0.00289   0.02097   0.15456   0.06511   0.04107   0.13611   0.21074   0.02390   0.03556   0.04768   0.13280   0.10174   0.22924   0.18289   0.37462   1.07349   0.04608   0.04058  
 25 612.3295   4931.699143  x:  0.00836   0.07604   0.03002   0.00584   0.01385   0.01114   0.00273   0.00243   0.15553   0.06085   0.04703   0.14237   0.21052   0.02640   0.03438   0.04156   0.13488   0.10251   0.23186   0.18275   0.37675   1.08278   0.04541   0.02889  
 26 652.1737   4930.831796  x:  0.00870   0.07529   0.03056   0.00557   0.01374   0.00973   0.00421   0.00000   0.15576   0.06031   0.04801   0.14351   0.21053   0.02660   0.03423   0.04023   0.13527   0.10259   0.23236   0.18271   0.37717   1.08467   0.04517   0.02842  
 27 529.3376   4930.831796  x:  0.00870   0.07529   0.03056   0.00557   0.01374   0.00973   0.00421   0.00000   0.15576   0.06031   0.04801   0.14351   0.21053   0.02660   0.03423   0.04023   0.13527   0.10259   0.23236   0.18271   0.37717   1.08467   0.04517   0.02842  
 28 369.8119   4929.494183  x:  0.00807   0.07407   0.02935   0.00927   0.01246   0.00502   0.00439   0.00063   0.15630   0.06031   0.04922   0.14524   0.21065   0.02624   0.03416   0.03772   0.13588   0.10256   0.23318   0.18261   0.37790   1.08813   0.04412   0.03163  
 29 284.9886   4927.316949  x:  0.00680   0.06879   0.02445   0.00893   0.00808   0.00849   0.00394   0.00188   0.15860   0.06030   0.05415   0.15285   0.21096   0.02512   0.03383   0.02753   0.13860   0.10254   0.23704   0.18221   0.38134   1.10395   0.04364   0.03924  
 30 283.8247   4924.709353  x:  0.01020   0.06145   0.02045   0.00542   0.01462   0.00688   0.00605   0.00205   0.16188   0.06038   0.06064   0.16427   0.21094   0.02451   0.03344   0.01601   0.14285   0.10272   0.24341   0.18159   0.38704   1.13012   0.04549   0.04073  
 31 530.6184   4922.011140  x:  0.01733   0.05572   0.02097   0.00718   0.01569   0.00737   0.00192   0.00200   0.16470   0.06044   0.06552   0.17440   0.21064   0.02465   0.03333   0.01071   0.14677   0.10300   0.24958   0.18092   0.39257   1.15627   0.04427   0.03770  
 32 794.6955   4918.603051  x:  0.03116   0.04627   0.02381   0.01074   0.01300   0.00904   0.00586   0.00185   0.16957   0.06050   0.07344   0.19215   0.21000   0.02522   0.03329   0.00448   0.15367   0.10353   0.26082   0.17965   0.40268   1.20447   0.04113   0.03174  
 33 2656.0026   4915.883973  x:  0.03896   0.04224   0.02593   0.00660   0.00800   0.00571   0.00563   0.00091   0.17235   0.06037   0.07698   0.20297   0.20963   0.02587   0.03346   0.00742   0.15768   0.10384   0.26886   0.17880   0.41008   1.24000   0.04471   0.03274  
 34 986.7419   4912.532971  x:  0.04191   0.04316   0.02819   0.00676   0.01214   0.00772   0.00598   0.00000   0.17398   0.06005   0.07641   0.21158   0.20917   0.02674   0.03379   0.01579   0.16007   0.10353   0.27802   0.17761   0.41887   1.28527   0.04224   0.04086  
 35 699.4368   4898.580195  x:  0.00000   0.07393   0.02778   0.01047   0.01115   0.00749   0.00576   0.00745   0.17006   0.06005   0.03019   0.22838   0.20159   0.03205   0.02908   0.02537   0.15301   0.09374   0.32908   0.16987   0.47313   1.58765   0.04496   0.02665  
 36 665.2873   4896.802291  x:  0.00032   0.07764   0.02555   0.00739   0.00983   0.00578   0.00536   0.00176   0.16731   0.05902   0.02737   0.22364   0.20196   0.03021   0.03028   0.02366   0.14935   0.09335   0.33173   0.16891   0.47756   1.62001   0.03980   0.02595  
 37 578.3491   4895.887288  x:  0.00132   0.07881   0.02503   0.00793   0.00970   0.00596   0.00542   0.00000   0.16609   0.05878   0.02711   0.22096   0.20232   0.02936   0.03086   0.02280   0.14771   0.09339   0.33207   0.16864   0.47878   1.63034   0.04063   0.02623  
 38 911.8093   4891.777121  x:  0.00233   0.08360   0.03985   0.00609   0.00937   0.00535   0.00506   0.00000   0.15591   0.06676   0.03845   0.18927   0.20769   0.02476   0.03446   0.01347   0.13230   0.09627   0.32886   0.16605   0.48660   1.72067   0.04253   0.03004  
 39 754.8110   4888.068759  x:  0.00283   0.07524   0.02821   0.00476   0.00947   0.00487   0.00501   0.00000   0.15165   0.07168   0.05677   0.15526   0.21352   0.03013   0.03002   0.02066   0.12420   0.10208   0.31561   0.16442   0.48758   1.79196   0.04020   0.02679  
 40 377.7841   4886.960749  x:  0.00000   0.06604   0.02970   0.00549   0.00978   0.00516   0.00501   0.00000   0.15452   0.06678   0.05510   0.14426   0.21437   0.03125   0.03080   0.02160   0.12905   0.10365   0.30419   0.16564   0.48381   1.81661   0.04123   0.02695  
 41 150.9134   4886.281652  x:  0.00385   0.06502   0.03101   0.00396   0.01001   0.00482   0.00489   0.00000   0.15911   0.06562   0.04953   0.13995   0.21377   0.02998   0.02753   0.01983   0.13513   0.10229   0.28895   0.16913   0.47601   1.83083   0.04085   0.02895  
 42 126.4322   4885.185954  x:  0.00357   0.07261   0.02914   0.00414   0.00984   0.00482   0.00494   0.00000   0.16578   0.06997   0.05104   0.14277   0.21323   0.03005   0.03499   0.01984   0.14107   0.09887   0.25346   0.17930   0.45621   1.86335   0.04210   0.02813  
 43 134.4719   4884.819504  x:  0.00219   0.07411   0.02933   0.00478   0.00983   0.00498   0.00502   0.00000   0.16517   0.06964   0.05296   0.14587   0.21311   0.02728   0.03013   0.02078   0.13941   0.09872   0.24110   0.18404   0.44807   1.87627   0.04293   0.02751  
 44 139.5744   4884.598367  x:  0.00266   0.07318   0.03029   0.00455   0.00985   0.00494   0.00500   0.00000   0.16153   0.06687   0.05215   0.14968   0.21274   0.03173   0.02883   0.02017   0.13485   0.09953   0.23377   0.18907   0.44049   1.88306   0.04308   0.02824  
 45 70.9524   4884.521333  x:  0.00256   0.07071   0.03028   0.00427   0.01001   0.00489   0.00498   0.00000   0.15938   0.06687   0.05088   0.15140   0.21258   0.02941   0.03068   0.02094   0.13321   0.10050   0.23297   0.19256   0.43570   1.88420   0.04283   0.02813  
 46 28.1922   4884.464551  x:  0.00271   0.07015   0.02986   0.00448   0.00996   0.00496   0.00500   0.00000   0.15877   0.06939   0.05029   0.15033   0.21304   0.03012   0.03006   0.02085   0.13415   0.10092   0.23644   0.19729   0.42860   1.88730   0.04300   0.02828  
 47 14.9009   4884.430386  x:  0.00243   0.07126   0.03015   0.00437   0.00996   0.00490   0.00499   0.00000   0.15955   0.06716   0.05164   0.14973   0.21349   0.02992   0.03018   0.02080   0.13493   0.10035   0.23939   0.19915   0.42312   1.88825   0.04300   0.02806  
 48 16.5956   4884.382304  x:  0.00262   0.07046   0.03015   0.00440   0.01000   0.00493   0.00500   0.00000   0.16208   0.06752   0.05125   0.15003   0.21324   0.02987   0.03024   0.02094   0.13261   0.09915   0.24229   0.19315   0.41466   1.89059   0.04327   0.02817  
 49  6.5017   4884.344465  x:  0.00258   0.07120   0.03011   0.00439   0.00998   0.00491   0.00499   0.00000   0.16009   0.06751   0.05117   0.15066   0.21301   0.02987   0.03024   0.02075   0.13447   0.10174   0.24353   0.18820   0.40986   1.89213   0.04343   0.02820  
 50 10.2609   4884.259748  x:  0.00261   0.07015   0.03014   0.00441   0.01002   0.00493   0.00499   0.00000   0.15537   0.06765   0.05180   0.15106   0.21296   0.02994   0.03022   0.02109   0.13714   0.09666   0.24409   0.18562   0.40827   1.89498   0.04351   0.02828  
 51  3.9860   4875.243163  x:  0.01400   0.04666   0.03384   0.00901   0.01171   0.00608   0.00469   0.00000   0.16768   0.05109   0.06155   0.18169   0.20295   0.02708   0.03642   0.02654   0.14869   0.10485   0.28195   0.19382   0.46174   2.21238   0.04552   0.03778  
 52  6.5832   4875.100569  x:  0.01407   0.04640   0.03403   0.00905   0.01175   0.00606   0.00467   0.00000   0.16812   0.05089   0.05951   0.18392   0.21833   0.02714   0.03639   0.02667   0.14892   0.10498   0.28202   0.19321   0.46265   2.21696   0.04551   0.03735  
 53 18.9146   4872.473763  x:  0.01381   0.06201   0.02459   0.00817   0.01205   0.00634   0.00417   0.00000   0.16291   0.06334   0.05736   0.18044   0.22118   0.02775   0.03392   0.02635   0.14198   0.10256   0.28450   0.19489   0.47712   2.46263   0.04804   0.03985  
 54  0.2303   4871.822287  x:  0.01805   0.05715   0.02839   0.00788   0.01160   0.00657   0.00390   0.00000   0.16000   0.05811   0.05312   0.17357   0.22186   0.02768   0.03370   0.02274   0.13852   0.10154   0.27978   0.19691   0.47783   2.60659   0.04825   0.03853  
 55  0.1067   4871.709740  x:  0.01879   0.05441   0.02632   0.00743   0.01160   0.00621   0.00403   0.00000   0.16338   0.05841   0.05416   0.17647   0.22161   0.02794   0.03358   0.02153   0.14134   0.10181   0.28192   0.19765   0.48104   2.65027   0.04757   0.03873  
 56  0.0374   4871.687039  x:  0.01916   0.05571   0.02717   0.00729   0.01164   0.00627   0.00417   0.00000   0.16341   0.05860   0.05493   0.17778   0.22188   0.02778   0.03391   0.02073   0.14170   0.10229   0.28362   0.19771   0.48361   2.66031   0.04714   0.03859  
 57  0.0100   4871.685926  x:  0.01919   0.05554   0.02711   0.00723   0.01173   0.00624   0.00419   0.00000   0.16297   0.05869   0.05491   0.17772   0.22192   0.02783   0.03385   0.02062   0.14127   0.10220   0.28388   0.19777   0.48428   2.66099   0.04710   0.03850  
 58  0.0011   4871.685886  x:  0.01918   0.05557   0.02710   0.00722   0.01175   0.00625   0.00419   0.00000   0.16301   0.05864   0.05489   0.17767   0.22194   0.02782   0.03386   0.02062   0.14128   0.10218   0.28380   0.19779   0.48432   2.66008   0.04709   0.03848  
 59  0.0008   4871.685883  x:  0.01918   0.05556   0.02711   0.00722   0.01175   0.00625   0.00420   0.00000   0.16302   0.05865   0.05489   0.17767   0.22194   0.02782   0.03387   0.02062   0.14129   0.10218   0.28379   0.19779   0.48432   2.65989   0.04709   0.03848  
 60  0.0002   4871.685883  x:  0.01919   0.05556   0.02711   0.00722   0.01175   0.00625   0.00420   0.00000   0.16302   0.05865   0.05489   0.17767   0.22194   0.02782   0.03387   0.02061   0.14130   0.10219   0.28379   0.19778   0.48432   2.65985   0.04709   0.03848  
 61  0.0000   4871.685883  x:  0.01919   0.05556   0.02711   0.00722   0.01175   0.00625   0.00420   0.00000   0.16302   0.05865   0.05489   0.17767   0.22194   0.02782   0.03387   0.02061   0.14129   0.10218   0.28379   0.19778   0.48432   2.65983   0.04709   0.03848  
 62  0.0000   4871.685883  x:  0.01919   0.05556   0.02711   0.00722   0.01175   0.00625   0.00420   0.00000   0.16302   0.05865   0.05489   0.17767   0.22194   0.02782   0.03387   0.02061   0.14129   0.10218   0.28379   0.19778   0.48432   2.65984   0.04709   0.03848  
 63  0.0000   4871.685883  x:  0.01919   0.05556   0.02711   0.00722   0.01175   0.00625   0.00420   0.00000   0.16302   0.05865   0.05489   0.17767   0.22194   0.02782   0.03387   0.02061   0.14129   0.10218   0.28379   0.19778   0.48432   2.65984   0.04709   0.03848  
 64  0.0000   4871.685883  x:  0.01919   0.05556   0.02711   0.00722   0.01175   0.00625   0.00420   0.00000   0.16302   0.05865   0.05489   0.17767   0.22194   0.02782   0.03387   0.02061   0.14129   0.10218   0.28379   0.19778   0.48432   2.65984   0.04709   0.03848  
 65  0.0000   4871.685883  x:  0.01919   0.05556   0.02711   0.00722   0.01175   0.00625   0.00420   0.00000   0.16302   0.05865   0.05489   0.17767   0.22194   0.02782   0.03387   0.02061   0.14129   0.10218   0.28379   0.19778   0.48432   2.65984   0.04709   0.03848  