

TREE # 1

  0  0.0000   3752.382960  x:  0.04229   0.04952   0.04357   0.01832   0.02201   0.01015   0.01641   0.00980   0.06038   0.03115   0.01643   0.06061   0.05855   0.03045   0.02176   0.00000   0.16372   0.06460   0.07234   0.12625   0.16929   2.00000   0.20000  
  1 99.0000   3741.820847  x:  0.03777   0.04605   0.03770   0.01040   0.01738   0.00512   0.00767   0.00093   0.06253   0.02774   0.01855   0.06425   0.05712   0.02899   0.02018   0.02867   0.16680   0.06529   0.07453   0.12901   0.16995   1.99995   0.19018  
  2 1201.6089   3736.267140  x:  0.03305   0.04321   0.03239   0.00437   0.01436   0.00531   0.00154   0.00695   0.06449   0.02500   0.01945   0.06732   0.05582   0.02811   0.01889   0.03001   0.16971   0.06492   0.07634   0.13168   0.17061   1.99990   0.18010  
  3 744.6452   3731.092354  x:  0.02740   0.03995   0.02617   0.00087   0.01194   0.00671   0.00420   0.00694   0.06680   0.02191   0.02037   0.07089   0.05429   0.02725   0.01762   0.02942   0.17331   0.06430   0.07852   0.13493   0.17144   1.99982   0.16749  
  4 1229.9239   3721.614263  x:  0.01403   0.03224   0.01162   0.00408   0.00684   0.00902   0.00614   0.00703   0.07231   0.01472   0.02261   0.07941   0.05066   0.02527   0.01472   0.02837   0.18198   0.06282   0.08378   0.14276   0.17345   1.99963   0.13709  
  5 5312.4387   3715.647699  x:  0.00942   0.02871   0.01036   0.00284   0.01371   0.00703   0.00227   0.00164   0.07615   0.01369   0.02430   0.08511   0.04862   0.02524   0.01517   0.02435   0.18905   0.06126   0.08802   0.14891   0.17526   1.99938   0.11283  
  6 1008.6830   3711.890115  x:  0.01244   0.02706   0.01575   0.00346   0.01492   0.00474   0.00466   0.00434   0.07944   0.01566   0.02620   0.09013   0.04733   0.02580   0.01632   0.02539   0.19623   0.05986   0.09236   0.15498   0.17725   1.99903   0.09068  
  7 927.2594   3711.079125  x:  0.01505   0.02772   0.01673   0.00333   0.01208   0.00746   0.00327   0.00256   0.08012   0.01692   0.02671   0.09138   0.04752   0.02640   0.01660   0.02458   0.19918   0.05917   0.09395   0.15731   0.17824   1.99877   0.08634  
  8 334.8569   3710.639858  x:  0.01617   0.02944   0.01549   0.00320   0.01073   0.00500   0.00315   0.00193   0.08042   0.01767   0.02718   0.09253   0.04863   0.02745   0.01658   0.02360   0.20445   0.05799   0.09638   0.16128   0.18023   1.99811   0.08661  
  9 126.3425   3709.901670  x:  0.01670   0.03248   0.01398   0.00338   0.01307   0.00653   0.00358   0.00281   0.08085   0.01825   0.02806   0.09492   0.05114   0.02930   0.01645   0.02438   0.21714   0.05548   0.10188   0.17070   0.18500   1.99639   0.08892  
 10 307.2445   3709.561724  x:  0.01476   0.03138   0.01728   0.00342   0.01230   0.00666   0.00346   0.00247   0.08062   0.01672   0.02765   0.09549   0.05179   0.02870   0.01588   0.02407   0.22434   0.05453   0.10418   0.17572   0.18762   1.99513   0.09084  
 11 177.9369   3709.426809  x:  0.01584   0.02788   0.01692   0.00342   0.01251   0.00660   0.00343   0.00240   0.07970   0.01760   0.02674   0.09429   0.05118   0.02731   0.01622   0.02394   0.22829   0.05478   0.10406   0.17779   0.18886   1.99389   0.09162  
 12 64.7387   3709.354042  x:  0.01561   0.02815   0.01677   0.00340   0.01236   0.00661   0.00342   0.00247   0.07766   0.01707   0.02761   0.09073   0.05019   0.02800   0.01709   0.02403   0.23204   0.05534   0.10132   0.17832   0.18966   1.99123   0.09088  
 13 27.2759   3709.334608  x:  0.01549   0.02850   0.01678   0.00340   0.01241   0.00661   0.00343   0.00247   0.07745   0.01746   0.02776   0.08983   0.05006   0.02771   0.01603   0.02405   0.23311   0.05538   0.10028   0.17831   0.18987   1.98997   0.09062  
 14 33.5025   3709.298274  x:  0.01590   0.02873   0.01669   0.00340   0.01247   0.00658   0.00342   0.00247   0.07962   0.01685   0.02702   0.08983   0.05108   0.02731   0.01616   0.02410   0.23501   0.05480   0.09740   0.17739   0.19033   1.98394   0.09048  
 15 15.4418   3709.278855  x:  0.01531   0.02861   0.01678   0.00340   0.01232   0.00662   0.00343   0.00249   0.08031   0.01771   0.02690   0.09025   0.05122   0.02770   0.01652   0.02415   0.23568   0.05476   0.09638   0.17691   0.19060   1.97983   0.09053  
 16 39.2412   3709.141369  x:  0.01608   0.02770   0.01695   0.00342   0.01254   0.00660   0.00341   0.00240   0.08003   0.01722   0.02821   0.09469   0.04921   0.02987   0.01539   0.02386   0.23779   0.05647   0.09416   0.17412   0.19252   1.94589   0.09092  
 17 51.3177   3708.851269  x:  0.01577   0.02977   0.01678   0.00344   0.01252   0.00661   0.00341   0.00241   0.07702   0.01756   0.02878   0.09913   0.04808   0.02551   0.01733   0.02365   0.23950   0.05718   0.09411   0.17012   0.19564   1.87358   0.09003  
 18 200.6072   3708.319531  x:  0.01522   0.02900   0.01650   0.00340   0.01248   0.00662   0.00338   0.00256   0.07430   0.01723   0.02369   0.09677   0.05151   0.02815   0.01616   0.02397   0.23837   0.05513   0.09870   0.16735   0.19836   1.73994   0.08672  
 19 325.0621   3708.045758  x:  0.01529   0.02727   0.01659   0.00342   0.01247   0.00663   0.00338   0.00250   0.07831   0.01723   0.02894   0.09285   0.05235   0.02786   0.01609   0.02361   0.23634   0.05514   0.10143   0.16959   0.19713   1.66704   0.08637  
 20 306.2493   3707.975544  x:  0.01538   0.02829   0.01657   0.00343   0.01249   0.00664   0.00338   0.00250   0.08004   0.01722   0.02775   0.09230   0.04913   0.02781   0.01633   0.02365   0.23557   0.05524   0.10126   0.17250   0.19476   1.64896   0.08659  
 21 82.9239   3707.940091  x:  0.01542   0.02842   0.01658   0.00343   0.01251   0.00664   0.00338   0.00249   0.07894   0.01726   0.02742   0.09353   0.05024   0.02772   0.01636   0.02361   0.23487   0.05621   0.09932   0.17600   0.19121   1.63983   0.08648  
 22 26.9639   3707.938644  x:  0.01545   0.02831   0.01659   0.00343   0.01252   0.00664   0.00338   0.00249   0.07875   0.01727   0.02758   0.09364   0.05014   0.02775   0.01634   0.02363   0.23483   0.05554   0.09916   0.17608   0.19101   1.63960   0.08651  
 23  2.3903   3707.777481  x:  0.01589   0.02849   0.01695   0.00352   0.01276   0.00661   0.00345   0.00234   0.07856   0.01756   0.02760   0.09248   0.05050   0.02797   0.01644   0.02295   0.24039   0.05553   0.10348   0.16934   0.18041   1.64013   0.08751  
 24  0.2496   3706.191528  x:  0.02020   0.03257   0.01990   0.00433   0.01502   0.00627   0.00409   0.00094   0.07513   0.02015   0.02576   0.08329   0.05324   0.02944   0.01786   0.01734   0.22533   0.05731   0.09620   0.17025   0.18893   1.64799   0.09292  
 25  3.3111   3705.057588  x:  0.02364   0.03412   0.02240   0.00514   0.01568   0.00502   0.00433   0.00332   0.07394   0.02166   0.02501   0.08013   0.05423   0.02981   0.01852   0.00888   0.21837   0.05909   0.09364   0.17133   0.19102   1.66430   0.09492  
 26  0.0254   3704.522196  x:  0.02381   0.03280   0.02266   0.00547   0.01528   0.00569   0.00437   0.00313   0.07505   0.02137   0.02562   0.08405   0.05316   0.02927   0.01837   0.00388   0.22308   0.05956   0.09564   0.17211   0.18956   1.66278   0.09194  
 27  0.0154   3704.367467  x:  0.02242   0.03139   0.02169   0.00541   0.01451   0.00651   0.00419   0.00284   0.07602   0.02045   0.02577   0.08627   0.05227   0.02884   0.01790   0.00535   0.22707   0.05904   0.09665   0.17257   0.18931   1.65307   0.08962  
 28  0.0156   3704.335391  x:  0.02188   0.03099   0.02111   0.00550   0.01410   0.00665   0.00403   0.00259   0.07602   0.01998   0.02578   0.08574   0.05221   0.02879   0.01771   0.00450   0.22699   0.05938   0.09631   0.17243   0.18958   1.64716   0.08965  
 29  0.0054   3704.327550  x:  0.02166   0.03139   0.02077   0.00560   0.01423   0.00652   0.00398   0.00246   0.07588   0.01996   0.02574   0.08559   0.05240   0.02892   0.01779   0.00470   0.22599   0.05940   0.09592   0.17234   0.18980   1.65215   0.09031  
 30  0.0035   3704.324984  x:  0.02167   0.03143   0.02067   0.00579   0.01439   0.00646   0.00400   0.00244   0.07597   0.02005   0.02571   0.08562   0.05235   0.02886   0.01784   0.00467   0.22647   0.05932   0.09621   0.17234   0.18967   1.65051   0.09000  
 31  0.0007   3704.323628  x:  0.02175   0.03137   0.02072   0.00594   0.01427   0.00654   0.00396   0.00248   0.07592   0.02004   0.02575   0.08565   0.05234   0.02887   0.01780   0.00470   0.22630   0.05939   0.09606   0.17236   0.18969   1.65028   0.09013  
 32  0.0002   3704.323553  x:  0.02172   0.03135   0.02073   0.00595   0.01425   0.00651   0.00396   0.00248   0.07594   0.02000   0.02575   0.08562   0.05235   0.02888   0.01779   0.00470   0.22629   0.05937   0.09609   0.17236   0.18970   1.65103   0.09011  
 33  0.0006   3704.323550  x:  0.02171   0.03136   0.02074   0.00595   0.01425   0.00651   0.00396   0.00248   0.07594   0.02000   0.02575   0.08563   0.05235   0.02888   0.01780   0.00470   0.22629   0.05937   0.09608   0.17235   0.18971   1.65076   0.09011  
 34  0.0003   3704.323549  x:  0.02171   0.03136   0.02074   0.00595   0.01425   0.00651   0.00396   0.00248   0.07594   0.02000   0.02575   0.08563   0.05235   0.02888   0.01780   0.00470   0.22629   0.05937   0.09608   0.17235   0.18970   1.65079   0.09011  
 35  0.0000   3704.323549  x:  0.02171   0.03136   0.02074   0.00595   0.01425   0.00651   0.00396   0.00248   0.07594   0.02000   0.02575   0.08563   0.05235   0.02888   0.01780   0.00470   0.22629   0.05937   0.09608   0.17235   0.18970   1.65079   0.09011  
 36  0.0000   3704.323549  x:  0.02171   0.03136   0.02074   0.00595   0.01425   0.00651   0.00396   0.00248   0.07594   0.02000   0.02575   0.08563   0.05235   0.02888   0.01780   0.00470   0.22629   0.05937   0.09608   0.17235   0.18970   1.65078   0.09011  
 37  0.0000   3704.323549  x:  0.02171   0.03136   0.02074   0.00595   0.01425   0.00651   0.00396   0.00248   0.07594   0.02000   0.02575   0.08563   0.05235   0.02888   0.01780   0.00470   0.22629   0.05937   0.09608   0.17235   0.18970   1.65079   0.09011  