

TREE # 1

  0  0.0000   5579.590745  x:  0.07106   0.00000   0.09478   0.06655   0.01895   0.03407   0.04688   0.00688   0.00204   0.10445   0.08173   0.03703   0.12872   0.13736   0.04002   0.05925   0.03050   0.12082   0.10028   0.07994   0.10119   0.21666   0.23594   0.23127   0.23264  
  1 99.0000   5466.080746  x:  0.07732   0.04565   0.09272   0.05732   0.00859   0.02351   0.03246   0.00000   0.00843   0.11222   0.07837   0.04307   0.13156   0.14061   0.03239   0.05140   0.03301   0.12400   0.10064   0.08620   0.10607   0.22220   0.28706   0.19522   0.21996  
  2 2167.0892   5394.271135  x:  0.08255   0.08311   0.09095   0.04955   0.00000   0.01474   0.02038   0.00458   0.01361   0.11873   0.07555   0.04808   0.13393   0.14334   0.02603   0.04482   0.03500   0.12666   0.10095   0.09143   0.11015   0.22686   0.32986   0.16484   0.20931  
  3 100209.4591   5295.322770  x:  0.09079   0.14180   0.08815   0.03731   0.00226   0.00103   0.00135   0.01155   0.02168   0.12897   0.07111   0.05593   0.13767   0.14764   0.01603   0.03446   0.03808   0.13084   0.10143   0.09967   0.11657   0.23420   0.39724   0.11690   0.19251  
  4 104723.8812   5187.292620  x:  0.10249   0.21557   0.08290   0.01861   0.00468   0.03918   0.00019   0.01969   0.02924   0.14358   0.06455   0.06577   0.14335   0.15395   0.00559   0.02042   0.03954   0.13672   0.10226   0.11138   0.12600   0.24554   0.49463   0.03906   0.16643  
  5 11799.2136   5182.001348  x:  0.10345   0.22151   0.08245   0.01712   0.00488   0.04095   0.00274   0.02035   0.02983   0.14476   0.06403   0.06655   0.14382   0.15446   0.00516   0.01941   0.03964   0.13720   0.10233   0.11233   0.12677   0.24648   0.50248   0.03309   0.16430  
  6 34018.9159   5158.648430  x:  0.10939   0.23575   0.07623   0.00902   0.00540   0.04717   0.00279   0.02206   0.02491   0.15118   0.06138   0.06694   0.14809   0.15775   0.04790   0.02616   0.03347   0.13996   0.10346   0.11827   0.13266   0.25531   0.54680   0.02415   0.14634  
  7 2021.8702   5131.032489  x:  0.11724   0.25108   0.06762   0.00487   0.00615   0.05850   0.00457   0.02431   0.01823   0.15929   0.05846   0.06716   0.15373   0.16215   0.06694   0.02649   0.02417   0.14350   0.10498   0.12612   0.14060   0.26763   0.60434   0.05236   0.12132  
  8 2629.9494   5088.734669  x:  0.12478   0.23326   0.05274   0.04273   0.00600   0.05926   0.00487   0.02343   0.00284   0.16573   0.05810   0.06175   0.16066   0.16807   0.07246   0.02602   0.00000   0.14607   0.10664   0.13366   0.14989   0.28593   0.66965   0.05700   0.07918  
  9 1508.6521   5088.734669  x:  0.12478   0.23326   0.05274   0.04273   0.00600   0.05926   0.00487   0.02343   0.00284   0.16573   0.05810   0.06175   0.16066   0.16807   0.07246   0.02602   0.00000   0.14607   0.10664   0.13366   0.14989   0.28593   0.66965   0.05700   0.07918  
 10 1595.7126   5064.774086  x:  0.12518   0.22405   0.05103   0.03669   0.00659   0.04698   0.00914   0.01037   0.00392   0.16556   0.05895   0.06145   0.16115   0.16962   0.06448   0.02509   0.00074   0.14580   0.10628   0.13406   0.15051   0.28890   0.68011   0.03154   0.06814  
 11 1031.6206   5052.801501  x:  0.12585   0.21670   0.04966   0.03205   0.00684   0.03707   0.00876   0.00106   0.00426   0.16556   0.05961   0.06123   0.16180   0.17095   0.05838   0.02460   0.00260   0.14574   0.10610   0.13473   0.15137   0.29175   0.68838   0.03276   0.05947  
 12 1329.2828   5027.243359  x:  0.12794   0.19303   0.04550   0.01786   0.00755   0.00594   0.00828   0.00348   0.00522   0.16553   0.06163   0.06061   0.16385   0.17527   0.03916   0.02342   0.00612   0.14553   0.10551   0.13682   0.15408   0.30081   0.71486   0.03466   0.03228  
 13 2802.7481   5013.780110  x:  0.13053   0.15891   0.04323   0.01415   0.01282   0.01641   0.00621   0.00370   0.00632   0.16535   0.06356   0.06103   0.16643   0.18233   0.01933   0.02827   0.00000   0.14517   0.10470   0.13941   0.15763   0.31323   0.75158   0.03617   0.01731  
 14 767.8508   4997.888627  x:  0.13354   0.11842   0.04187   0.01522   0.01185   0.01781   0.00732   0.00413   0.00660   0.16505   0.06531   0.06167   0.16930   0.19088   0.00347   0.03508   0.00358   0.14480   0.10385   0.14242   0.16165   0.32768   0.79483   0.03716   0.02383  
 15 1933.4877   4961.759424  x:  0.14088   0.01648   0.03941   0.01756   0.00879   0.01841   0.00766   0.00440   0.00616   0.16425   0.06916   0.06280   0.17641   0.21212   0.00892   0.05373   0.00467   0.14386   0.10171   0.14976   0.17154   0.36380   0.90375   0.03894   0.02764  
 16 4165.1037   4954.012537  x:  0.14267   0.00124   0.05030   0.02631   0.00995   0.02345   0.00365   0.00580   0.00000   0.16379   0.06715   0.06238   0.17831   0.21844   0.01157   0.05233   0.02439   0.14473   0.10240   0.15155   0.17425   0.37660   0.94659   0.03742   0.02070  
 17 767.9782   4954.012537  x:  0.14267   0.00124   0.05030   0.02631   0.00995   0.02345   0.00365   0.00580   0.00000   0.16379   0.06715   0.06238   0.17831   0.21844   0.01157   0.05233   0.02439   0.14473   0.10240   0.15155   0.17425   0.37660   0.94659   0.03742   0.02070  
 18 1001.3406   4948.344783  x:  0.14253   0.00661   0.05259   0.02685   0.00711   0.01859   0.01170   0.00322   0.00037   0.16387   0.06634   0.06211   0.17821   0.21848   0.01660   0.05061   0.02645   0.14496   0.10254   0.15141   0.17422   0.37725   0.94986   0.04462   0.02946  
 19 770.8128   4945.395188  x:  0.14191   0.01260   0.05611   0.02744   0.00574   0.01065   0.00736   0.00767   0.00108   0.16393   0.06470   0.06117   0.17777   0.21815   0.02230   0.04636   0.02819   0.14523   0.10263   0.15079   0.17387   0.37832   0.95714   0.04268   0.03499  
 20 435.1371   4943.823364  x:  0.14128   0.01592   0.05852   0.02746   0.00862   0.00872   0.00459   0.00370   0.00120   0.16395   0.06322   0.06004   0.17731   0.21762   0.02543   0.04200   0.02839   0.14544   0.10266   0.15016   0.17352   0.37945   0.96468   0.04136   0.03621  
 21 425.6544   4940.457442  x:  0.13887   0.02292   0.06524   0.02667   0.01233   0.01269   0.00840   0.00524   0.00124   0.16395   0.05845   0.05566   0.17559   0.21527   0.03216   0.02630   0.02599   0.14602   0.10268   0.14775   0.17216   0.38388   0.99385   0.03789   0.03310  
 22 490.3252   4937.813543  x:  0.13684   0.02524   0.06896   0.02588   0.00924   0.01460   0.00547   0.00541   0.00157   0.16397   0.05554   0.05220   0.17416   0.21323   0.03503   0.01712   0.02193   0.14639   0.10264   0.14572   0.17109   0.38807   1.02028   0.04345   0.02910  
 23 830.1343   4933.861344  x:  0.13365   0.02499   0.07198   0.02547   0.00312   0.01395   0.00602   0.00258   0.00218   0.16388   0.05333   0.04844   0.17200   0.21063   0.03686   0.01772   0.01485   0.14667   0.10247   0.14253   0.16937   0.39425   1.06099   0.04112   0.02796  
 24 740.9264   4925.903460  x:  0.12724   0.02327   0.07651   0.02515   0.00589   0.01214   0.00647   0.00379   0.00305   0.16371   0.05027   0.04176   0.16777   0.20559   0.03870   0.02459   0.00128   0.14717   0.10218   0.13612   0.16601   0.40727   1.14617   0.04336   0.02915  
 25 2910.1796   4905.609300  x:  0.10228   0.02066   0.08718   0.02576   0.00797   0.01858   0.00381   0.00615   0.00175   0.16273   0.04576   0.02355   0.15240   0.18623   0.02824   0.05509   0.02540   0.14938   0.10307   0.11116   0.15315   0.46151   1.50406   0.05116   0.02997  
 26 2587.8214   4896.461201  x:  0.09919   0.01094   0.08170   0.02739   0.01016   0.00689   0.00789   0.00572   0.00210   0.16218   0.05601   0.04023   0.15313   0.18483   0.01304   0.04650   0.02895   0.14801   0.10279   0.10807   0.15316   0.47837   1.62627   0.05113   0.03238  
 27 1262.9652   4892.738723  x:  0.10058   0.00749   0.07719   0.02773   0.00965   0.01044   0.00627   0.00598   0.00000   0.16187   0.06057   0.04880   0.15501   0.18641   0.01519   0.04447   0.02898   0.14693   0.10253   0.10946   0.15501   0.48285   1.66361   0.05059   0.03751  
 28 1144.4451   4889.651719  x:  0.10901   0.00708   0.06349   0.02710   0.01048   0.00700   0.00771   0.00596   0.00000   0.16141   0.06516   0.05840   0.16066   0.19208   0.02752   0.04628   0.03082   0.14436   0.10173   0.11789   0.16282   0.48707   1.71569   0.05118   0.02997  
 29 599.4690   4886.078165  x:  0.13120   0.02259   0.04333   0.02681   0.00957   0.00811   0.00663   0.00625   0.00000   0.16087   0.05943   0.05730   0.17088   0.20633   0.01871   0.04712   0.02705   0.14012   0.10021   0.14009   0.18197   0.48678   1.77861   0.04997   0.03193  
 30 319.9275   4885.135406  x:  0.14212   0.01506   0.05366   0.03040   0.00959   0.00712   0.00686   0.00633   0.00000   0.16198   0.06244   0.05143   0.17687   0.21619   0.01784   0.04679   0.02831   0.13975   0.10144   0.15100   0.19129   0.48000   1.79948   0.04999   0.03291  
 31 100.1627   4885.028901  x:  0.14254   0.01365   0.05432   0.02683   0.00963   0.00669   0.00691   0.00639   0.00000   0.16227   0.06170   0.05117   0.17763   0.21810   0.01773   0.04662   0.02865   0.14023   0.10192   0.15142   0.19173   0.47678   1.80246   0.05001   0.03344  
 32 47.4145   4884.599056  x:  0.13779   0.01565   0.05429   0.02833   0.00926   0.00655   0.00679   0.00648   0.00000   0.16423   0.06082   0.05452   0.18051   0.23020   0.01687   0.04729   0.02759   0.14522   0.10487   0.14667   0.18856   0.44470   1.81867   0.05109   0.03248  
 33 37.2938   4884.493629  x:  0.13694   0.01465   0.05200   0.02880   0.00926   0.00615   0.00684   0.00651   0.00000   0.16361   0.06241   0.05224   0.17940   0.23034   0.01714   0.04616   0.02780   0.14326   0.10240   0.14582   0.18772   0.43446   1.82293   0.05118   0.03332  
 34 40.5248   4884.430489  x:  0.13746   0.01594   0.05348   0.02786   0.00922   0.00639   0.00677   0.00651   0.00000   0.16256   0.06371   0.05334   0.17825   0.22809   0.01689   0.04678   0.02762   0.14047   0.10041   0.14634   0.18768   0.42684   1.82503   0.05145   0.03290  
 35 30.8484   4884.390676  x:  0.13860   0.01493   0.05364   0.02853   0.00927   0.00633   0.00682   0.00651   0.00000   0.16181   0.06136   0.05447   0.17704   0.22449   0.01709   0.04686   0.02791   0.13948   0.10143   0.14748   0.18788   0.42131   1.82611   0.05160   0.03306  
 36 19.4802   4884.373327  x:  0.13944   0.01510   0.05334   0.02823   0.00930   0.00642   0.00681   0.00649   0.00000   0.16231   0.06238   0.05399   0.17651   0.22218   0.01718   0.04680   0.02786   0.14097   0.10295   0.14832   0.18796   0.41882   1.82629   0.05156   0.03316  
 37 10.0653   4884.356524  x:  0.14002   0.01478   0.05340   0.02829   0.00936   0.00656   0.00684   0.00647   0.00000   0.16360   0.06178   0.05378   0.17737   0.22145   0.01732   0.04686   0.02809   0.14302   0.10078   0.14890   0.18751   0.41749   1.82600   0.05157   0.03317  
 38  2.9743   4884.227857  x:  0.14053   0.01415   0.05330   0.02801   0.00977   0.00736   0.00703   0.00624   0.00000   0.16241   0.06100   0.04958   0.18332   0.22535   0.01806   0.04680   0.02895   0.13996   0.10271   0.14941   0.18300   0.41402   1.82520   0.05150   0.03293  
 39  2.1154   4883.396120  x:  0.14242   0.01277   0.05388   0.02755   0.01026   0.00857   0.00737   0.00570   0.00000   0.15651   0.05999   0.04994   0.15939   0.24074   0.02007   0.04545   0.02997   0.14393   0.10173   0.15130   0.18664   0.41540   1.85354   0.05109   0.03263  
 40  5.2765   4881.119837  x:  0.13686   0.01276   0.05350   0.02741   0.01010   0.01006   0.00748   0.00465   0.01307   0.17361   0.05993   0.05529   0.15586   0.23822   0.02310   0.04060   0.02913   0.13599   0.10372   0.14574   0.20078   0.43136   1.97879   0.04854   0.03586  
 41 45.7045   4877.392629  x:  0.13041   0.01327   0.05295   0.02738   0.00971   0.01115   0.00746   0.00371   0.00000   0.18956   0.06045   0.06090   0.16224   0.22926   0.02559   0.03585   0.02778   0.12799   0.10564   0.13929   0.21392   0.44827   2.10420   0.04594   0.03951  
 42 986.0899   4875.329301  x:  0.13034   0.01375   0.05327   0.02706   0.00926   0.01125   0.00737   0.00321   0.00000   0.15499   0.06273   0.06418   0.17746   0.21939   0.02667   0.03283   0.02629   0.14245   0.10120   0.13923   0.21112   0.46044   2.18613   0.04437   0.04217  
 43 130.0691   4875.069148  x:  0.13909   0.01433   0.05331   0.02714   0.00902   0.01095   0.00729   0.00319   0.00000   0.15687   0.06342   0.06658   0.17538   0.21928   0.02655   0.03224   0.02555   0.14148   0.10139   0.14798   0.18825   0.46478   2.20330   0.04418   0.04261  
 44 20.2820   4872.598324  x:  0.13629   0.01685   0.05485   0.02859   0.00546   0.01283   0.00596   0.00617   0.00000   0.16764   0.06268   0.06359   0.18269   0.21684   0.02912   0.03292   0.02351   0.14180   0.10109   0.14517   0.20164   0.47539   2.51159   0.04640   0.04152  
 45  0.2005   4871.801507  x:  0.13892   0.01863   0.05578   0.02696   0.00730   0.01275   0.00656   0.00435   0.00000   0.16372   0.05775   0.05506   0.17847   0.22319   0.02892   0.03395   0.02421   0.14187   0.10181   0.14779   0.19870   0.47827   2.61773   0.04769   0.03848  
 46  0.0989   4871.714365  x:  0.13752   0.01871   0.05538   0.02733   0.00709   0.01231   0.00628   0.00395   0.00000   0.16271   0.05932   0.05468   0.17732   0.22139   0.02829   0.03287   0.02256   0.14097   0.10216   0.14639   0.19705   0.48381   2.65831   0.04716   0.03873  
 47  0.0312   4871.694156  x:  0.13737   0.01853   0.05551   0.02696   0.00695   0.01190   0.00617   0.00427   0.00000   0.16242   0.05862   0.05501   0.17728   0.22187   0.02773   0.03359   0.02176   0.14131   0.10218   0.14625   0.19708   0.48473   2.66322   0.04706   0.03851  
 48  0.0041   4871.688215  x:  0.13728   0.01872   0.05563   0.02710   0.00715   0.01168   0.00624   0.00417   0.00000   0.16343   0.05861   0.05504   0.17775   0.22194   0.02764   0.03399   0.02129   0.14134   0.10216   0.14616   0.19824   0.48469   2.66316   0.04704   0.03837  
 49  0.0014   4871.686372  x:  0.13751   0.01912   0.05551   0.02711   0.00724   0.01165   0.00626   0.00419   0.00000   0.16278   0.05870   0.05487   0.17770   0.22198   0.02774   0.03390   0.02086   0.14124   0.10216   0.14640   0.19788   0.48417   2.65998   0.04708   0.03848  
 50  0.0017   4871.685938  x:  0.13745   0.01920   0.05554   0.02712   0.00722   0.01172   0.00625   0.00420   0.00000   0.16310   0.05867   0.05489   0.17763   0.22196   0.02783   0.03383   0.02064   0.14132   0.10219   0.14634   0.19777   0.48428   2.66012   0.04710   0.03852  
 51  0.0003   4871.685887  x:  0.13745   0.01919   0.05557   0.02710   0.00721   0.01174   0.00625   0.00419   0.00000   0.16301   0.05864   0.05489   0.17767   0.22193   0.02783   0.03387   0.02062   0.14129   0.10218   0.14633   0.19779   0.48435   2.66011   0.04710   0.03849  
 52  0.0001   4871.685883  x:  0.13745   0.01919   0.05556   0.02711   0.00721   0.01175   0.00625   0.00420   0.00000   0.16302   0.05865   0.05489   0.17768   0.22194   0.02782   0.03387   0.02061   0.14129   0.10218   0.14633   0.19779   0.48433   2.65984   0.04709   0.03848  
 53  0.0002   4871.685883  x:  0.13745   0.01919   0.05556   0.02711   0.00722   0.01175   0.00625   0.00420   0.00000   0.16302   0.05865   0.05489   0.17767   0.22194   0.02782   0.03387   0.02061   0.14129   0.10218   0.14634   0.19778   0.48432   2.65983   0.04709   0.03848  
 54  0.0000   4871.685883  x:  0.13745   0.01919   0.05556   0.02711   0.00722   0.01175   0.00625   0.00420   0.00000   0.16302   0.05865   0.05489   0.17767   0.22194   0.02782   0.03387   0.02061   0.14129   0.10218   0.14634   0.19778   0.48432   2.65983   0.04709   0.03848  
 55  0.0000   4871.685883  x:  0.13745   0.01919   0.05556   0.02711   0.00722   0.01175   0.00625   0.00420   0.00000   0.16302   0.05865   0.05489   0.17767   0.22194   0.02782   0.03387   0.02061   0.14129   0.10218   0.14634   0.19778   0.48432   2.65984   0.04709   0.03848  
 56  0.0000   4871.685883  x:  0.13745   0.01919   0.05556   0.02711   0.00722   0.01175   0.00625   0.00420   0.00000   0.16302   0.05865   0.05489   0.17767   0.22194   0.02782   0.03387   0.02061   0.14129   0.10218   0.14634   0.19778   0.48432   2.65984   0.04709   0.03848  
 57  0.0000   4871.685883  x:  0.13745   0.01919   0.05556   0.02711   0.00722   0.01175   0.00625   0.00420   0.00000   0.16302   0.05865   0.05489   0.17767   0.22194   0.02782   0.03387   0.02061   0.14129   0.10218   0.14634   0.19778   0.48432   2.65984   0.04709   0.03848  
 58  0.0000   4871.685883  x:  0.13745   0.01919   0.05556   0.02711   0.00722   0.01175   0.00625   0.00420   0.00000   0.16302   0.05865   0.05489   0.17767   0.22194   0.02782   0.03387   0.02061   0.14129   0.10218   0.14634   0.19778   0.48432   2.65984   0.04709   0.03848  