

TREE # 1

  0  0.0000   3949.814663  x:  0.03170   0.04262   0.05639   0.03775   0.01051   0.02063   0.01972   0.02004   0.00000   0.04803   0.05150   0.01813   0.06327   0.03948   0.03032   0.04093   0.01292   0.15695   0.07579   0.06035   0.11333   0.14826   0.22623   0.19643   0.16638  
  1 99.0000   3947.265371  x:  0.03171   0.04254   0.05632   0.03768   0.01045   0.02056   0.01959   0.01986   0.00407   0.04813   0.05140   0.01815   0.06333   0.03952   0.03030   0.04085   0.01283   0.15702   0.07578   0.06036   0.11340   0.14830   0.22659   0.19620   0.16631  
  2 7765.3033   3896.763038  x:  0.03278   0.03357   0.04815   0.02882   0.00271   0.01240   0.00464   0.00000   0.00406   0.05892   0.03992   0.02091   0.07062   0.04378   0.02866   0.03139   0.00289   0.16450   0.07431   0.06143   0.12199   0.15283   0.26761   0.17045   0.15842  
  3 1065.9015   3889.954021  x:  0.03302   0.03155   0.04630   0.02682   0.00102   0.01058   0.00132   0.00012   0.00406   0.06134   0.03734   0.02153   0.07226   0.04475   0.02829   0.02926   0.00067   0.16619   0.07398   0.06167   0.12392   0.15385   0.27686   0.16464   0.15664  
  4 9683.0830   3885.364365  x:  0.03313   0.03074   0.04556   0.02602   0.00165   0.01000   0.00144   0.00013   0.00406   0.06230   0.03627   0.02177   0.07292   0.04512   0.02815   0.02841   0.00000   0.16690   0.07385   0.06177   0.12471   0.15427   0.28067   0.16220   0.15589  
  5 7145.9234   3871.782592  x:  0.03361   0.02741   0.04234   0.02267   0.00016   0.00834   0.00506   0.00018   0.00406   0.06631   0.03166   0.02280   0.07574   0.04670   0.02762   0.02483   0.00015   0.17005   0.07334   0.06226   0.12818   0.15615   0.29737   0.15127   0.15253  
  6 13113.6503   3821.407544  x:  0.03628   0.01165   0.02618   0.00655   0.00198   0.00619   0.00973   0.00039   0.00405   0.08591   0.00821   0.02786   0.08985   0.05435   0.02548   0.00756   0.02565   0.18687   0.07113   0.06493   0.14607   0.16606   0.38404   0.09323   0.13452  
  7 13618.4015   3796.408146  x:  0.03838   0.01214   0.02163   0.02514   0.00211   0.02229   0.01112   0.00044   0.00398   0.09577   0.01494   0.02968   0.09756   0.05816   0.02836   0.01432   0.03059   0.19873   0.06816   0.06703   0.15783   0.17321   0.44283   0.05462   0.12067  
  8 2155.6532   3773.526596  x:  0.04462   0.04966   0.04339   0.01775   0.00305   0.01392   0.01428   0.00057   0.00390   0.09442   0.03843   0.02442   0.10235   0.05517   0.04071   0.02854   0.04236   0.22424   0.05769   0.07326   0.17828   0.18975   0.55068   0.07994   0.08453  
  9 685.6121   3764.881059  x:  0.03871   0.04114   0.04666   0.03011   0.00285   0.02758   0.01433   0.00056   0.00392   0.06968   0.02663   0.01476   0.09022   0.04514   0.03045   0.02165   0.04195   0.23133   0.05438   0.06736   0.17824   0.19317   0.59349   0.10292   0.05614  
 10 375.1472   3762.428868  x:  0.03316   0.03224   0.04819   0.03015   0.00297   0.02335   0.01454   0.00057   0.00393   0.05632   0.02931   0.02323   0.08029   0.04626   0.02973   0.02899   0.04329   0.22994   0.05644   0.06180   0.17202   0.19133   0.60635   0.10501   0.04142  
 11 241.1652   3761.915271  x:  0.03176   0.02975   0.04786   0.02914   0.00302   0.02177   0.01462   0.00057   0.00392   0.05792   0.03332   0.01745   0.07537   0.04607   0.03019   0.02906   0.04386   0.22641   0.05805   0.06041   0.16562   0.18886   0.61030   0.10464   0.03695  
 12 89.6682   3761.530464  x:  0.03197   0.03137   0.05019   0.02968   0.00299   0.02364   0.01464   0.00057   0.00391   0.06132   0.03283   0.01970   0.07254   0.04809   0.02939   0.02688   0.04381   0.21871   0.06033   0.06062   0.15398   0.18436   0.61729   0.10646   0.03750  
 13 57.5528   3761.357741  x:  0.03301   0.03157   0.05045   0.02989   0.00300   0.02295   0.01461   0.00057   0.00391   0.05923   0.03100   0.01820   0.07440   0.04707   0.03053   0.02907   0.04389   0.21350   0.06017   0.06165   0.14827   0.18162   0.62142   0.10644   0.03998  
 14 50.5190   3761.275788  x:  0.03346   0.03072   0.04959   0.02943   0.00301   0.02302   0.01460   0.00057   0.00391   0.05842   0.03328   0.01871   0.07686   0.04599   0.02857   0.02841   0.04407   0.21029   0.05926   0.06211   0.14792   0.18021   0.62302   0.10693   0.04024  
 15 17.9312   3761.020916  x:  0.03333   0.02923   0.04619   0.03066   0.00300   0.02330   0.01447   0.00056   0.00391   0.05968   0.03340   0.01961   0.07902   0.04737   0.03234   0.02771   0.04424   0.20225   0.05842   0.06198   0.15251   0.17692   0.62621   0.10975   0.03823  
 16 16.1379   3760.184043  x:  0.03266   0.03413   0.04586   0.03136   0.00294   0.02093   0.01377   0.00053   0.00390   0.05976   0.03015   0.01789   0.07368   0.04939   0.02630   0.03037   0.04373   0.18856   0.05998   0.06131   0.16514   0.17112   0.63514   0.10825   0.03842  
 17 32.1955   3758.223383  x:  0.03082   0.03229   0.05602   0.02230   0.00246   0.02841   0.01143   0.00042   0.00390   0.05669   0.03099   0.01806   0.06805   0.04299   0.03138   0.02717   0.03898   0.18006   0.06526   0.05946   0.17736   0.16686   0.65467   0.10307   0.04382  
 18 54.0905   3751.378974  x:  0.02838   0.01766   0.07281   0.03336   0.00202   0.01422   0.00603   0.00019   0.00383   0.06397   0.02871   0.01823   0.07550   0.03969   0.03146   0.02028   0.03522   0.18610   0.07328   0.05702   0.18363   0.16816   0.71197   0.10184   0.05052  
 19 103.8791   3747.092752  x:  0.02819   0.01811   0.06661   0.02774   0.00148   0.01799   0.00250   0.00003   0.00382   0.06558   0.02578   0.01734   0.08087   0.04610   0.02883   0.02366   0.02998   0.19319   0.07153   0.05683   0.17980   0.17127   0.74088   0.10152   0.04723  
 20 258.5220   3746.788095  x:  0.02866   0.02109   0.06212   0.02869   0.00147   0.01641   0.00220   0.00002   0.00382   0.06420   0.02636   0.01892   0.07843   0.04329   0.03031   0.02104   0.02973   0.19407   0.07020   0.05730   0.17869   0.17197   0.74356   0.10048   0.04770  
 21 71.6406   3746.704376  x:  0.02930   0.01968   0.05940   0.02868   0.00147   0.01642   0.00216   0.00002   0.00382   0.06509   0.02699   0.01971   0.07568   0.04244   0.03022   0.02201   0.02983   0.19477   0.06917   0.05794   0.17886   0.17268   0.74540   0.10182   0.05070  
 22 32.1725   3746.691431  x:  0.02876   0.01967   0.05893   0.02876   0.00147   0.01634   0.00217   0.00002   0.00382   0.06447   0.02749   0.01944   0.07549   0.04351   0.03034   0.02153   0.02989   0.19501   0.06909   0.05740   0.17893   0.17270   0.74588   0.10198   0.05186  
 23  8.8152   3746.636275  x:  0.02657   0.02038   0.05766   0.02862   0.00148   0.01643   0.00219   0.00002   0.00382   0.06523   0.02738   0.01963   0.07634   0.04230   0.03014   0.02220   0.02993   0.19561   0.07023   0.05521   0.17883   0.17226   0.74668   0.10243   0.05266  
 24  2.3884   3744.408015  x:  0.03528   0.02302   0.04139   0.02803   0.00152   0.01709   0.00272   0.00004   0.00380   0.06162   0.02997   0.02057   0.07853   0.04372   0.02960   0.02247   0.02998   0.20778   0.09063   0.06392   0.17642   0.16821   0.76450   0.10429   0.05210  
 25  5.1343   3736.078785  x:  0.03768   0.02980   0.02556   0.02512   0.00166   0.01691   0.00454   0.00011   0.00375   0.06718   0.02796   0.02573   0.07248   0.04623   0.03129   0.02274   0.03280   0.23116   0.04312   0.06630   0.16025   0.16865   0.81715   0.09597   0.04721  
 26 67.8790   3735.502677  x:  0.03619   0.03035   0.02397   0.02482   0.00167   0.01691   0.00469   0.00012   0.00375   0.06711   0.02805   0.02563   0.07298   0.04639   0.03124   0.02282   0.03299   0.22154   0.04469   0.06481   0.15738   0.19340   0.82130   0.09524   0.04700  
 27 41.2084   3722.923578  x:  0.03786   0.02566   0.04531   0.01896   0.00159   0.02044   0.00588   0.00007   0.00346   0.07936   0.01901   0.02492   0.09911   0.06383   0.02472   0.02551   0.03004   0.25253   0.06108   0.06639   0.15157   0.20066   1.04772   0.08016   0.03209  
 28  0.1742   3714.148563  x:  0.03491   0.01540   0.02715   0.02895   0.00180   0.02183   0.00735   0.00007   0.00312   0.08005   0.01943   0.02676   0.09707   0.06183   0.03050   0.01322   0.02709   0.24594   0.06317   0.06336   0.16911   0.18454   1.28737   0.09367   0.06365  
 29  0.1751   3708.701490  x:  0.03293   0.01981   0.03429   0.02297   0.00223   0.01491   0.00931   0.00012   0.00280   0.07606   0.02146   0.02531   0.08356   0.05453   0.03067   0.02198   0.02000   0.21468   0.04751   0.06135   0.17970   0.19182   1.49176   0.09016   0.06367  
 30  0.1215   3706.026204  x:  0.03320   0.02113   0.02815   0.01841   0.00226   0.01996   0.01013   0.00011   0.00257   0.07310   0.02020   0.02494   0.08068   0.04969   0.02779   0.02039   0.00828   0.21351   0.05894   0.06159   0.17342   0.18384   1.64860   0.09664   0.05098  
 31  0.1293   3705.361664  x:  0.03346   0.02115   0.03353   0.02163   0.00242   0.01795   0.01048   0.00012   0.00248   0.07402   0.01905   0.02528   0.08216   0.05036   0.02753   0.01773   0.00472   0.21969   0.06071   0.06183   0.17042   0.18709   1.69198   0.09902   0.04858  
 32  0.0567   3705.166890  x:  0.03376   0.02143   0.03258   0.02194   0.00256   0.01565   0.01037   0.00014   0.00249   0.07558   0.02092   0.02546   0.08570   0.05291   0.02784   0.01876   0.00528   0.22599   0.06075   0.06213   0.17030   0.18784   1.68316   0.09883   0.05057  
 33  0.0142   3704.991469  x:  0.03370   0.02245   0.03221   0.02096   0.00280   0.01688   0.01024   0.00018   0.00249   0.07656   0.02058   0.02627   0.08699   0.05441   0.02937   0.01860   0.00408   0.22873   0.05681   0.06207   0.17185   0.19120   1.67172   0.09924   0.05273  
 34  0.0063   3704.520005  x:  0.03393   0.02314   0.03105   0.02293   0.00383   0.01527   0.00944   0.00034   0.00258   0.07529   0.01959   0.02798   0.08407   0.05374   0.03042   0.01796   0.00640   0.22522   0.05577   0.06232   0.17279   0.19319   1.58599   0.09979   0.05284  
 35  0.0252   3704.034581  x:  0.03390   0.02184   0.03051   0.02104   0.00491   0.01338   0.00887   0.00050   0.00255   0.07415   0.02157   0.02733   0.08338   0.05222   0.02847   0.01854   0.00346   0.22227   0.06036   0.06228   0.17179   0.18883   1.57223   0.09923   0.05016  
 36  0.0132   3703.719402  x:  0.03347   0.02060   0.03394   0.01934   0.00590   0.01575   0.00825   0.00065   0.00254   0.07615   0.02039   0.02522   0.08606   0.05308   0.02691   0.01854   0.00449   0.22409   0.06109   0.06186   0.17017   0.18614   1.55806   0.09801   0.05029  
 37  0.0100   3703.478311  x:  0.03327   0.02160   0.03255   0.02054   0.00717   0.01443   0.00800   0.00085   0.00243   0.07680   0.01766   0.02452   0.08685   0.05360   0.02830   0.01891   0.00395   0.22543   0.06017   0.06165   0.17024   0.18624   1.59985   0.09774   0.05036  
 38  0.0247   3703.335208  x:  0.03335   0.02166   0.03236   0.02057   0.00816   0.01393   0.00783   0.00100   0.00237   0.07658   0.02017   0.02516   0.08617   0.05285   0.02891   0.01743   0.00452   0.22418   0.05888   0.06172   0.17086   0.18870   1.62850   0.09770   0.05038  
 39  0.0280   3703.291841  x:  0.03350   0.02133   0.03223   0.02028   0.00870   0.01442   0.00759   0.00109   0.00235   0.07593   0.02008   0.02581   0.08549   0.05311   0.02805   0.01878   0.00467   0.22383   0.05988   0.06187   0.17138   0.18857   1.64079   0.09867   0.05049  
 40  0.0102   3703.282926  x:  0.03355   0.02160   0.03250   0.02036   0.00898   0.01456   0.00741   0.00115   0.00237   0.07555   0.01982   0.02586   0.08540   0.05302   0.02825   0.01833   0.00465   0.22530   0.05990   0.06191   0.17092   0.18806   1.64254   0.09841   0.05061  
 41  0.0011   3703.249027  x:  0.03344   0.02115   0.03228   0.02060   0.00910   0.01408   0.00687   0.00124   0.00255   0.07540   0.01986   0.02577   0.08599   0.05286   0.02835   0.01867   0.00458   0.22453   0.05894   0.06179   0.17037   0.18836   1.63549   0.09865   0.05064  
 42  0.0009   3703.173532  x:  0.03370   0.02185   0.03226   0.02072   0.00824   0.01422   0.00597   0.00137   0.00314   0.07634   0.02016   0.02552   0.08563   0.05264   0.02809   0.01877   0.00428   0.22237   0.05966   0.06198   0.17149   0.18907   1.63378   0.09849   0.05137  
 43  0.0011   3703.113525  x:  0.03368   0.02138   0.03232   0.02074   0.00706   0.01470   0.00631   0.00133   0.00334   0.07600   0.02010   0.02589   0.08516   0.05286   0.02830   0.01848   0.00469   0.22477   0.05969   0.06192   0.17127   0.18852   1.66032   0.09825   0.05064  
 44  0.0129   3703.054583  x:  0.03343   0.02177   0.03268   0.02012   0.00753   0.01394   0.00630   0.00160   0.00336   0.07473   0.01970   0.02618   0.08519   0.05355   0.02798   0.01844   0.00487   0.22697   0.05973   0.06162   0.17071   0.18824   1.69150   0.09865   0.05178  
 45  0.0064   3702.867969  x:  0.03366   0.02106   0.03204   0.01905   0.00632   0.01387   0.00681   0.00216   0.00352   0.07573   0.01949   0.02549   0.08652   0.05286   0.02863   0.01782   0.00466   0.22105   0.05961   0.06171   0.17109   0.18836   1.66983   0.10113   0.05149  
 46  0.0041   3702.717197  x:  0.03411   0.02145   0.03263   0.01980   0.00744   0.01388   0.00723   0.00283   0.00305   0.07612   0.01926   0.02569   0.08536   0.05270   0.02797   0.01794   0.00494   0.22620   0.06008   0.06208   0.17169   0.18769   1.62910   0.09979   0.05152  
 47  0.0142   3702.630427  x:  0.03368   0.02142   0.03244   0.02044   0.00637   0.01428   0.00740   0.00343   0.00320   0.07584   0.02006   0.02577   0.08517   0.05314   0.02813   0.01865   0.00459   0.22594   0.05988   0.06149   0.17118   0.18837   1.64593   0.09813   0.05105  
 48  0.0080   3702.614062  x:  0.03371   0.02142   0.03216   0.02080   0.00678   0.01428   0.00726   0.00372   0.00302   0.07567   0.02012   0.02560   0.08588   0.05314   0.02825   0.01864   0.00455   0.22370   0.05976   0.06148   0.17098   0.18829   1.64290   0.09827   0.05110  
 49  0.0022   3702.594649  x:  0.03404   0.02162   0.03250   0.02068   0.00636   0.01410   0.00686   0.00410   0.00287   0.07567   0.01992   0.02556   0.08593   0.05325   0.02802   0.01854   0.00472   0.22461   0.05992   0.06172   0.17145   0.18793   1.64530   0.09821   0.05190  
 50  0.0007   3702.581649  x:  0.03389   0.02134   0.03233   0.02032   0.00641   0.01428   0.00665   0.00405   0.00258   0.07565   0.01998   0.02575   0.08554   0.05297   0.02824   0.01845   0.00460   0.22501   0.05975   0.06158   0.17107   0.18822   1.65081   0.09863   0.05128  
 51  0.0026   3702.577894  x:  0.03378   0.02148   0.03228   0.02052   0.00628   0.01418   0.00665   0.00385   0.00250   0.07585   0.02002   0.02572   0.08544   0.05302   0.02820   0.01852   0.00463   0.22456   0.05976   0.06151   0.17115   0.18849   1.64883   0.09855   0.05128  
 52  0.0013   3702.577614  x:  0.03382   0.02146   0.03233   0.02057   0.00628   0.01422   0.00664   0.00383   0.00250   0.07575   0.02002   0.02569   0.08558   0.05307   0.02819   0.01853   0.00463   0.22463   0.05978   0.06156   0.17117   0.18830   1.64883   0.09842   0.05138  
 53  0.0003   3702.577610  x:  0.03384   0.02146   0.03232   0.02057   0.00628   0.01423   0.00664   0.00383   0.00250   0.07572   0.02002   0.02569   0.08559   0.05306   0.02819   0.01853   0.00463   0.22462   0.05977   0.06157   0.17116   0.18830   1.64886   0.09843   0.05139  
 54  0.0000   3702.577609  x:  0.03384   0.02146   0.03232   0.02057   0.00628   0.01423   0.00664   0.00383   0.00250   0.07572   0.02003   0.02569   0.08559   0.05306   0.02819   0.01853   0.00463   0.22462   0.05978   0.06157   0.17116   0.18830   1.64886   0.09843   0.05139  
 55  0.0000   3702.577609  x:  0.03384   0.02146   0.03232   0.02057   0.00628   0.01423   0.00664   0.00383   0.00250   0.07572   0.02003   0.02569   0.08559   0.05306   0.02819   0.01853   0.00463   0.22462   0.05978   0.06157   0.17116   0.18830   1.64886   0.09843   0.05139  
 56  0.0000   3702.577609  x:  0.03384   0.02146   0.03232   0.02057   0.00628   0.01423   0.00664   0.00383   0.00250   0.07572   0.02003   0.02569   0.08559   0.05306   0.02819   0.01853   0.00463   0.22462   0.05978   0.06157   0.17116   0.18830   1.64886   0.09843   0.05139  