

TREE # 1

  0  0.0000   3986.392993  x:  0.08579   0.05299   0.05365   0.02483   0.02858   0.01435   0.01800   0.03265   0.00656   0.07337   0.04108   0.03294   0.08071   0.06772   0.03486   0.04669   0.00000   0.14051   0.07773   0.01424   0.10791   0.14690   0.21172   0.23007   0.16270  
  1 99.0000   3954.462607  x:  0.08575   0.04816   0.04998   0.02276   0.02075   0.01260   0.01131   0.02294   0.00000   0.07342   0.03622   0.02990   0.08136   0.06455   0.03271   0.04136   0.00961   0.14578   0.07740   0.01420   0.11235   0.14898   0.23224   0.21607   0.16243  
  2 1201.8120   3913.337734  x:  0.08568   0.04032   0.04407   0.01948   0.00812   0.00984   0.00061   0.00721   0.00175   0.07351   0.02840   0.02501   0.08240   0.05943   0.02925   0.03275   0.02436   0.15428   0.07684   0.01413   0.11952   0.15236   0.26543   0.19335   0.16200  
  3 22517.4516   3897.391975  x:  0.08564   0.03681   0.04152   0.01815   0.00288   0.00901   0.00343   0.00047   0.00236   0.07356   0.02502   0.02288   0.08287   0.05719   0.02780   0.02897   0.02989   0.15806   0.07653   0.01408   0.12270   0.15387   0.28020   0.18296   0.16181  
  4 10471.0179   3881.293246  x:  0.08556   0.03192   0.03832   0.01680   0.00027   0.00936   0.00567   0.00529   0.00299   0.07366   0.02078   0.02020   0.08352   0.05425   0.02615   0.02403   0.03505   0.16321   0.07590   0.01400   0.12705   0.15598   0.30055   0.16775   0.16156  
  5 4187.2823   3834.850275  x:  0.08525   0.01327   0.02612   0.01174   0.00614   0.01074   0.01347   0.01817   0.00531   0.07402   0.00468   0.00999   0.08600   0.04304   0.01990   0.00519   0.05487   0.18296   0.07347   0.01370   0.14368   0.16406   0.37848   0.10946   0.16059  
  6 42534.7281   3791.913594  x:  0.08540   0.00263   0.02186   0.01618   0.00854   0.01502   0.01724   0.02405   0.00638   0.07519   0.02780   0.01083   0.08853   0.03704   0.02239   0.01587   0.06216   0.20136   0.06925   0.01384   0.15914   0.17225   0.45335   0.04592   0.15985  
  7 3359.9795   3783.957913  x:  0.08619   0.01525   0.02406   0.01839   0.00888   0.01567   0.01774   0.02489   0.00645   0.07557   0.02762   0.01471   0.08939   0.03797   0.02432   0.01690   0.06073   0.20620   0.06732   0.01463   0.16346   0.17499   0.47445   0.03249   0.15975  
  8 1802.3109   3750.721971  x:  0.09337   0.01840   0.05698   0.04065   0.00934   0.01804   0.01610   0.02454   0.00404   0.08069   0.01504   0.05681   0.09805   0.06471   0.05098   0.03113   0.00000   0.24614   0.04224   0.02181   0.20206   0.20361   0.66469   0.06696   0.16029  
  9 849.2302   3748.594338  x:  0.09249   0.02392   0.05465   0.03380   0.01014   0.01502   0.01729   0.02647   0.00435   0.08088   0.02488   0.05652   0.09650   0.06760   0.04784   0.02734   0.00235   0.24431   0.04858   0.02094   0.20070   0.20507   0.68005   0.07586   0.16191  
 10 241.3645   3747.886592  x:  0.09205   0.02499   0.05338   0.03154   0.01015   0.01448   0.01718   0.02641   0.00424   0.08078   0.02669   0.05574   0.09585   0.06805   0.04650   0.02632   0.00000   0.24318   0.05023   0.02049   0.19973   0.20516   0.68339   0.07690   0.16242  
 11 476.4103   3746.586364  x:  0.08845   0.02748   0.04873   0.02578   0.01021   0.02177   0.01727   0.02647   0.00430   0.07889   0.02389   0.05334   0.09036   0.07333   0.04197   0.03557   0.00013   0.22995   0.05404   0.01689   0.18780   0.20358   0.69730   0.08018   0.16735  
 12 133.7416   3745.688623  x:  0.08671   0.02798   0.04823   0.02896   0.01054   0.01431   0.01771   0.02734   0.00436   0.07774   0.02241   0.05079   0.08651   0.07638   0.03958   0.03951   0.00039   0.21584   0.05301   0.01516   0.17510   0.20126   0.70764   0.08082   0.17269  
 13 146.4705   3745.274764  x:  0.08838   0.02783   0.05152   0.03209   0.01036   0.01757   0.01750   0.02691   0.00432   0.07822   0.02445   0.04894   0.08665   0.07582   0.04053   0.03489   0.00042   0.20555   0.05084   0.01683   0.16606   0.19908   0.71354   0.08096   0.17746  
 14 87.4079   3745.182099  x:  0.08996   0.02726   0.05334   0.02956   0.01038   0.01689   0.01752   0.02696   0.00433   0.07861   0.02395   0.04978   0.08851   0.07464   0.04324   0.03509   0.00039   0.20300   0.05220   0.01841   0.16378   0.19782   0.71480   0.08041   0.18024  
 15 33.3956   3745.136212  x:  0.08981   0.02737   0.05373   0.02983   0.01040   0.01690   0.01754   0.02700   0.00433   0.07907   0.02380   0.05117   0.09053   0.07218   0.04104   0.03572   0.00030   0.20339   0.05256   0.01826   0.16372   0.19553   0.71533   0.08079   0.18572  
 16 10.8384   3745.090183  x:  0.08931   0.02771   0.05262   0.02944   0.01040   0.01689   0.01754   0.02699   0.00433   0.07832   0.02409   0.05059   0.08914   0.07192   0.04274   0.03543   0.00028   0.20452   0.05108   0.01776   0.16483   0.19354   0.71542   0.08106   0.19275  
 17 11.4584   3745.056228  x:  0.09004   0.02740   0.05223   0.03062   0.01036   0.01702   0.01749   0.02691   0.00431   0.07839   0.02391   0.05039   0.08795   0.07359   0.04302   0.03503   0.00012   0.20495   0.05290   0.01849   0.16579   0.19351   0.71526   0.08065   0.19683  
 18 13.0409   3744.980570  x:  0.09103   0.02679   0.05327   0.02899   0.01035   0.01681   0.01745   0.02686   0.00431   0.07945   0.02406   0.05035   0.08796   0.07736   0.04091   0.03469   0.00021   0.20464   0.05130   0.01948   0.16694   0.19637   0.71469   0.07958   0.20138  
 19  9.6142   3744.478114  x:  0.08491   0.02701   0.05285   0.03020   0.01018   0.01698   0.01716   0.02639   0.00422   0.07947   0.02389   0.04550   0.09662   0.07772   0.04357   0.03387   0.00000   0.20137   0.05310   0.01336   0.16873   0.21656   0.71512   0.07835   0.21258  
 20 10.8813   3744.478114  x:  0.08491   0.02701   0.05285   0.03020   0.01018   0.01698   0.01716   0.02639   0.00422   0.07947   0.02389   0.04550   0.09662   0.07772   0.04357   0.03387   0.00000   0.20137   0.05310   0.01336   0.16873   0.21656   0.71512   0.07835   0.21258  
 21 21.2291   3735.234999  x:  0.08493   0.02591   0.04897   0.02701   0.00670   0.01476   0.01089   0.01776   0.00031   0.07917   0.02250   0.04192   0.09583   0.07454   0.04037   0.02954   0.00705   0.20211   0.05468   0.01337   0.16898   0.21574   0.71790   0.06977   0.21216  
 22 713.1425   3728.152224  x:  0.08495   0.02454   0.04425   0.02320   0.00281   0.01221   0.00343   0.00720   0.00290   0.07880   0.02088   0.03753   0.09487   0.07065   0.03651   0.02430   0.01458   0.20301   0.05650   0.01340   0.16928   0.21475   0.72133   0.05944   0.21164  
 23 6565.5487   3725.417650  x:  0.08499   0.02367   0.04155   0.02150   0.00661   0.01233   0.00496   0.00183   0.00316   0.07863   0.02029   0.03487   0.09430   0.06829   0.03447   0.02153   0.01526   0.20357   0.05708   0.01344   0.16955   0.21416   0.72366   0.05450   0.21127  
 24 877.0607   3723.449159  x:  0.08514   0.02210   0.03644   0.01900   0.00634   0.01319   0.00793   0.00510   0.00328   0.07836   0.01957   0.02974   0.09321   0.06364   0.03098   0.01694   0.01372   0.20475   0.05778   0.01359   0.17023   0.21298   0.72875   0.04730   0.21042  
 25 480.0139   3721.545633  x:  0.08563   0.02100   0.03021   0.01896   0.00398   0.01517   0.00585   0.00329   0.00227   0.07820   0.01997   0.02333   0.09171   0.05701   0.02826   0.01479   0.00490   0.20681   0.05777   0.01408   0.17172   0.21119   0.73820   0.04748   0.20881  
 26 316.6906   3720.771424  x:  0.08608   0.02229   0.02728   0.01967   0.00631   0.01365   0.00366   0.00466   0.00225   0.07802   0.02003   0.02128   0.09065   0.05271   0.02767   0.01633   0.00475   0.20874   0.05880   0.01453   0.17304   0.20955   0.74736   0.04873   0.20729  
 27 232.6126   3719.416404  x:  0.08697   0.02513   0.02327   0.02120   0.00529   0.01052   0.00641   0.00422   0.00252   0.07763   0.02020   0.01931   0.08862   0.04500   0.02727   0.01992   0.00626   0.21280   0.06103   0.01542   0.17580   0.20607   0.76720   0.05175   0.20400  
 28 649.4228   3715.585372  x:  0.08892   0.02851   0.02724   0.02267   0.00454   0.02129   0.00611   0.00404   0.00269   0.07602   0.02137   0.02784   0.08306   0.03105   0.02768   0.02257   0.00807   0.22634   0.06612   0.01737   0.18475   0.19342   0.84134   0.05158   0.19196  
 29 452.7956   3708.353433  x:  0.09005   0.02344   0.03357   0.01894   0.00486   0.00835   0.00533   0.00423   0.00194   0.07405   0.02041   0.03858   0.07676   0.03900   0.02879   0.01637   0.00000   0.24775   0.06822   0.01850   0.19878   0.17174   0.98274   0.05199   0.17008  
 30 776.8152   3704.300970  x:  0.08914   0.01845   0.02716   0.01891   0.00522   0.01547   0.00610   0.00474   0.00261   0.07496   0.01832   0.03137   0.07771   0.05740   0.02949   0.01409   0.00710   0.25712   0.06416   0.01759   0.20454   0.16198   1.07924   0.06008   0.15791  
 31 840.4274   3702.226623  x:  0.08759   0.02429   0.02925   0.02280   0.00437   0.01664   0.00591   0.00432   0.00243   0.07696   0.02177   0.02384   0.08370   0.06442   0.03127   0.02073   0.00646   0.25457   0.05602   0.01604   0.20165   0.16488   1.12865   0.05326   0.15627  
 32 385.8989   3699.226067  x:  0.08482   0.02790   0.03562   0.02014   0.00493   0.01522   0.00605   0.00471   0.00260   0.08000   0.01947   0.02121   0.09870   0.05939   0.02726   0.01418   0.00887   0.23623   0.04511   0.01327   0.18704   0.18500   1.20390   0.05884   0.16487  
 33 284.4224   3697.200547  x:  0.08288   0.01882   0.03141   0.01825   0.00482   0.01518   0.00591   0.00473   0.00251   0.08053   0.01797   0.02524   0.10526   0.05765   0.03019   0.01970   0.00784   0.21844   0.04927   0.01133   0.17368   0.20223   1.25662   0.05805   0.17618  
 34 391.0246   3696.509834  x:  0.08311   0.02086   0.02918   0.02267   0.00477   0.01525   0.00590   0.00474   0.00249   0.07936   0.02147   0.02662   0.10285   0.05994   0.03009   0.01643   0.00736   0.21047   0.05588   0.01156   0.16842   0.20887   1.27611   0.05800   0.18370  
 35 211.2029   3696.160078  x:  0.08405   0.02406   0.03055   0.02007   0.00462   0.01595   0.00588   0.00467   0.00243   0.07733   0.01889   0.02484   0.09616   0.06200   0.02998   0.01718   0.00648   0.20619   0.05843   0.01250   0.16641   0.21165   1.28597   0.05839   0.19137  
 36 99.2368   3695.967527  x:  0.08425   0.02177   0.03289   0.02052   0.00475   0.01570   0.00598   0.00477   0.00251   0.07666   0.02057   0.02301   0.09017   0.06187   0.02931   0.01770   0.00737   0.20428   0.05681   0.01270   0.16620   0.21218   1.29159   0.05887   0.19886  
 37 72.2607   3695.864279  x:  0.08333   0.02200   0.03157   0.02206   0.00472   0.01561   0.00595   0.00475   0.00250   0.07752   0.01905   0.02448   0.08814   0.06180   0.02978   0.01733   0.00743   0.20422   0.05417   0.01178   0.16724   0.21089   1.29474   0.05847   0.20644  
 38 39.8119   3695.795354  x:  0.08294   0.02275   0.03037   0.02063   0.00472   0.01566   0.00593   0.00474   0.00250   0.07832   0.02045   0.02544   0.08830   0.06194   0.03029   0.01722   0.00744   0.20477   0.05306   0.01139   0.16847   0.20945   1.29691   0.05857   0.21293  
 39 57.9506   3695.701726  x:  0.08390   0.02238   0.03143   0.02096   0.00472   0.01563   0.00594   0.00475   0.00250   0.07868   0.02003   0.02446   0.09223   0.06225   0.02981   0.01741   0.00723   0.20685   0.05462   0.01235   0.17103   0.20657   1.29999   0.05856   0.22417  
 40 39.5746   3695.698958  x:  0.08369   0.02238   0.03143   0.02098   0.00472   0.01563   0.00594   0.00475   0.00250   0.07774   0.02007   0.02440   0.09245   0.06219   0.02998   0.01736   0.00724   0.20702   0.05455   0.01214   0.17070   0.20624   1.30009   0.05858   0.22450  
 41  4.2582   3695.697654  x:  0.08372   0.02240   0.03137   0.02098   0.00472   0.01564   0.00594   0.00475   0.00250   0.07764   0.02009   0.02453   0.09249   0.06225   0.02959   0.01749   0.00722   0.20712   0.05450   0.01217   0.17021   0.20594   1.30017   0.05861   0.22459  
 42  1.8502   3695.692620  x:  0.08410   0.02238   0.03141   0.02097   0.00473   0.01562   0.00595   0.00475   0.00250   0.07806   0.02006   0.02445   0.09245   0.06215   0.02991   0.01737   0.00722   0.20744   0.05445   0.01255   0.16831   0.20477   1.30054   0.05866   0.22477  
 43  3.8046   3695.438974  x:  0.08152   0.02248   0.03278   0.02068   0.00491   0.01551   0.00603   0.00470   0.00248   0.07936   0.01991   0.02345   0.09276   0.06074   0.02934   0.01756   0.00662   0.19739   0.05652   0.00999   0.17040   0.19380   1.32225   0.05967   0.22291  
 44  0.7619   3694.870141  x:  0.08955   0.02211   0.02996   0.02105   0.00526   0.01531   0.00613   0.00452   0.00243   0.07478   0.02016   0.02626   0.09248   0.05948   0.02997   0.01720   0.00576   0.19208   0.05258   0.01805   0.17488   0.18795   1.37303   0.06012   0.22050  
 45 46.7692   3692.949303  x:  0.08529   0.02178   0.03003   0.02058   0.00645   0.01482   0.00658   0.00398   0.00228   0.07609   0.01981   0.02743   0.08445   0.05583   0.02954   0.01675   0.00117   0.21491   0.05699   0.01390   0.17675   0.19349   1.53737   0.06382   0.21733  
 46 125.8436   3692.577876  x:  0.08445   0.02182   0.03114   0.02029   0.00663   0.01334   0.00655   0.00371   0.00251   0.07634   0.01973   0.02801   0.08399   0.05395   0.02940   0.01678   0.00484   0.21900   0.05707   0.01313   0.17721   0.19458   1.58967   0.06345   0.21697  
 47  0.1167   3692.457647  x:  0.08439   0.02283   0.03058   0.02108   0.00625   0.01415   0.00657   0.00384   0.00249   0.07695   0.02000   0.02682   0.08784   0.05293   0.02929   0.01794   0.00460   0.21729   0.05637   0.01309   0.17701   0.19566   1.63640   0.06331   0.21545  
 48  0.0377   3692.447567  x:  0.08460   0.02280   0.03062   0.02091   0.00603   0.01435   0.00655   0.00394   0.00249   0.07664   0.02000   0.02689   0.08638   0.05286   0.02925   0.01776   0.00443   0.21681   0.05664   0.01331   0.17704   0.19496   1.64802   0.06332   0.21661  
 49  0.0093   3692.447127  x:  0.08454   0.02270   0.03061   0.02092   0.00597   0.01432   0.00654   0.00397   0.00249   0.07668   0.01999   0.02697   0.08656   0.05295   0.02927   0.01769   0.00441   0.21689   0.05660   0.01325   0.17707   0.19512   1.64838   0.06332   0.21668  
 50  0.0004   3692.447073  x:  0.08455   0.02273   0.03063   0.02090   0.00596   0.01431   0.00654   0.00397   0.00251   0.07668   0.01998   0.02696   0.08655   0.05299   0.02926   0.01770   0.00440   0.21695   0.05659   0.01326   0.17708   0.19504   1.64810   0.06331   0.21647  
 51  0.0002   3692.447046  x:  0.08455   0.02272   0.03062   0.02091   0.00597   0.01431   0.00653   0.00397   0.00252   0.07668   0.01998   0.02696   0.08655   0.05296   0.02927   0.01770   0.00439   0.21693   0.05660   0.01326   0.17707   0.19508   1.64809   0.06331   0.21656  
 52  0.0000   3692.447046  x:  0.08455   0.02272   0.03062   0.02091   0.00597   0.01432   0.00653   0.00397   0.00252   0.07668   0.01998   0.02696   0.08655   0.05296   0.02926   0.01770   0.00439   0.21692   0.05660   0.01326   0.17707   0.19508   1.64812   0.06331   0.21657  
 53  0.0000   3692.447046  x:  0.08455   0.02272   0.03062   0.02091   0.00597   0.01432   0.00653   0.00397   0.00252   0.07668   0.01998   0.02696   0.08655   0.05297   0.02927   0.01770   0.00439   0.21692   0.05660   0.01326   0.17707   0.19508   1.64813   0.06331   0.21657  
 54  0.0000   3692.447046  x:  0.08455   0.02272   0.03062   0.02091   0.00597   0.01432   0.00653   0.00397   0.00252   0.07668   0.01998   0.02696   0.08655   0.05297   0.02927   0.01770   0.00439   0.21692   0.05660   0.01326   0.17707   0.19508   1.64813   0.06331   0.21657  
 55  0.0000   3692.447046  x:  0.08455   0.02272   0.03062   0.02091   0.00597   0.01432   0.00653   0.00397   0.00252   0.07668   0.01998   0.02696   0.08655   0.05297   0.02927   0.01770   0.00439   0.21692   0.05660   0.01326   0.17707   0.19508   1.64813   0.06331   0.21657  
 56  0.0000   3692.447046  x:  0.08455   0.02272   0.03062   0.02091   0.00597   0.01432   0.00653   0.00397   0.00252   0.07668   0.01998   0.02696   0.08655   0.05297   0.02927   0.01770   0.00439   0.21692   0.05660   0.01326   0.17707   0.19508   1.64813   0.06331   0.21657  