

TREE # 1

  0  0.0000   4047.113269  x:  0.01538   0.06095   0.07451   0.06436   0.05794   0.03433   0.02025   0.04838   0.02843   0.04610   0.03815   0.00969   0.05366   0.04496   0.04835   0.06659   0.00000   0.10196   0.04139   0.06755   0.09299   0.11155   0.22473   0.23055   0.21410   0.16990  
  1 99.0000   3946.009442  x:  0.02102   0.04695   0.05952   0.04508   0.03200   0.01531   0.00000   0.02043   0.00147   0.06220   0.02820   0.03193   0.06935   0.04629   0.03594   0.04803   0.06291   0.13102   0.06344   0.07320   0.11161   0.12718   0.27880   0.19273   0.21374   0.16659  
  2 1618.3121   3941.182183  x:  0.02132   0.04619   0.05871   0.04403   0.03059   0.01427   0.00012   0.01891   0.00000   0.06307   0.02766   0.03314   0.07021   0.04637   0.03526   0.04702   0.06632   0.13260   0.06464   0.07350   0.11262   0.12803   0.28175   0.19067   0.21372   0.16641  
  3 49473.4786   3904.298078  x:  0.02472   0.03717   0.04926   0.03180   0.01399   0.00277   0.00120   0.00115   0.00937   0.07299   0.02148   0.04601   0.07985   0.04718   0.02756   0.03516   0.10296   0.15077   0.07790   0.07690   0.12431   0.13788   0.31608   0.16618   0.21351   0.16426  
  4 12982.2869   3876.459845  x:  0.02627   0.02784   0.04137   0.02098   0.00112   0.02631   0.00153   0.01019   0.01284   0.07927   0.01725   0.04916   0.08613   0.04732   0.02346   0.02430   0.11607   0.16523   0.08401   0.07845   0.13389   0.14634   0.34809   0.13849   0.21338   0.16171  
  5 2205.8756   3851.405426  x:  0.02796   0.01320   0.03038   0.00704   0.02933   0.04866   0.00182   0.01293   0.01586   0.08665   0.01452   0.04785   0.09410   0.04729   0.02108   0.00917   0.12336   0.18684   0.08878   0.08014   0.14828   0.15948   0.40010   0.08923   0.21322   0.15706  
  6 2808.5850   3828.699069  x:  0.02890   0.00854   0.02800   0.02255   0.02894   0.05251   0.00173   0.00616   0.01513   0.08854   0.01878   0.04045   0.09734   0.04791   0.02834   0.01750   0.11279   0.20138   0.08569   0.08107   0.15798   0.16913   0.44070   0.04995   0.21319   0.15246  
  7 1433.1531   3804.277643  x:  0.03142   0.01690   0.02993   0.01237   0.02197   0.04523   0.00140   0.00000   0.01225   0.08706   0.02146   0.02579   0.10001   0.04967   0.03328   0.01354   0.08238   0.22213   0.07511   0.08360   0.17206   0.18409   0.50219   0.04892   0.21317   0.14404  
  8 779.3258   3787.162721  x:  0.03412   0.02556   0.03195   0.00298   0.01547   0.03366   0.00109   0.00046   0.00957   0.08572   0.02434   0.01132   0.10292   0.05155   0.03844   0.01018   0.05257   0.24366   0.06460   0.08630   0.18663   0.19952   0.56554   0.04760   0.21316   0.13539  
  9 42946.9559   3771.131196  x:  0.03617   0.02982   0.03241   0.01102   0.01333   0.02789   0.00088   0.00064   0.00777   0.08533   0.02280   0.00448   0.10635   0.05391   0.03827   0.00185   0.02719   0.26448   0.05691   0.08835   0.20062   0.21409   0.62677   0.05685   0.21311   0.12703  
 10 4168.0775   3754.331155  x:  0.03761   0.03175   0.03212   0.01420   0.01363   0.02502   0.00071   0.00074   0.00638   0.08504   0.01891   0.00817   0.11005   0.05759   0.03625   0.01064   0.00000   0.28654   0.04992   0.08979   0.21529   0.22930   0.69353   0.07027   0.21307   0.11774  
 11 5132.7500   3752.688123  x:  0.03550   0.03512   0.03528   0.01523   0.01501   0.02726   0.00076   0.00078   0.00679   0.08011   0.02242   0.00787   0.10645   0.05822   0.03946   0.01290   0.00443   0.28699   0.04389   0.08768   0.21539   0.23046   0.70951   0.07438   0.21321   0.11400  
 12 420.2817   3748.811390  x:  0.02728   0.03809   0.04077   0.01504   0.01437   0.02682   0.00076   0.00082   0.00678   0.06728   0.02897   0.02118   0.09474   0.05880   0.04384   0.00836   0.00324   0.28006   0.03637   0.07946   0.20971   0.22748   0.73890   0.07532   0.21365   0.10499  
 13 574.5821   3742.137445  x:  0.01070   0.03356   0.03674   0.01431   0.01252   0.02328   0.00069   0.00078   0.00619   0.05011   0.02421   0.01533   0.06885   0.05482   0.04189   0.00993   0.00317   0.25574   0.04491   0.06288   0.19105   0.21433   0.79137   0.07991   0.21466   0.08559  
 14 420.2116   3736.739401  x:  0.01345   0.03357   0.04384   0.01406   0.01212   0.02255   0.00068   0.00078   0.00598   0.07215   0.03096   0.01403   0.05814   0.05133   0.03869   0.01048   0.00285   0.20989   0.04682   0.06563   0.16143   0.19206   0.84826   0.08443   0.21648   0.05950  
 15 278.7881   3734.926867  x:  0.01957   0.03570   0.04488   0.01418   0.01213   0.02230   0.00067   0.00078   0.00596   0.06563   0.02426   0.01394   0.07022   0.05223   0.04040   0.01041   0.00313   0.18893   0.04592   0.07175   0.14969   0.18141   0.86844   0.08437   0.21762   0.04901  
 16 216.5027   3734.840723  x:  0.01996   0.03475   0.04290   0.01415   0.01202   0.02228   0.00067   0.00078   0.00594   0.06448   0.02744   0.01367   0.07177   0.05315   0.03981   0.01049   0.00301   0.18785   0.04648   0.07214   0.14982   0.17952   0.86973   0.08498   0.21822   0.04948  
 17 33.4812   3734.742699  x:  0.02008   0.03495   0.04061   0.01416   0.01186   0.02197   0.00066   0.00078   0.00589   0.06513   0.02650   0.01375   0.07128   0.05421   0.03985   0.01043   0.00309   0.18738   0.04418   0.07226   0.15215   0.17354   0.87157   0.08497   0.22100   0.05336  
 18 13.9259   3734.629494  x:  0.02089   0.03614   0.04249   0.01428   0.01209   0.02232   0.00067   0.00079   0.00593   0.06480   0.02644   0.01408   0.07086   0.05338   0.04095   0.01042   0.00303   0.18792   0.04714   0.07307   0.15450   0.16807   0.87367   0.08518   0.22549   0.05731  
 19 25.6139   3734.336007  x:  0.02025   0.03163   0.04782   0.01397   0.01160   0.02145   0.00065   0.00078   0.00576   0.06405   0.02639   0.01323   0.07299   0.05018   0.03681   0.01074   0.00316   0.18917   0.04601   0.07242   0.15428   0.16489   0.87650   0.08514   0.23945   0.06140  
 20 20.5812   3730.273250  x:  0.01359   0.03127   0.04128   0.01494   0.00981   0.01672   0.00052   0.00087   0.00462   0.07297   0.02043   0.01758   0.08414   0.05997   0.02937   0.01054   0.00437   0.19648   0.05514   0.06577   0.13073   0.17708   0.90609   0.08601   0.44641   0.08537  
 21 71.3500   3728.341530  x:  0.02118   0.02103   0.03241   0.01493   0.00830   0.01389   0.00046   0.00088   0.00405   0.07284   0.01796   0.02168   0.07872   0.05237   0.03307   0.00992   0.00505   0.19563   0.05596   0.07336   0.13151   0.18435   0.91687   0.08839   0.53806   0.08628  
 22 371.0069   3727.649342  x:  0.02284   0.02475   0.02942   0.01560   0.00818   0.01328   0.00044   0.00091   0.00387   0.07205   0.01782   0.02311   0.07685   0.04912   0.02556   0.01050   0.00530   0.19382   0.05638   0.07502   0.13892   0.18512   0.91911   0.08703   0.57092   0.07935  
 23 187.5778   3726.765349  x:  0.01814   0.02150   0.03006   0.01546   0.00763   0.01198   0.00041   0.00092   0.00361   0.07582   0.01636   0.02351   0.08044   0.05263   0.02630   0.01020   0.00557   0.19207   0.05849   0.07031   0.15652   0.18085   0.91975   0.08757   0.61316   0.05916  
 24 137.2877   3726.671568  x:  0.01789   0.02207   0.02847   0.01554   0.00764   0.01197   0.00041   0.00092   0.00360   0.07644   0.01654   0.02388   0.08134   0.05049   0.02688   0.01022   0.00556   0.19693   0.05814   0.07006   0.15480   0.17691   0.91935   0.08776   0.61715   0.05399  
 25 24.3604   3726.642196  x:  0.01881   0.02167   0.02879   0.01553   0.00761   0.01193   0.00041   0.00092   0.00359   0.07608   0.01643   0.02376   0.08040   0.05212   0.02633   0.01020   0.00557   0.19910   0.05809   0.07098   0.15383   0.17532   0.91912   0.08760   0.61813   0.05194  
 26 20.8858   3721.457994  x:  0.02124   0.02331   0.03347   0.01699   0.00605   0.00949   0.00030   0.00094   0.00271   0.07711   0.02024   0.02461   0.08663   0.05198   0.02691   0.01297   0.00553   0.21618   0.06036   0.07337   0.15786   0.17731   1.01123   0.09013   0.15964   0.06780  
 27  1.0714   3716.737651  x:  0.02844   0.03228   0.03815   0.02054   0.00654   0.00987   0.00027   0.00097   0.00234   0.07786   0.02038   0.02419   0.08889   0.05480   0.03579   0.01812   0.00468   0.23491   0.05866   0.08051   0.17679   0.19561   1.17128   0.09416   0.70768   0.06091  
 28  3.3695   3712.678793  x:  0.02726   0.02204   0.03413   0.02636   0.01141   0.02148   0.00057   0.00134   0.00491   0.07969   0.01990   0.02888   0.09169   0.05176   0.03059   0.02308   0.00522   0.23446   0.06178   0.07924   0.18162   0.19207   1.26871   0.09423   0.57400   0.05841  
 29  0.2688   3708.493432  x:  0.02199   0.01993   0.02699   0.02846   0.00514   0.01584   0.00065   0.00145   0.00508   0.07548   0.01732   0.02951   0.08470   0.05160   0.02749   0.02420   0.00523   0.21742   0.06030   0.07386   0.16651   0.18185   1.45864   0.08576   0.52275   0.05735  
 30  0.1246   3707.336088  x:  0.02169   0.02458   0.03374   0.02675   0.00453   0.01489   0.00075   0.00137   0.00556   0.07663   0.02161   0.02812   0.08514   0.05241   0.02972   0.02303   0.00419   0.22614   0.05796   0.07352   0.17216   0.19100   1.57479   0.08628   0.40772   0.05853  
 31  0.0906   3706.722408  x:  0.02213   0.02232   0.03128   0.02503   0.00651   0.01541   0.00084   0.00138   0.00603   0.07770   0.01911   0.02787   0.08598   0.05327   0.02953   0.02147   0.00408   0.23076   0.05809   0.07393   0.17344   0.19364   1.64810   0.08963   0.28418   0.06500  
 32  0.0974   3706.346284  x:  0.02214   0.01965   0.02916   0.02294   0.00605   0.01326   0.00090   0.00140   0.00616   0.07779   0.01891   0.02750   0.08536   0.05142   0.02811   0.01891   0.00422   0.22687   0.05902   0.07394   0.17176   0.19015   1.68341   0.09054   0.36664   0.06245  
 33  0.0563   3706.135806  x:  0.02252   0.02298   0.03021   0.02152   0.00648   0.01357   0.00099   0.00147   0.00653   0.07735   0.01788   0.02656   0.08505   0.05246   0.02925   0.01664   0.00429   0.22447   0.05961   0.07431   0.17228   0.18750   1.69123   0.08938   0.39451   0.05937  
 34  0.0191   3705.901554  x:  0.02246   0.02133   0.03174   0.02153   0.00679   0.01520   0.00113   0.00172   0.00705   0.07718   0.02106   0.02619   0.08612   0.05283   0.02916   0.01540   0.00469   0.22670   0.05992   0.07425   0.17343   0.18956   1.68188   0.08818   0.40254   0.06080  
 35  0.0057   3705.424097  x:  0.02184   0.02041   0.03139   0.02363   0.00538   0.01551   0.00136   0.00241   0.00743   0.07702   0.01723   0.02564   0.08663   0.05181   0.03002   0.01584   0.00594   0.23129   0.05855   0.07362   0.17140   0.19377   1.66530   0.08834   0.41394   0.06748  
 36  0.0068   3704.987103  x:  0.02170   0.02232   0.02826   0.02449   0.00523   0.01445   0.00163   0.00325   0.00746   0.07741   0.02035   0.02472   0.08494   0.05385   0.02946   0.01541   0.00657   0.22454   0.05820   0.07348   0.17274   0.19084   1.66607   0.09156   0.38881   0.05840  
 37  0.0117   3704.646904  x:  0.02238   0.02174   0.03362   0.02494   0.00643   0.01357   0.00186   0.00414   0.00692   0.07761   0.01905   0.02428   0.08510   0.04985   0.02826   0.01574   0.00683   0.22557   0.05765   0.07416   0.17296   0.18737   1.65934   0.09253   0.36393   0.05728  
 38  0.0115   3704.123082  x:  0.02422   0.02131   0.03097   0.02514   0.00697   0.01213   0.00216   0.00558   0.00516   0.07629   0.01825   0.02409   0.08601   0.05620   0.03049   0.01638   0.00645   0.23147   0.05791   0.07601   0.17208   0.18921   1.64678   0.08962   0.33426   0.07056  
 39  0.0128   3703.496444  x:  0.02202   0.02139   0.02953   0.02321   0.00702   0.01288   0.00242   0.00705   0.00257   0.07709   0.01979   0.02602   0.08681   0.05229   0.02937   0.01692   0.00503   0.22563   0.05966   0.07381   0.17365   0.19089   1.64196   0.08735   0.35448   0.06181  
 40  0.0094   3703.370744  x:  0.02196   0.02180   0.03102   0.02143   0.00624   0.01440   0.00248   0.00706   0.00270   0.07731   0.01924   0.02570   0.08553   0.05163   0.02932   0.01631   0.00462   0.22647   0.05894   0.07374   0.17248   0.19033   1.66498   0.08953   0.37485   0.06043  
 41  0.0194   3703.351923  x:  0.02237   0.02178   0.03080   0.02142   0.00596   0.01457   0.00253   0.00726   0.00249   0.07721   0.01907   0.02574   0.08546   0.05268   0.02927   0.01699   0.00456   0.22733   0.05880   0.07415   0.17231   0.19015   1.66498   0.08965   0.37014   0.06247  
 42  0.0037   3703.335078  x:  0.02258   0.02164   0.03056   0.02132   0.00581   0.01461   0.00261   0.00727   0.00292   0.07724   0.01912   0.02572   0.08566   0.05296   0.02905   0.01741   0.00483   0.22687   0.05888   0.07435   0.17277   0.18969   1.66763   0.08954   0.36326   0.06278  
 43  0.0027   3703.312288  x:  0.02244   0.02166   0.03073   0.02037   0.00607   0.01427   0.00277   0.00762   0.00281   0.07737   0.01915   0.02600   0.08595   0.05214   0.02895   0.01782   0.00480   0.22603   0.05919   0.07420   0.17317   0.18955   1.66503   0.08919   0.36763   0.06153  
 44  0.0026   3703.302880  x:  0.02226   0.02182   0.03104   0.02035   0.00621   0.01420   0.00280   0.00762   0.00290   0.07721   0.01908   0.02615   0.08556   0.05239   0.02926   0.01807   0.00478   0.22735   0.05881   0.07403   0.17217   0.19029   1.65547   0.08927   0.37527   0.06247  
 45  0.0051   3703.274079  x:  0.02158   0.02158   0.03034   0.02001   0.00591   0.01378   0.00287   0.00737   0.00304   0.07732   0.01904   0.02722   0.08459   0.05267   0.02887   0.01780   0.00436   0.22717   0.05863   0.07332   0.17103   0.19113   1.65437   0.08940   0.36151   0.06094  
 46  0.0018   3703.151140  x:  0.02322   0.02205   0.03015   0.02129   0.00655   0.01431   0.00308   0.00648   0.00321   0.07762   0.01893   0.02896   0.08624   0.05224   0.02890   0.01747   0.00347   0.22655   0.05959   0.07494   0.17381   0.18945   1.62646   0.08879   0.36330   0.06092  
 47  0.0041   3702.819646  x:  0.02406   0.02202   0.03256   0.02065   0.00521   0.01328   0.00438   0.00552   0.00300   0.07725   0.01864   0.02610   0.08803   0.05127   0.02956   0.01711   0.00290   0.22751   0.05951   0.07563   0.17428   0.18695   1.65483   0.08972   0.36684   0.06698  
 48  0.0048   3702.490218  x:  0.02204   0.02145   0.03046   0.02221   0.00640   0.01384   0.00570   0.00459   0.00276   0.07735   0.01920   0.02369   0.08645   0.05282   0.02895   0.01793   0.00423   0.22549   0.06004   0.07347   0.17341   0.19021   1.64125   0.08967   0.38146   0.06143  
 49  0.0089   3702.415938  x:  0.02229   0.02180   0.03054   0.02154   0.00607   0.01414   0.00634   0.00386   0.00249   0.07754   0.01911   0.02566   0.08501   0.05236   0.02889   0.01741   0.00401   0.22695   0.05963   0.07363   0.17199   0.19066   1.64773   0.08913   0.36880   0.06091  
 50  0.0086   3702.401276  x:  0.02260   0.02177   0.03087   0.02105   0.00604   0.01412   0.00652   0.00410   0.00240   0.07744   0.01910   0.02593   0.08542   0.05226   0.02908   0.01762   0.00449   0.22709   0.05928   0.07393   0.17229   0.18999   1.65302   0.08915   0.36744   0.06196  
 51  0.0047   3702.398773  x:  0.02259   0.02172   0.03080   0.02118   0.00608   0.01408   0.00657   0.00397   0.00248   0.07734   0.01913   0.02608   0.08567   0.05236   0.02914   0.01755   0.00464   0.22686   0.05908   0.07391   0.17251   0.18989   1.65262   0.08929   0.36856   0.06202  
 52  0.0012   3702.398495  x:  0.02252   0.02172   0.03074   0.02121   0.00610   0.01410   0.00656   0.00398   0.00244   0.07727   0.01915   0.02613   0.08566   0.05238   0.02913   0.01753   0.00467   0.22675   0.05898   0.07385   0.17249   0.18999   1.65259   0.08931   0.36947   0.06188  
 53  0.0008   3702.398433  x:  0.02254   0.02172   0.03075   0.02120   0.00609   0.01410   0.00652   0.00398   0.00245   0.07726   0.01915   0.02616   0.08565   0.05237   0.02913   0.01752   0.00469   0.22678   0.05894   0.07386   0.17248   0.18999   1.65298   0.08930   0.36965   0.06194  
 54  0.0002   3702.398413  x:  0.02254   0.02172   0.03075   0.02119   0.00609   0.01410   0.00651   0.00397   0.00244   0.07728   0.01915   0.02615   0.08565   0.05237   0.02914   0.01754   0.00469   0.22679   0.05897   0.07387   0.17249   0.18997   1.65299   0.08930   0.36946   0.06192  
 55  0.0001   3702.398412  x:  0.02254   0.02172   0.03075   0.02118   0.00609   0.01410   0.00651   0.00397   0.00244   0.07727   0.01915   0.02614   0.08565   0.05237   0.02913   0.01754   0.00469   0.22678   0.05897   0.07386   0.17249   0.18998   1.65290   0.08930   0.36946   0.06192  
 56  0.0001   3702.398412  x:  0.02254   0.02172   0.03075   0.02118   0.00609   0.01410   0.00651   0.00397   0.00244   0.07727   0.01915   0.02614   0.08565   0.05237   0.02913   0.01754   0.00469   0.22678   0.05897   0.07386   0.17249   0.18998   1.65287   0.08930   0.36942   0.06193  
 57  0.0000   3702.398412  x:  0.02254   0.02172   0.03075   0.02118   0.00609   0.01410   0.00651   0.00397   0.00244   0.07727   0.01915   0.02614   0.08565   0.05237   0.02913   0.01754   0.00469   0.22678   0.05897   0.07386   0.17249   0.18998   1.65286   0.08930   0.36941   0.06193  
 58  0.0000   3702.398412  x:  0.02254   0.02172   0.03075   0.02118   0.00609   0.01410   0.00651   0.00397   0.00244   0.07727   0.01915   0.02614   0.08565   0.05237   0.02913   0.01754   0.00469   0.22678   0.05897   0.07386   0.17249   0.18998   1.65286   0.08930   0.36941   0.06193  
 59  0.0000   3702.398412  x:  0.02254   0.02172   0.03075   0.02118   0.00609   0.01410   0.00651   0.00397   0.00244   0.07727   0.01915   0.02614   0.08565   0.05237   0.02913   0.01754   0.00469   0.22678   0.05897   0.07386   0.17249   0.18998   1.65286   0.08930   0.36941   0.06193  
 60  0.0000   3702.398412  x:  0.02254   0.02172   0.03075   0.02118   0.00609   0.01410   0.00651   0.00397   0.00244   0.07727   0.01915   0.02614   0.08565   0.05237   0.02913   0.01754   0.00469   0.22678   0.05897   0.07386   0.17249   0.18998   1.65286   0.08930   0.36941   0.06193  