

TREE # 1

  0  0.0000   5132.001176  x:  0.02156   0.10121   0.04712   0.04445   0.04009   0.01059   0.04214   0.00000   0.10179   0.08191   0.03220   0.11330   0.09981   0.05553   0.02752   0.06163   0.09845   0.07173   0.12688   0.09509   0.17011   2.00000   0.20000  
  1 99.0000   5035.986613  x:  0.01568   0.09597   0.03713   0.02409   0.02259   0.00000   0.01986   0.00011   0.11266   0.07606   0.04074   0.12044   0.11522   0.04440   0.02798   0.05278   0.10668   0.07973   0.14094   0.10620   0.18649   2.00165   0.14416  
  2 1415.5344   4969.751943  x:  0.01044   0.09128   0.02822   0.00590   0.00700   0.00046   0.00000   0.00020   0.12237   0.07084   0.04835   0.12682   0.12898   0.03446   0.02840   0.04487   0.11403   0.08687   0.15350   0.11611   0.20112   2.00312   0.09420  
  3 68812.4981   4957.743795  x:  0.00911   0.09010   0.02597   0.00131   0.00307   0.00055   0.00003   0.00022   0.12483   0.06952   0.05027   0.12843   0.13245   0.03195   0.02851   0.04288   0.11588   0.08867   0.15667   0.11862   0.20482   2.00349   0.08158  
  4 15964.8379   4930.760033  x:  0.00594   0.08672   0.02054   0.00694   0.00467   0.00064   0.00005   0.00034   0.13143   0.06598   0.05513   0.13290   0.14185   0.02564   0.02901   0.03753   0.12086   0.09334   0.16554   0.12560   0.21526   2.00450   0.04660  
  5 5141.0668   4924.453203  x:  0.00583   0.08375   0.02078   0.00179   0.01463   0.00067   0.00005   0.00075   0.13631   0.06389   0.05782   0.13693   0.14934   0.02421   0.03065   0.03426   0.12453   0.09625   0.17372   0.13200   0.22543   2.00520   0.04576  
  6 715.1601   4902.909617  x:  0.00727   0.06721   0.02463   0.00768   0.01557   0.00114   0.00009   0.00220   0.16253   0.05281   0.07150   0.15895   0.18980   0.01890   0.03929   0.01789   0.14424   0.11137   0.21849   0.16705   0.28147   2.00908   0.06203  
  7 1532.0512   4898.201563  x:  0.01848   0.06357   0.03235   0.00766   0.01498   0.00115   0.00009   0.00000   0.16466   0.05490   0.06838   0.16284   0.19548   0.02912   0.03929   0.02396   0.14568   0.11020   0.22849   0.17356   0.29634   2.01063   0.05948  
  8 415.8350   4894.892691  x:  0.01692   0.05468   0.03382   0.00748   0.01442   0.00112   0.00008   0.00000   0.15904   0.06457   0.05015   0.16516   0.19484   0.03195   0.02638   0.01859   0.13885   0.09732   0.24078   0.17848   0.32225   2.01484   0.05817  
  9 205.5952   4893.712452  x:  0.01899   0.05648   0.02533   0.00749   0.01416   0.00112   0.00008   0.00000   0.15242   0.06374   0.04375   0.16602   0.19131   0.02872   0.03294   0.02211   0.13316   0.09065   0.24588   0.17794   0.33953   2.01917   0.05828  
 10 134.6967   4892.967939  x:  0.01645   0.06261   0.03216   0.00743   0.01367   0.00111   0.00008   0.00000   0.14513   0.06169   0.04705   0.16670   0.18521   0.02458   0.03542   0.02238   0.12840   0.09004   0.24731   0.17313   0.35742   2.02596   0.05720  
 11 92.4189   4892.422148  x:  0.01339   0.06507   0.02904   0.00745   0.01349   0.00112   0.00008   0.00000   0.14222   0.05983   0.05233   0.16654   0.17944   0.03060   0.03268   0.02193   0.12767   0.09450   0.24575   0.16642   0.37308   2.03457   0.05709  
 12 89.4158   4892.076866  x:  0.01602   0.06377   0.02754   0.00744   0.01344   0.00114   0.00008   0.00000   0.14460   0.06127   0.05393   0.16497   0.17649   0.02741   0.02947   0.02385   0.13028   0.09794   0.24266   0.16112   0.38251   2.04316   0.05740  
 13 70.6893   4891.588263  x:  0.01669   0.05920   0.02860   0.00729   0.01293   0.00115   0.00008   0.00000   0.15072   0.06417   0.05256   0.16135   0.17397   0.02715   0.03464   0.02096   0.13491   0.09994   0.23646   0.15387   0.39392   2.05909   0.05668  
 14 95.3397   4890.611663  x:  0.02027   0.06301   0.02889   0.00690   0.01198   0.00118   0.00007   0.00000   0.15935   0.05400   0.05145   0.15834   0.18254   0.02763   0.03210   0.01618   0.13808   0.09153   0.22741   0.15311   0.40467   2.10110   0.05559  
 15 55.7942   4888.098051  x:  0.01012   0.06910   0.02553   0.00624   0.00928   0.00134   0.00005   0.00000   0.16418   0.06656   0.05821   0.16271   0.21026   0.02702   0.03287   0.02483   0.13703   0.08873   0.21667   0.17130   0.41991   2.22643   0.05307  
 16 143.0523   4886.393809  x:  0.01059   0.05982   0.02612   0.00551   0.00731   0.00141   0.00004   0.00000   0.15566   0.05806   0.05184   0.16687   0.21458   0.02459   0.03377   0.02445   0.13596   0.10502   0.22118   0.18734   0.42189   2.31196   0.05083  
 17 195.3222   4885.934953  x:  0.01657   0.06152   0.02436   0.00534   0.00677   0.00143   0.00004   0.00000   0.15628   0.06132   0.05605   0.16939   0.20783   0.02423   0.03435   0.01729   0.13781   0.10453   0.23200   0.19026   0.41898   2.33835   0.05027  
 18 73.3284   4885.609235  x:  0.01268   0.05877   0.02487   0.00520   0.00655   0.00144   0.00003   0.00000   0.16173   0.05895   0.05920   0.17037   0.20039   0.02420   0.03425   0.02132   0.14099   0.09971   0.24637   0.18810   0.41542   2.36101   0.05010  
 19 57.6626   4885.408334  x:  0.01139   0.06344   0.02501   0.00520   0.00666   0.00145   0.00003   0.00000   0.16342   0.05947   0.05514   0.16756   0.20480   0.02439   0.03408   0.02164   0.14118   0.10296   0.25837   0.17916   0.41301   2.38265   0.05044  
 20 25.0503   4885.223698  x:  0.01317   0.05886   0.02492   0.00521   0.00692   0.00146   0.00003   0.00000   0.16048   0.05934   0.05808   0.16741   0.21113   0.02410   0.03433   0.02056   0.13815   0.10206   0.26515   0.17032   0.41124   2.40639   0.05094  
 21 38.9828   4884.589519  x:  0.01321   0.05912   0.02581   0.00523   0.00848   0.00148   0.00004   0.00000   0.15698   0.05869   0.05499   0.18170   0.20857   0.02407   0.03490   0.01977   0.14725   0.10097   0.26147   0.17613   0.41449   2.51528   0.05317  
 22 24.5942   4884.335730  x:  0.01394   0.05848   0.02612   0.00525   0.00913   0.00148   0.00004   0.00000   0.16300   0.05825   0.05651   0.17595   0.20500   0.02420   0.03508   0.01937   0.13866   0.10330   0.26024   0.18480   0.41700   2.55848   0.05409  
 23 57.7185   4884.309827  x:  0.01382   0.05829   0.02610   0.00526   0.00920   0.00149   0.00004   0.00000   0.16128   0.05833   0.05744   0.17164   0.20503   0.02427   0.03505   0.01943   0.14060   0.10284   0.26059   0.18674   0.41752   2.56258   0.05420  
 24 10.8119   4879.766538  x:  0.02052   0.05357   0.02784   0.00686   0.01346   0.00219   0.00007   0.00000   0.16440   0.05824   0.05525   0.17821   0.21699   0.02937   0.03311   0.02086   0.14321   0.10458   0.28582   0.19761   0.46097   2.55929   0.04315  
 25  0.0477   4879.195044  x:  0.02052   0.05289   0.02718   0.00707   0.01461   0.00260   0.00007   0.00000   0.16780   0.05777   0.05581   0.18140   0.22623   0.02790   0.03400   0.01972   0.14507   0.10536   0.29331   0.20444   0.49239   2.56546   0.04504  
 26  0.0434   4878.585050  x:  0.02179   0.05428   0.02635   0.00835   0.01464   0.00293   0.00009   0.00000   0.16268   0.05994   0.05257   0.17891   0.22022   0.02941   0.03244   0.02142   0.14035   0.10098   0.28843   0.20144   0.49681   2.73195   0.04648  
 27  1.8938   4877.851360  x:  0.02039   0.05464   0.02689   0.01026   0.01512   0.00412   0.00012   0.00000   0.16194   0.05908   0.05445   0.18130   0.21766   0.02767   0.03375   0.01974   0.14150   0.10092   0.29077   0.20145   0.52029   2.69287   0.04297  
 28  0.0158   4877.126797  x:  0.01832   0.05529   0.02703   0.01189   0.01287   0.00558   0.00015   0.00000   0.16251   0.05816   0.05424   0.17635   0.21371   0.02861   0.03335   0.02108   0.14108   0.10389   0.28101   0.19504   0.49764   2.65182   0.04668  
 29  0.0144   4876.683644  x:  0.02002   0.05412   0.02691   0.01209   0.01154   0.00710   0.00019   0.00000   0.16397   0.05998   0.05492   0.18005   0.22202   0.02809   0.03300   0.02045   0.14235   0.10249   0.28536   0.19952   0.48132   2.62752   0.04441  
 30  0.0105   4876.210541  x:  0.02119   0.05492   0.02617   0.00957   0.01180   0.00904   0.00023   0.00000   0.16340   0.05715   0.05276   0.17874   0.21914   0.02828   0.03373   0.01986   0.14083   0.10180   0.29191   0.20739   0.49104   2.72421   0.04595  
 31  0.0196   4875.935320  x:  0.02020   0.05425   0.02713   0.00706   0.01210   0.01001   0.00026   0.00000   0.16327   0.05972   0.05442   0.17921   0.21748   0.02829   0.03334   0.02037   0.14153   0.10198   0.28899   0.20268   0.49232   2.67324   0.04506  
 32  0.0251   4875.867388  x:  0.01968   0.05472   0.02647   0.00751   0.01241   0.00980   0.00026   0.00000   0.16265   0.05873   0.05406   0.17867   0.21706   0.02852   0.03297   0.02127   0.14161   0.10259   0.28284   0.19549   0.48984   2.64101   0.04496  
 33  0.0154   4875.627840  x:  0.02120   0.05459   0.02749   0.00650   0.01496   0.00998   0.00034   0.00000   0.16325   0.05742   0.05303   0.17751   0.21970   0.02846   0.03347   0.01978   0.14107   0.10160   0.27959   0.19363   0.49150   2.68202   0.04607  
 34  0.0052   4875.140706  x:  0.02083   0.05463   0.02692   0.00926   0.01584   0.00877   0.00048   0.00000   0.16441   0.06109   0.05505   0.17931   0.22068   0.02795   0.03352   0.01898   0.14247   0.10151   0.28470   0.20279   0.47158   2.65792   0.04529  
 35  0.0080   4873.963710  x:  0.01617   0.05418   0.02469   0.00581   0.01391   0.00742   0.00090   0.00000   0.16050   0.05680   0.05266   0.18094   0.21125   0.02851   0.03217   0.02507   0.14188   0.10481   0.28725   0.20312   0.47435   2.58540   0.04440  
 36  0.0131   4873.963239  x:  0.01616   0.05418   0.02468   0.00580   0.01391   0.00741   0.00090   0.00018   0.16049   0.05678   0.05266   0.18094   0.21123   0.02851   0.03216   0.02509   0.14188   0.10482   0.28725   0.20312   0.47435   2.58520   0.04440  
 37  8.2698   4873.653942  x:  0.01653   0.05425   0.02543   0.00622   0.01346   0.00690   0.00098   0.00000   0.16069   0.05716   0.05285   0.18053   0.21246   0.02850   0.03236   0.02466   0.14158   0.10428   0.28724   0.20277   0.47712   2.60298   0.04465  
 38  0.0484   4872.873993  x:  0.01995   0.05479   0.02758   0.00680   0.01075   0.00505   0.00154   0.00000   0.16361   0.05991   0.05431   0.17883   0.22001   0.02839   0.03351   0.02058   0.14116   0.10126   0.28719   0.19986   0.49542   2.69055   0.04540  
 39  0.0795   4872.484429  x:  0.02239   0.05397   0.02654   0.00820   0.01206   0.00699   0.00213   0.00000   0.16427   0.05798   0.05427   0.17839   0.22159   0.02790   0.03357   0.01807   0.14237   0.10256   0.28459   0.19875   0.49722   2.69160   0.04494  
 40  0.0018   4872.135765  x:  0.01876   0.05477   0.02664   0.00730   0.01097   0.00617   0.00323   0.00000   0.16213   0.05892   0.05436   0.17901   0.21467   0.02857   0.03277   0.02258   0.14145   0.10308   0.28519   0.19912   0.49031   2.63890   0.04514  
 41  0.0178   4872.047166  x:  0.02014   0.05442   0.02691   0.00714   0.01205   0.00620   0.00377   0.00000   0.16338   0.05925   0.05409   0.17921   0.21878   0.02839   0.03333   0.02050   0.14151   0.10205   0.28686   0.20021   0.49410   2.67131   0.04513  
 42  0.0207   4872.032939  x:  0.02017   0.05445   0.02679   0.00723   0.01172   0.00628   0.00413   0.00000   0.16321   0.05883   0.05403   0.17900   0.21864   0.02829   0.03326   0.02038   0.14167   0.10226   0.28605   0.19960   0.49132   2.66797   0.04513  
 43  0.0028   4872.032363  x:  0.02004   0.05450   0.02679   0.00722   0.01175   0.00626   0.00419   0.00000   0.16324   0.05895   0.05412   0.17904   0.21836   0.02830   0.03324   0.02055   0.14165   0.10231   0.28603   0.19966   0.49183   2.66606   0.04513  
 44  0.0017   4872.032350  x:  0.02005   0.05448   0.02680   0.00723   0.01175   0.00626   0.00419   0.00000   0.16323   0.05895   0.05411   0.17904   0.21837   0.02831   0.03324   0.02055   0.14164   0.10230   0.28606   0.19970   0.49199   2.66657   0.04513  
 45  0.0005   4872.032349  x:  0.02005   0.05448   0.02680   0.00723   0.01175   0.00626   0.00419   0.00000   0.16323   0.05895   0.05411   0.17904   0.21837   0.02831   0.03324   0.02055   0.14164   0.10230   0.28606   0.19970   0.49200   2.66655   0.04513  
 46  0.0000   4872.032349  x:  0.02005   0.05448   0.02680   0.00723   0.01175   0.00626   0.00419   0.00000   0.16323   0.05895   0.05411   0.17904   0.21837   0.02831   0.03324   0.02055   0.14164   0.10230   0.28606   0.19970   0.49200   2.66654   0.04513  
 47  0.0000   4872.032349  x:  0.02006   0.05448   0.02680   0.00723   0.01175   0.00626   0.00419   0.00000   0.16323   0.05895   0.05411   0.17904   0.21837   0.02831   0.03324   0.02055   0.14164   0.10230   0.28606   0.19970   0.49200   2.66653   0.04513  
 48  0.0000   4872.032349  x:  0.02006   0.05448   0.02680   0.00723   0.01175   0.00626   0.00419   0.00000   0.16323   0.05895   0.05411   0.17904   0.21837   0.02831   0.03324   0.02055   0.14164   0.10230   0.28606   0.19970   0.49200   2.66654   0.04513  