

TREE # 1

  0  0.0000   4000.754053  x:  0.04046   0.02813   0.04423   0.03648   0.05382   0.04284   0.06011   0.00679   0.04943   0.03704   0.03334   0.07217   0.04214   0.03826   0.02863   0.00000   0.12076   0.05082   0.04689   0.11851   0.10259   0.23729   0.20525   0.23473   0.21172  
  1 99.0000   3963.314120  x:  0.03758   0.02868   0.03926   0.02775   0.04559   0.03357   0.04974   0.00000   0.05381   0.03400   0.03115   0.07394   0.04298   0.03576   0.02618   0.02244   0.12844   0.05532   0.05663   0.12231   0.11012   0.25581   0.19096   0.23496   0.21032  
  2 1480.7116   3887.670123  x:  0.02840   0.03051   0.02352   0.00000   0.01939   0.00410   0.01671   0.00830   0.06769   0.02440   0.02415   0.07954   0.04566   0.02786   0.01842   0.09091   0.15276   0.06942   0.08726   0.13438   0.13397   0.31465   0.14544   0.23567   0.20588  
  3 28534.9525   3880.589593  x:  0.02737   0.03073   0.02178   0.00066   0.01650   0.00087   0.01300   0.00920   0.06923   0.02333   0.02337   0.08017   0.04597   0.02699   0.01757   0.09844   0.15548   0.07098   0.09066   0.13572   0.13663   0.32124   0.14031   0.23575   0.20538  
  4 20889.4306   3861.053562  x:  0.02387   0.03211   0.01708   0.00183   0.00859   0.01446   0.00081   0.01130   0.07362   0.02039   0.02101   0.08211   0.04702   0.02513   0.01589   0.11545   0.16394   0.07460   0.10000   0.14003   0.14479   0.34299   0.12152   0.23601   0.20361  
  5 3908.5607   3821.443360  x:  0.01260   0.04050   0.01255   0.00317   0.01188   0.02973   0.03884   0.01350   0.08356   0.01619   0.01588   0.08772   0.05108   0.02690   0.01952   0.12859   0.18870   0.07685   0.11958   0.15337   0.16798   0.41531   0.04581   0.23688   0.19676  
  6 1667.6948   3807.393367  x:  0.01343   0.04362   0.02527   0.00263   0.01660   0.02474   0.02731   0.01190   0.08472   0.02251   0.01872   0.09004   0.05345   0.03129   0.02217   0.11065   0.19742   0.07043   0.12263   0.15964   0.17692   0.44947   0.02634   0.23726   0.19238  
  7 787.9581   3750.242433  x:  0.00629   0.06078   0.04317   0.00088   0.03273   0.00954   0.00228   0.00308   0.09822   0.03250   0.02506   0.10820   0.06890   0.05063   0.03225   0.00000   0.26901   0.03258   0.15561   0.20939   0.25019   0.71664   0.05480   0.24014   0.15914  
  8 1366.0966   3750.242433  x:  0.00629   0.06078   0.04317   0.00088   0.03273   0.00954   0.00228   0.00308   0.09822   0.03250   0.02506   0.10820   0.06890   0.05063   0.03225   0.00000   0.26901   0.03258   0.15561   0.20939   0.25019   0.71664   0.05480   0.24014   0.15914  
  9 920.3620   3741.600492  x:  0.01930   0.05775   0.04024   0.01833   0.02963   0.00808   0.00400   0.00197   0.09689   0.03012   0.02550   0.10738   0.06780   0.04811   0.02950   0.00916   0.26789   0.03819   0.15402   0.20858   0.24911   0.71834   0.05242   0.24016   0.15853  
 10 1448.1509   3731.010736  x:  0.02844   0.04573   0.02791   0.01203   0.01591   0.00452   0.00061   0.00803   0.09187   0.02170   0.02511   0.10412   0.06322   0.03879   0.01957   0.00994   0.26326   0.05080   0.14768   0.20553   0.24481   0.72500   0.04609   0.24015   0.15611  
 11 583.8956   3728.625918  x:  0.03168   0.04084   0.02298   0.00922   0.01066   0.00414   0.00398   0.00941   0.08982   0.01846   0.02497   0.10277   0.06136   0.03507   0.01574   0.00987   0.26131   0.05565   0.14503   0.20426   0.24302   0.72780   0.04396   0.24014   0.15507  
 12 4115.5850   3725.594051  x:  0.03415   0.03382   0.01741   0.00764   0.00914   0.01054   0.00281   0.00291   0.08668   0.01618   0.02515   0.10051   0.05867   0.03059   0.01321   0.00767   0.25774   0.06076   0.14030   0.20207   0.23986   0.73304   0.04561   0.24019   0.15305  
 13 597.0356   3723.619529  x:  0.03494   0.02834   0.01564   0.00789   0.01245   0.00773   0.00303   0.00083   0.08373   0.01654   0.02571   0.09824   0.05633   0.02789   0.01413   0.00435   0.25390   0.06436   0.13524   0.19975   0.23647   0.73889   0.04800   0.24027   0.15074  
 14 439.3575   3722.105586  x:  0.03569   0.02238   0.01416   0.00905   0.01626   0.00776   0.00334   0.00278   0.08033   0.01735   0.02647   0.09556   0.05369   0.02512   0.01560   0.00055   0.24929   0.06810   0.12920   0.19699   0.23241   0.74596   0.05151   0.24037   0.14793  
 15 1887.7556   3719.949419  x:  0.03569   0.02148   0.01782   0.00895   0.01456   0.00813   0.00333   0.00262   0.07718   0.01892   0.02779   0.09283   0.05155   0.02504   0.01755   0.00000   0.24407   0.07086   0.12237   0.19381   0.22765   0.75469   0.05214   0.24060   0.14442  
 16 397.8970   3714.698067  x:  0.02944   0.03393   0.01109   0.00752   0.01797   0.00833   0.00353   0.00315   0.06700   0.02159   0.03122   0.08206   0.04595   0.03024   0.01775   0.00910   0.21905   0.07593   0.09065   0.17885   0.20463   0.80100   0.05393   0.24240   0.12516  
 17 583.0866   3712.227017  x:  0.02605   0.03879   0.01377   0.01122   0.01826   0.00764   0.00348   0.00315   0.06955   0.01457   0.02602   0.08065   0.04809   0.02834   0.01148   0.00590   0.20743   0.07322   0.07950   0.17294   0.19444   0.82882   0.05541   0.24424   0.11225  
 18 394.6594   3709.255416  x:  0.02855   0.04025   0.00958   0.01222   0.01378   0.00694   0.00334   0.00286   0.07953   0.01522   0.01629   0.08331   0.05520   0.02573   0.01806   0.00305   0.19426   0.06787   0.07311   0.16758   0.18353   0.87197   0.05591   0.24799   0.09070  
 19 441.4051   3706.133634  x:  0.03379   0.03686   0.01319   0.00598   0.01831   0.00759   0.00351   0.00317   0.09012   0.01866   0.01344   0.08909   0.06205   0.02121   0.01599   0.01046   0.18278   0.06600   0.07445   0.16420   0.17462   0.92606   0.05704   0.25354   0.06236  
 20 596.0846   3701.863264  x:  0.03217   0.03327   0.01168   0.00724   0.01728   0.00739   0.00350   0.00303   0.09582   0.01755   0.02514   0.09683   0.06459   0.02838   0.01383   0.00822   0.17530   0.06834   0.08620   0.16379   0.16933   1.00114   0.05739   0.26234   0.02182  
 21 583.9031   3699.794530  x:  0.02957   0.03709   0.01204   0.00802   0.01784   0.00765   0.00355   0.00309   0.09015   0.01699   0.01825   0.09637   0.05794   0.02550   0.01555   0.00885   0.18004   0.07208   0.09448   0.16623   0.17218   1.04373   0.05766   0.26813   0.00930  
 22 284.9998   3694.037489  x:  0.02864   0.04471   0.01142   0.00931   0.01559   0.00648   0.00365   0.00304   0.07925   0.01985   0.01222   0.09827   0.04922   0.02334   0.01296   0.00614   0.19597   0.07699   0.12050   0.17474   0.18190   1.22940   0.06582   0.29383   0.02908  
 23 395.0319   3692.900355  x:  0.02861   0.04415   0.01209   0.00865   0.01811   0.00745   0.00370   0.00316   0.07739   0.01389   0.01374   0.09654   0.05004   0.02209   0.01747   0.00712   0.20139   0.07600   0.12177   0.17642   0.18526   1.26152   0.06199   0.29863   0.03244  
 24 511.8773   3692.001309  x:  0.02714   0.04084   0.01177   0.01002   0.01911   0.00824   0.00363   0.00308   0.07612   0.01688   0.01477   0.09122   0.05278   0.02096   0.01580   0.00640   0.21121   0.07146   0.11695   0.17859   0.19180   1.28786   0.05531   0.30332   0.03274  
 25 237.5454   3691.161070  x:  0.02811   0.03633   0.01176   0.00914   0.01709   0.00709   0.00357   0.00307   0.07595   0.01594   0.01491   0.08455   0.05534   0.02413   0.01475   0.00883   0.22434   0.06600   0.10811   0.18165   0.20146   1.31277   0.05964   0.30838   0.03100  
 26 241.8841   3691.002527  x:  0.02992   0.03864   0.01168   0.00858   0.01720   0.00706   0.00360   0.00307   0.07817   0.01618   0.01681   0.08560   0.05442   0.02264   0.01479   0.00751   0.22764   0.06699   0.10398   0.18267   0.20509   1.31750   0.06058   0.30973   0.03035  
 27 59.4657   3690.928294  x:  0.02996   0.03850   0.01185   0.00845   0.01781   0.00733   0.00363   0.00308   0.08004   0.01620   0.01601   0.08777   0.05335   0.02420   0.01473   0.00720   0.22875   0.06898   0.10102   0.18335   0.20759   1.31981   0.05996   0.31068   0.03044  
 28 46.7861   3690.906196  x:  0.02867   0.03814   0.01180   0.00882   0.01748   0.00725   0.00362   0.00308   0.08032   0.01625   0.01611   0.08909   0.05343   0.02365   0.01496   0.00783   0.22850   0.06955   0.09993   0.18378   0.20896   1.32046   0.06017   0.31127   0.03053  
 29 22.5619   3690.887966  x:  0.02910   0.03829   0.01182   0.00870   0.01752   0.00726   0.00362   0.00307   0.07874   0.01627   0.01593   0.09029   0.05419   0.02371   0.01491   0.00765   0.22655   0.06928   0.09906   0.18471   0.21160   1.32088   0.06011   0.31272   0.03039  
 30  9.8669   3690.874301  x:  0.02907   0.03825   0.01181   0.00871   0.01751   0.00725   0.00362   0.00307   0.07948   0.01623   0.01605   0.08913   0.05327   0.02366   0.01494   0.00773   0.22417   0.06895   0.09903   0.18551   0.21383   1.32108   0.05997   0.31504   0.03046  
 31  7.4031   3690.860718  x:  0.02884   0.03863   0.01186   0.00873   0.01759   0.00730   0.00363   0.00308   0.07980   0.01630   0.01591   0.08800   0.05451   0.02372   0.01499   0.00758   0.22349   0.07038   0.09916   0.18555   0.21428   1.32104   0.06013   0.31905   0.03043  
 32  5.1064   3690.750395  x:  0.02901   0.03854   0.01200   0.00869   0.01738   0.00723   0.00362   0.00307   0.07907   0.01639   0.01607   0.08921   0.05334   0.02369   0.01519   0.00744   0.22276   0.06980   0.09847   0.18281   0.21078   1.32036   0.06023   0.35593   0.03026  
 33 14.4048   3690.616365  x:  0.02895   0.03847   0.01224   0.00869   0.01720   0.00719   0.00363   0.00305   0.07871   0.01656   0.01647   0.08896   0.05311   0.02389   0.01538   0.00730   0.22203   0.06987   0.09646   0.19560   0.20452   1.32507   0.06018   0.35856   0.03032  
 34  1.5431   3686.784473  x:  0.02565   0.03590   0.01942   0.00951   0.01143   0.00568   0.00375   0.00249   0.07420   0.02067   0.02623   0.08626   0.05084   0.03068   0.01953   0.00371   0.20910   0.06840   0.09675   0.17524   0.20001   1.47949   0.06190   0.31907   0.03370  
 35  6.1577   3685.953216  x:  0.02344   0.03547   0.02065   0.00684   0.01529   0.00731   0.00387   0.00259   0.07603   0.02065   0.02515   0.08562   0.05144   0.02932   0.01963   0.00656   0.20589   0.06709   0.09013   0.17511   0.19414   1.58433   0.06316   0.32759   0.03552  
 36  0.0872   3685.739276  x:  0.02353   0.03565   0.02087   0.00576   0.01490   0.00639   0.00393   0.00250   0.07701   0.02002   0.02371   0.08645   0.05225   0.02782   0.01911   0.00439   0.20586   0.06693   0.09093   0.17644   0.19345   1.63396   0.06369   0.33139   0.03589  
 37  0.0477   3685.705547  x:  0.02233   0.03590   0.02077   0.00627   0.01426   0.00659   0.00391   0.00249   0.07672   0.02009   0.02318   0.08662   0.05222   0.02766   0.01903   0.00447   0.20626   0.06582   0.09248   0.17592   0.19433   1.64390   0.06423   0.32916   0.03615  
 38  0.0137   3685.701942  x:  0.02232   0.03594   0.02059   0.00608   0.01415   0.00651   0.00392   0.00250   0.07634   0.02018   0.02295   0.08645   0.05202   0.02776   0.01903   0.00464   0.20643   0.06587   0.09264   0.17563   0.19479   1.64586   0.06432   0.32862   0.03616  
 39  0.0026   3685.700900  x:  0.02239   0.03600   0.02040   0.00608   0.01420   0.00655   0.00394   0.00252   0.07630   0.02024   0.02285   0.08641   0.05201   0.02791   0.01900   0.00450   0.20649   0.06590   0.09260   0.17564   0.19485   1.64643   0.06430   0.32886   0.03618  
 40  0.0007   3685.700689  x:  0.02234   0.03596   0.02032   0.00610   0.01420   0.00653   0.00395   0.00253   0.07641   0.02024   0.02286   0.08645   0.05207   0.02794   0.01900   0.00454   0.20644   0.06588   0.09255   0.17572   0.19472   1.64643   0.06427   0.32900   0.03621  
 41  0.0003   3685.700649  x:  0.02236   0.03598   0.02030   0.00610   0.01419   0.00654   0.00396   0.00253   0.07642   0.02023   0.02287   0.08644   0.05206   0.02790   0.01902   0.00455   0.20642   0.06586   0.09250   0.17569   0.19471   1.64649   0.06429   0.32889   0.03625  
 42  0.0001   3685.700637  x:  0.02236   0.03598   0.02030   0.00610   0.01419   0.00653   0.00397   0.00253   0.07640   0.02023   0.02288   0.08644   0.05206   0.02788   0.01903   0.00454   0.20641   0.06588   0.09253   0.17567   0.19472   1.64656   0.06428   0.32889   0.03628  
 43  0.0001   3685.700632  x:  0.02236   0.03597   0.02030   0.00610   0.01419   0.00653   0.00397   0.00253   0.07640   0.02023   0.02288   0.08645   0.05206   0.02789   0.01902   0.00454   0.20643   0.06587   0.09254   0.17570   0.19472   1.64658   0.06429   0.32893   0.03631  
 44  0.0000   3685.700632  x:  0.02236   0.03597   0.02031   0.00610   0.01419   0.00653   0.00397   0.00253   0.07640   0.02023   0.02288   0.08644   0.05206   0.02790   0.01902   0.00454   0.20643   0.06587   0.09252   0.17569   0.19472   1.64655   0.06428   0.32891   0.03632  
 45  0.0000   3685.700631  x:  0.02236   0.03597   0.02031   0.00610   0.01419   0.00653   0.00397   0.00253   0.07640   0.02023   0.02288   0.08644   0.05206   0.02790   0.01902   0.00454   0.20642   0.06587   0.09253   0.17569   0.19472   1.64652   0.06428   0.32891   0.03632  
 46  0.0000   3685.700631  x:  0.02236   0.03597   0.02031   0.00610   0.01419   0.00653   0.00397   0.00253   0.07640   0.02023   0.02288   0.08644   0.05206   0.02789   0.01902   0.00454   0.20642   0.06587   0.09252   0.17569   0.19472   1.64650   0.06428   0.32891   0.03633  
 47  0.0000   3685.700631  x:  0.02236   0.03597   0.02031   0.00610   0.01419   0.00653   0.00397   0.00253   0.07640   0.02023   0.02288   0.08644   0.05206   0.02789   0.01902   0.00454   0.20642   0.06587   0.09252   0.17569   0.19472   1.64650   0.06428   0.32891   0.03633  
 48  0.0000   3685.700631  x:  0.02236   0.03597   0.02031   0.00610   0.01419   0.00653   0.00397   0.00253   0.07640   0.02023   0.02288   0.08644   0.05206   0.02789   0.01902   0.00454   0.20642   0.06587   0.09252   0.17569   0.19472   1.64651   0.06428   0.32891   0.03633  
 49  0.0000   3685.700631  x:  0.02236   0.03597   0.02031   0.00610   0.01419   0.00653   0.00397   0.00253   0.07640   0.02023   0.02288   0.08644   0.05206   0.02789   0.01902   0.00454   0.20642   0.06587   0.09252   0.17569   0.19472   1.64651   0.06428   0.32891   0.03633  
 50  0.0000   3685.700631  x:  0.02236   0.03597   0.02031   0.00610   0.01419   0.00653   0.00397   0.00253   0.07640   0.02023   0.02288   0.08644   0.05206   0.02789   0.01902   0.00454   0.20642   0.06587   0.09252   0.17569   0.19472   1.64651   0.06428   0.32891   0.03633  
 51  0.0000   3685.700631  x:  0.02236   0.03597   0.02031   0.00610   0.01419   0.00653   0.00397   0.00253   0.07640   0.02023   0.02288   0.08644   0.05206   0.02789   0.01902   0.00454   0.20642   0.06587   0.09252   0.17569   0.19472   1.64651   0.06428   0.32891   0.03633  
 52  0.0059   3685.700631  x:  0.02236   0.03597   0.02031   0.00610   0.01419   0.00653   0.00397   0.00253   0.07640   0.02023   0.02288   0.08644   0.05206   0.02789   0.01902   0.00454   0.20642   0.06587   0.09252   0.17569   0.19472   1.64651   0.06428   0.32891   0.03633  
 53  0.0039   3685.700631  x:  0.02236   0.03597   0.02031   0.00610   0.01419   0.00653   0.00397   0.00253   0.07640   0.02023   0.02288   0.08644   0.05206   0.02789   0.01902   0.00454   0.20642   0.06587   0.09252   0.17569   0.19472   1.64651   0.06428   0.32891   0.03633  
 54  0.0047   3685.700631  x:  0.02236   0.03597   0.02031   0.00610   0.01419   0.00653   0.00397   0.00253   0.07640   0.02023   0.02288   0.08644   0.05206   0.02789   0.01902   0.00454   0.20642   0.06587   0.09252   0.17569   0.19472   1.64651   0.06428   0.32891   0.03633  
 55  0.0022   3685.700631  x:  0.02236   0.03597   0.02031   0.00610   0.01419   0.00653   0.00397   0.00253   0.07640   0.02023   0.02288   0.08644   0.05206   0.02789   0.01902   0.00454   0.20642   0.06587   0.09252   0.17569   0.19472   1.64651   0.06428   0.32891   0.03633  
 56  0.0023   3685.700631  x:  0.02236   0.03597   0.02031   0.00610   0.01419   0.00653   0.00397   0.00253   0.07640   0.02023   0.02288   0.08644   0.05206   0.02789   0.01902   0.00454   0.20642   0.06587   0.09252   0.17569   0.19472   1.64651   0.06428   0.32891   0.03633  
 57  0.0033   3685.700631  x:  0.02236   0.03597   0.02031   0.00610   0.01419   0.00653   0.00397   0.00253   0.07640   0.02023   0.02288   0.08644   0.05206   0.02789   0.01902   0.00454   0.20642   0.06587   0.09252   0.17569   0.19472   1.64651   0.06428   0.32891   0.03633  
 58  0.0013   3685.700631  x:  0.02236   0.03597   0.02031   0.00610   0.01419   0.00653   0.00397   0.00253   0.07640   0.02023   0.02288   0.08644   0.05206   0.02789   0.01902   0.00454   0.20642   0.06587   0.09252   0.17569   0.19472   1.64651   0.06428   0.32891   0.03633  