

TREE # 1

  0  0.0000   3943.975692  x:  0.04932   0.04122   0.03205   0.02235   0.01609   0.01660   0.02329   0.00000   0.04764   0.04695   0.03111   0.06936   0.06705   0.03198   0.03510   0.00658   0.14762   0.06492   0.06825   0.10805   0.17027   0.23710   0.18794   0.21426   0.19454  
  1 99.0000   3941.426310  x:  0.04923   0.04118   0.03199   0.02220   0.01604   0.01646   0.02309   0.00430   0.04776   0.04685   0.03106   0.06941   0.06699   0.03196   0.03502   0.00653   0.14771   0.06494   0.06832   0.10815   0.17029   0.23748   0.18764   0.21426   0.19452  
  2 7293.4857   3882.578274  x:  0.03791   0.03564   0.02471   0.00487   0.01035   0.00123   0.00050   0.00429   0.06032   0.03493   0.02486   0.07474   0.06002   0.02924   0.02569   0.00000   0.15836   0.06712   0.07686   0.11967   0.17243   0.28112   0.15345   0.21389   0.19167  
  3 1082.7735   3882.578274  x:  0.03791   0.03564   0.02471   0.00487   0.01035   0.00123   0.00050   0.00429   0.06032   0.03493   0.02486   0.07474   0.06002   0.02924   0.02569   0.00000   0.15836   0.06712   0.07686   0.11967   0.17243   0.28112   0.15345   0.21389   0.19167  
  4 4316.0635   3876.533764  x:  0.03743   0.03553   0.02450   0.00560   0.01093   0.01002   0.00863   0.00361   0.06067   0.03435   0.02477   0.07499   0.05974   0.02922   0.02544   0.00219   0.15897   0.06723   0.07726   0.12022   0.17257   0.28339   0.15135   0.21388   0.19147  
  5 2835.4672   3861.342081  x:  0.03399   0.03486   0.02305   0.00876   0.01380   0.01157   0.00610   0.00000   0.06306   0.03045   0.02409   0.07671   0.05785   0.02912   0.02373   0.00553   0.16303   0.06771   0.07995   0.12405   0.17350   0.29912   0.13664   0.21379   0.19011  
  6 848.0257   3829.736433  x:  0.02551   0.03322   0.01950   0.01636   0.02079   0.01546   0.00000   0.00081   0.06896   0.02088   0.02242   0.08097   0.05319   0.02890   0.01954   0.01363   0.17305   0.06889   0.08657   0.13350   0.17581   0.33790   0.10036   0.21356   0.18676  
  7 30125.3692   3809.589922  x:  0.01603   0.03147   0.01561   0.02414   0.02823   0.01127   0.00224   0.00157   0.07556   0.01029   0.02058   0.08575   0.04801   0.02868   0.01493   0.02068   0.18434   0.07013   0.09399   0.14413   0.17843   0.38163   0.05946   0.21331   0.18296  
  8 21370.4457   3791.292051  x:  0.02010   0.03567   0.02194   0.00736   0.01682   0.01368   0.00205   0.00118   0.08134   0.03541   0.02466   0.09171   0.04758   0.03233   0.02238   0.01257   0.20152   0.06876   0.10361   0.15932   0.18427   0.44487   0.04129   0.21325   0.17556  
  9 811.8233   3771.034191  x:  0.02045   0.03618   0.02342   0.00070   0.01133   0.01480   0.00239   0.00119   0.08590   0.03637   0.02682   0.09767   0.04707   0.03351   0.02297   0.00550   0.22024   0.06758   0.11347   0.17566   0.19081   0.51529   0.05792   0.21305   0.16691  
 10 1321.3144   3762.598160  x:  0.02201   0.03694   0.02522   0.00520   0.00713   0.01532   0.00275   0.00131   0.08838   0.04011   0.02860   0.10120   0.04726   0.03447   0.02436   0.00000   0.23177   0.06661   0.11936   0.18561   0.19492   0.55880   0.06840   0.21295   0.16140  
 11 10626.4350   3759.125666  x:  0.02658   0.03760   0.02764   0.00812   0.00816   0.01235   0.00330   0.00162   0.08841   0.04719   0.03062   0.10287   0.04906   0.03498   0.02668   0.01109   0.24009   0.06538   0.12259   0.19226   0.19803   0.59267   0.07839   0.21294   0.15637  
 12 1887.7761   3756.958098  x:  0.03170   0.03552   0.02786   0.00792   0.02137   0.01242   0.00346   0.00173   0.08193   0.05207   0.03064   0.09953   0.05341   0.03264   0.02660   0.00861   0.24080   0.06209   0.11873   0.19094   0.19833   0.60954   0.08117   0.21303   0.15139  
 13 374.8282   3752.316028  x:  0.03985   0.02588   0.02444   0.00791   0.01625   0.01240   0.00349   0.00175   0.05896   0.05362   0.02733   0.08534   0.06455   0.02487   0.02139   0.00920   0.23457   0.05333   0.10049   0.17866   0.19600   0.64194   0.08143   0.21327   0.13658  
 14 314.7509   3750.481697  x:  0.03757   0.02945   0.03060   0.00788   0.01604   0.01245   0.00347   0.00174   0.05637   0.05053   0.02802   0.07670   0.06730   0.03521   0.02587   0.00933   0.22449   0.05339   0.08561   0.16466   0.19296   0.65957   0.08224   0.21343   0.12269  
 15 186.3442   3749.092621  x:  0.03500   0.03290   0.02940   0.00803   0.01626   0.01233   0.00355   0.00175   0.06632   0.05471   0.02804   0.07430   0.06466   0.02927   0.02275   0.00951   0.21015   0.05904   0.07538   0.14897   0.19002   0.67334   0.08449   0.21372   0.10366  
 16 150.1030   3748.371412  x:  0.03572   0.03283   0.02395   0.00810   0.01644   0.01229   0.00358   0.00178   0.06433   0.05578   0.02448   0.07903   0.06061   0.03034   0.02727   0.00953   0.19808   0.06111   0.07983   0.14203   0.18871   0.67885   0.08533   0.21414   0.08333  
 17 91.1270   3747.935080  x:  0.03651   0.03425   0.02902   0.00804   0.01633   0.01232   0.00357   0.00177   0.06215   0.05460   0.02566   0.08168   0.05999   0.02881   0.02527   0.00951   0.19104   0.06050   0.08488   0.14070   0.18785   0.68049   0.08513   0.21460   0.06517  
 18 106.0178   3747.681354  x:  0.03635   0.03189   0.02766   0.00805   0.01626   0.01231   0.00357   0.00177   0.06480   0.05488   0.02739   0.07976   0.06243   0.03081   0.02408   0.00954   0.19075   0.05900   0.08554   0.14344   0.18724   0.67946   0.08505   0.21518   0.05035  
 19 58.8556   3747.628570  x:  0.03595   0.03298   0.02783   0.00805   0.01627   0.01232   0.00356   0.00177   0.06473   0.05458   0.02592   0.07904   0.06193   0.02950   0.02560   0.00955   0.19276   0.05915   0.08439   0.14442   0.18719   0.67883   0.08504   0.21560   0.04635  
 20 24.6574   3747.608352  x:  0.03626   0.03350   0.02749   0.00805   0.01630   0.01232   0.00356   0.00177   0.06391   0.05472   0.02616   0.07983   0.06111   0.03002   0.02473   0.00951   0.19419   0.06016   0.08338   0.14431   0.18731   0.67861   0.08501   0.21618   0.04512  
 21  9.4891   3747.555268  x:  0.03676   0.03098   0.02861   0.00803   0.01629   0.01232   0.00356   0.00177   0.06427   0.05424   0.02677   0.08174   0.06042   0.02983   0.02553   0.00946   0.19604   0.06026   0.08246   0.14276   0.18800   0.67880   0.08489   0.21894   0.04431  
 22  5.5476   3747.093552  x:  0.03671   0.03383   0.02680   0.00801   0.01600   0.01234   0.00350   0.00175   0.06634   0.05222   0.02816   0.08490   0.06193   0.02995   0.02514   0.00959   0.20320   0.05255   0.08486   0.13356   0.19349   0.68253   0.08436   0.24462   0.04267  
 23 18.5844   3744.948368  x:  0.03141   0.03110   0.02928   0.00801   0.01599   0.01222   0.00338   0.00168   0.06751   0.04972   0.02079   0.07481   0.06731   0.03271   0.02064   0.00941   0.21579   0.06254   0.10017   0.11998   0.20907   0.70358   0.08384   0.36806   0.04055  
 24 108.2667   3739.326618  x:  0.02674   0.03564   0.02047   0.00779   0.01487   0.01225   0.00286   0.00147   0.06607   0.03077   0.04699   0.06488   0.06579   0.02406   0.03177   0.00855   0.21919   0.07659   0.10836   0.12792   0.22586   0.76524   0.08056   0.70831   0.04031  
 25 444.6664   3726.695827  x:  0.02598   0.03694   0.02016   0.00769   0.01372   0.01202   0.00216   0.00114   0.07809   0.00883   0.03657   0.07109   0.04616   0.02921   0.02380   0.00866   0.21117   0.06478   0.09960   0.16395   0.23288   0.87415   0.07847   1.30231   0.04321  
 26 1425.9933   3725.412259  x:  0.01510   0.03584   0.02022   0.00786   0.01418   0.01187   0.00212   0.00112   0.07612   0.01031   0.03654   0.07466   0.04577   0.02916   0.02290   0.00918   0.21106   0.06236   0.09849   0.16762   0.23031   0.88588   0.07942   1.36629   0.04348  
 27 871.9573   3724.835897  x:  0.01435   0.03733   0.01973   0.00784   0.01385   0.01187   0.00208   0.00109   0.07701   0.00855   0.03509   0.08010   0.05430   0.02866   0.02356   0.00909   0.21472   0.06506   0.10049   0.16674   0.21436   0.89244   0.07925   1.39823   0.04396  
 28 112.7909   3724.367409  x:  0.01429   0.03624   0.01969   0.00787   0.01394   0.01180   0.00207   0.00109   0.07722   0.00850   0.03719   0.07618   0.04897   0.02876   0.02329   0.00911   0.22105   0.06334   0.10674   0.16292   0.19335   0.89789   0.07987   1.42204   0.04449  
 29 85.0975   3714.588701  x:  0.02621   0.03235   0.01970   0.00800   0.01375   0.01009   0.00227   0.00138   0.08346   0.02103   0.01792   0.09622   0.06091   0.02942   0.01188   0.00858   0.23991   0.06191   0.10197   0.17160   0.17102   1.03139   0.08335   0.39626   0.06536  
 30  2.0976   3712.774055  x:  0.02579   0.03008   0.02065   0.00797   0.01416   0.00954   0.00228   0.00146   0.08199   0.02110   0.01941   0.09587   0.05909   0.02939   0.01352   0.00827   0.24116   0.06084   0.10112   0.16968   0.17754   1.07381   0.08417   0.15627   0.06769  
 31  1.0397   3706.311124  x:  0.02238   0.02212   0.02283   0.00781   0.01556   0.00640   0.00243   0.00168   0.07737   0.01948   0.02988   0.09282   0.04501   0.02928   0.02359   0.00637   0.22078   0.05461   0.08970   0.17844   0.20060   1.32598   0.09080   0.45207   0.06776  
 32  1.7398   3703.588544  x:  0.02012   0.03769   0.01950   0.00731   0.01475   0.00516   0.00245   0.00183   0.07734   0.01924   0.02869   0.08444   0.05115   0.02934   0.01742   0.00446   0.21683   0.05875   0.09332   0.17556   0.19284   1.49809   0.09231   0.42405   0.06033  
 33  0.1296   3702.809555  x:  0.02140   0.03133   0.02287   0.00678   0.01346   0.00595   0.00246   0.00195   0.07673   0.01861   0.02493   0.08317   0.05381   0.02900   0.01626   0.00330   0.22650   0.05983   0.09823   0.17275   0.18514   1.58637   0.09095   0.39195   0.05957  
 34  0.0635   3702.612100  x:  0.02240   0.03005   0.02013   0.00668   0.01357   0.00633   0.00255   0.00206   0.07748   0.01907   0.02536   0.08619   0.05268   0.02914   0.01839   0.00355   0.22850   0.06011   0.09704   0.17181   0.18841   1.62258   0.09035   0.37819   0.06176  
 35  0.0320   3702.514757  x:  0.02198   0.03024   0.02138   0.00661   0.01395   0.00656   0.00269   0.00218   0.07730   0.01905   0.02691   0.08660   0.05149   0.02915   0.01725   0.00428   0.22726   0.05867   0.09575   0.17186   0.19287   1.65380   0.08983   0.36624   0.06253  
 36  0.0236   3702.476615  x:  0.02185   0.03107   0.02156   0.00652   0.01418   0.00670   0.00286   0.00228   0.07739   0.01950   0.02626   0.08590   0.05274   0.02919   0.01800   0.00473   0.22595   0.05875   0.09601   0.17234   0.18942   1.66553   0.08961   0.36249   0.06187  
 37  0.0093   3702.452346  x:  0.02154   0.03077   0.02073   0.00636   0.01423   0.00677   0.00305   0.00239   0.07725   0.01941   0.02591   0.08479   0.05258   0.02916   0.01721   0.00501   0.22696   0.05886   0.09687   0.17267   0.18958   1.66594   0.08921   0.36224   0.06186  
 38  0.0012   3702.420852  x:  0.02174   0.03078   0.02143   0.00603   0.01435   0.00669   0.00344   0.00255   0.07690   0.01924   0.02618   0.08555   0.05206   0.02888   0.01767   0.00508   0.22760   0.05967   0.09696   0.17280   0.19035   1.64863   0.08899   0.37554   0.06239  
 39  0.0084   3702.408577  x:  0.02178   0.03066   0.02120   0.00587   0.01416   0.00655   0.00364   0.00262   0.07717   0.01916   0.02608   0.08573   0.05237   0.02925   0.01752   0.00489   0.22643   0.05865   0.09614   0.17270   0.18998   1.64872   0.08920   0.37664   0.06159  
 40  0.0015   3702.405657  x:  0.02171   0.03077   0.02116   0.00585   0.01416   0.00650   0.00371   0.00263   0.07737   0.01914   0.02626   0.08566   0.05243   0.02911   0.01752   0.00468   0.22692   0.05900   0.09649   0.17227   0.18983   1.65289   0.08937   0.37238   0.06184  
 41  0.0033   3702.403615  x:  0.02166   0.03084   0.02125   0.00595   0.01408   0.00650   0.00378   0.00263   0.07731   0.01913   0.02585   0.08563   0.05228   0.02909   0.01760   0.00466   0.22685   0.05902   0.09638   0.17247   0.19020   1.65381   0.08950   0.36663   0.06214  
 42  0.0021   3702.401350  x:  0.02173   0.03067   0.02121   0.00610   0.01406   0.00654   0.00387   0.00260   0.07715   0.01919   0.02620   0.08561   0.05238   0.02916   0.01753   0.00469   0.22658   0.05902   0.09644   0.17259   0.18995   1.65183   0.08952   0.36216   0.06201  
 43  0.0025   3702.400100  x:  0.02174   0.03084   0.02111   0.00616   0.01416   0.00655   0.00392   0.00257   0.07734   0.01914   0.02614   0.08569   0.05233   0.02912   0.01756   0.00467   0.22685   0.05890   0.09636   0.17250   0.18997   1.65061   0.08930   0.36657   0.06182  
 44  0.0017   3702.399445  x:  0.02172   0.03072   0.02120   0.00618   0.01406   0.00651   0.00394   0.00254   0.07731   0.01910   0.02614   0.08565   0.05242   0.02913   0.01754   0.00466   0.22686   0.05899   0.09637   0.17241   0.18999   1.65208   0.08917   0.37060   0.06180  
 45  0.0021   3702.399018  x:  0.02172   0.03079   0.02117   0.00617   0.01409   0.00648   0.00394   0.00250   0.07725   0.01915   0.02617   0.08567   0.05229   0.02917   0.01753   0.00465   0.22661   0.05900   0.09642   0.17258   0.18995   1.65345   0.08924   0.37254   0.06200  
 46  0.0007   3702.398529  x:  0.02173   0.03073   0.02117   0.00611   0.01410   0.00651   0.00397   0.00246   0.07725   0.01919   0.02613   0.08562   0.05241   0.02910   0.01755   0.00468   0.22681   0.05893   0.09644   0.17255   0.19002   1.65297   0.08931   0.37151   0.06206  
 47  0.0003   3702.398426  x:  0.02173   0.03075   0.02119   0.00609   0.01410   0.00652   0.00397   0.00245   0.07728   0.01917   0.02614   0.08566   0.05236   0.02914   0.01753   0.00469   0.22680   0.05897   0.09640   0.17243   0.18997   1.65295   0.08932   0.37002   0.06191  
 48  0.0010   3702.398413  x:  0.02172   0.03076   0.02118   0.00609   0.01410   0.00651   0.00397   0.00244   0.07727   0.01915   0.02614   0.08565   0.05237   0.02913   0.01754   0.00469   0.22677   0.05897   0.09639   0.17248   0.18999   1.65290   0.08930   0.36955   0.06191  
 49  0.0003   3702.398412  x:  0.02172   0.03075   0.02118   0.00609   0.01410   0.00651   0.00397   0.00244   0.07727   0.01915   0.02614   0.08565   0.05237   0.02913   0.01754   0.00469   0.22678   0.05897   0.09640   0.17249   0.18998   1.65288   0.08930   0.36945   0.06192  
 50  0.0001   3702.398412  x:  0.02172   0.03075   0.02118   0.00609   0.01410   0.00651   0.00397   0.00244   0.07727   0.01915   0.02614   0.08565   0.05237   0.02913   0.01754   0.00469   0.22678   0.05897   0.09640   0.17249   0.18998   1.65287   0.08930   0.36942   0.06193  
 51  0.0000   3702.398412  x:  0.02172   0.03075   0.02118   0.00609   0.01410   0.00651   0.00397   0.00244   0.07727   0.01915   0.02614   0.08565   0.05237   0.02913   0.01754   0.00469   0.22678   0.05897   0.09640   0.17249   0.18998   1.65286   0.08930   0.36941   0.06193  
 52  0.0000   3702.398412  x:  0.02172   0.03075   0.02118   0.00609   0.01410   0.00651   0.00397   0.00244   0.07727   0.01915   0.02614   0.08565   0.05237   0.02913   0.01754   0.00469   0.22678   0.05897   0.09640   0.17249   0.18998   1.65286   0.08930   0.36941   0.06193  