

TREE # 1

  0  0.0000   5677.101272  x:  0.01346   0.08953   0.03743   0.02869   0.04635   0.02609   0.01367   0.00000   0.10006   0.09076   0.02650   0.08798   0.08799   0.01959   0.03825   0.05817   0.08233   0.07871   0.15348   0.09215   0.19985   0.18751   0.23787   0.18150   0.23218  
  1 99.0000   5506.177216  x:  0.01158   0.08839   0.03236   0.01392   0.03220   0.01157   0.00000   0.06481   0.11090   0.08622   0.04126   0.10129   0.10397   0.02221   0.03558   0.05109   0.09597   0.08448   0.15996   0.09981   0.20839   0.26504   0.19379   0.17719   0.22452  
  2 2638.5879   5417.868191  x:  0.01009   0.08746   0.02824   0.00204   0.02083   0.00000   0.00446   0.11626   0.11962   0.08255   0.05307   0.11200   0.11681   0.02430   0.03344   0.04538   0.10694   0.08913   0.16519   0.10598   0.21528   0.32736   0.15817   0.17372   0.21834  
  3 100941.8722   5402.936301  x:  0.00987   0.08732   0.02761   0.00025   0.01911   0.00011   0.00512   0.12407   0.12094   0.08200   0.05486   0.11362   0.11876   0.02462   0.03312   0.04451   0.10860   0.08983   0.16598   0.10691   0.21633   0.33683   0.15275   0.17319   0.21740  
  4 155897.1086   5270.536537  x:  0.00764   0.08556   0.02021   0.02644   0.00000   0.00102   0.01207   0.20703   0.13589   0.07542   0.07432   0.13182   0.14062   0.02797   0.02947   0.03461   0.12725   0.09778   0.17520   0.11762   0.22842   0.44353   0.08859   0.16703   0.20637  
  5 30173.4194   5204.738215  x:  0.00645   0.08425   0.01442   0.04444   0.02718   0.00164   0.01695   0.26569   0.14720   0.07011   0.08830   0.14533   0.15694   0.03014   0.02686   0.02713   0.14115   0.10379   0.18262   0.12594   0.23812   0.52461   0.03542   0.16206   0.19733  
  6 20494.2277   5129.906262  x:  0.03310   0.07990   0.00000   0.04073   0.02625   0.00149   0.01482   0.19662   0.16365   0.04797   0.07570   0.14667   0.16222   0.01674   0.03426   0.03276   0.14931   0.10874   0.21326   0.14978   0.27718   0.62226   0.04077   0.14341   0.15729  
  7 703.9063   5067.676754  x:  0.06758   0.07416   0.00756   0.03577   0.02476   0.00130   0.01203   0.10441   0.18539   0.01888   0.05894   0.14843   0.16928   0.00000   0.04387   0.03969   0.16002   0.11523   0.25379   0.18128   0.32898   0.75212   0.04640   0.11852   0.10374  
  8 34133.2752   5040.870299  x:  0.08502   0.07108   0.01075   0.03305   0.02385   0.00119   0.01052   0.05538   0.19654   0.00487   0.05013   0.14924   0.17292   0.00594   0.04918   0.04295   0.16533   0.11845   0.27473   0.19748   0.35584   0.81916   0.04857   0.10551   0.07562  
  9 29729.9927   5002.370007  x:  0.09984   0.06697   0.01290   0.02926   0.02155   0.00105   0.00868   0.00000   0.20758   0.02365   0.04091   0.14967   0.17656   0.00829   0.05331   0.04357   0.16934   0.12074   0.29582   0.21328   0.38365   0.88820   0.04295   0.09116   0.04386  
 10 5570.9608   5000.429632  x:  0.09954   0.06500   0.01329   0.02998   0.02254   0.00108   0.00888   0.00284   0.20521   0.02616   0.03733   0.14719   0.17485   0.00886   0.05252   0.04050   0.16531   0.11828   0.29995   0.21500   0.39056   0.89248   0.04932   0.08637   0.03595  
 11 295.6800   4996.539654  x:  0.09272   0.05954   0.01274   0.02954   0.02193   0.00106   0.00877   0.00203   0.19469   0.02377   0.03157   0.14110   0.17098   0.00839   0.04815   0.02825   0.15213   0.11011   0.30758   0.21612   0.40590   0.89643   0.04595   0.07402   0.02262  
 12 474.1916   4992.698042  x:  0.08497   0.05432   0.01264   0.02957   0.02210   0.00106   0.00875   0.00050   0.18028   0.02416   0.02924   0.13470   0.16768   0.00846   0.04520   0.01269   0.13464   0.10040   0.32056   0.21878   0.43097   0.90554   0.04812   0.05590   0.03206  
 13 447.4510   4990.659764  x:  0.08804   0.05857   0.01289   0.02941   0.02145   0.00106   0.00877   0.00257   0.16908   0.02518   0.03586   0.13334   0.16273   0.00857   0.05073   0.01686   0.12339   0.09872   0.33515   0.22112   0.45803   0.90258   0.04232   0.04668   0.03330  
 14 198.4568   4988.921527  x:  0.07888   0.06141   0.01287   0.02953   0.02161   0.00106   0.00878   0.00137   0.15549   0.02572   0.04842   0.14163   0.16343   0.00874   0.04647   0.01435   0.12074   0.10319   0.35001   0.21907   0.49241   0.89952   0.04337   0.05507   0.03103  
 15 161.1309   4987.175550  x:  0.06828   0.05795   0.01281   0.02922   0.02102   0.00105   0.00874   0.00293   0.14824   0.02611   0.03889   0.14694   0.16444   0.00889   0.04300   0.01551   0.12654   0.10967   0.36734   0.21512   0.53502   0.89284   0.03861   0.06720   0.03403  
 16 214.5185   4985.786980  x:  0.04508   0.05842   0.01247   0.02923   0.02101   0.00105   0.00875   0.00281   0.16081   0.02537   0.04128   0.14485   0.17455   0.00844   0.04830   0.01913   0.14029   0.10696   0.37503   0.20075   0.57511   0.88436   0.03803   0.06089   0.03293  
 17 97.2659   4985.531453  x:  0.04314   0.06025   0.01245   0.02925   0.02102   0.00105   0.00876   0.00275   0.16351   0.02533   0.04093   0.14484   0.17654   0.00863   0.04184   0.02421   0.14005   0.10406   0.37303   0.19458   0.58340   0.88448   0.03805   0.05958   0.03332  
 18 53.0127   4985.188546  x:  0.04246   0.06190   0.01241   0.02929   0.02107   0.00105   0.00878   0.00259   0.16434   0.02524   0.03832   0.14754   0.17622   0.00848   0.04593   0.02717   0.13429   0.10054   0.36096   0.17907   0.59535   0.88909   0.03876   0.06328   0.03343  
 19 33.5854   4984.876068  x:  0.04728   0.06106   0.01244   0.02927   0.02106   0.00105   0.00880   0.00259   0.16351   0.02527   0.03925   0.14459   0.17186   0.00854   0.04495   0.02423   0.13601   0.10858   0.34592   0.16773   0.60624   0.89163   0.03899   0.06038   0.03349  
 20 31.5439   4984.351785  x:  0.05659   0.06458   0.01255   0.02913   0.02090   0.00105   0.00883   0.00295   0.16519   0.02549   0.04079   0.14296   0.17137   0.00867   0.04400   0.01544   0.14208   0.10022   0.32396   0.17481   0.61931   0.89204   0.03805   0.06335   0.03361  
 21 17.2943   4983.208022  x:  0.05509   0.05108   0.01270   0.02898   0.02093   0.00104   0.00892   0.00294   0.16143   0.02585   0.04399   0.14576   0.17787   0.00870   0.04459   0.02162   0.14173   0.09770   0.27892   0.20043   0.63597   0.89621   0.03814   0.06240   0.03337  
 22 47.0167   4981.903781  x:  0.04147   0.06519   0.01238   0.02875   0.02084   0.00103   0.00902   0.00281   0.15978   0.02581   0.03709   0.14877   0.18216   0.00857   0.04462   0.02484   0.13514   0.10721   0.23574   0.22908   0.64726   0.90399   0.03866   0.05899   0.03316  
 23 96.2323   4978.984075  x:  0.02291   0.06173   0.01208   0.02828   0.02055   0.00101   0.00931   0.00336   0.17859   0.02525   0.04585   0.13940   0.15134   0.00874   0.04019   0.02733   0.12386   0.10741   0.22625   0.23567   0.63171   0.92790   0.03813   0.07163   0.03581  
 24 17.5389   4961.414985  x:  0.00000   0.06380   0.01195   0.02606   0.01964   0.00092   0.01043   0.00388   0.14046   0.02811   0.04870   0.12382   0.16382   0.00912   0.03875   0.03202   0.13582   0.09396   0.23298   0.19122   0.52275   1.02316   0.04261   0.07488   0.03597  
 25 66.8199   4952.617933  x:  0.00881   0.05328   0.01218   0.02419   0.01870   0.00084   0.01110   0.00545   0.15594   0.02919   0.04822   0.15135   0.19805   0.00947   0.03272   0.01020   0.10987   0.10364   0.24699   0.16007   0.45293   1.06859   0.04366   0.06608   0.03420  
 26 243.3596   4952.446260  x:  0.00792   0.05313   0.01217   0.02414   0.01872   0.00084   0.01111   0.00530   0.15502   0.02924   0.04692   0.16134   0.19226   0.00950   0.03244   0.01020   0.11361   0.10156   0.24685   0.15920   0.45104   1.06938   0.04397   0.06108   0.03422  
 27 18.2200   4927.375780  x:  0.03595   0.05586   0.01570   0.01756   0.01557   0.00058   0.01382   0.00318   0.13860   0.04352   0.05313   0.16991   0.18935   0.01303   0.03448   0.02118   0.13997   0.09044   0.25781   0.12849   0.29170   1.30507   0.04608   0.06178   0.03592  
 28  1.0606   4906.782492  x:  0.03567   0.05923   0.02019   0.01170   0.01222   0.00034   0.01591   0.00000   0.16281   0.05899   0.05463   0.18087   0.20679   0.01695   0.03734   0.02866   0.15023   0.10014   0.25293   0.18533   0.44162   1.47445   0.03762   0.06188   0.03611  
 29  0.6371   4906.782492  x:  0.03567   0.05923   0.02019   0.01170   0.01222   0.00034   0.01591   0.00000   0.16281   0.05899   0.05463   0.18087   0.20679   0.01695   0.03734   0.02866   0.15023   0.10014   0.25293   0.18533   0.44162   1.47445   0.03762   0.06188   0.03611  
 30  0.2268   4901.296940  x:  0.03557   0.05921   0.02030   0.01155   0.01224   0.00691   0.01560   0.00008   0.16281   0.05901   0.05462   0.18085   0.20680   0.01711   0.03734   0.02856   0.15021   0.10014   0.25295   0.18533   0.44162   1.47450   0.03787   0.06188   0.03611  
 31 6450.1148   4896.714654  x:  0.03214   0.05851   0.02340   0.00683   0.01132   0.00695   0.00481   0.00219   0.16284   0.05969   0.05441   0.18015   0.20700   0.02196   0.03719   0.02544   0.14962   0.10019   0.25347   0.18543   0.44188   1.47623   0.04547   0.06185   0.03629  
 32 506.6775   4896.158944  x:  0.03034   0.05813   0.02426   0.00682   0.01165   0.00696   0.00267   0.00197   0.16278   0.05978   0.05423   0.17974   0.20712   0.02349   0.03685   0.02385   0.14926   0.10020   0.25369   0.18538   0.44190   1.47733   0.04348   0.06183   0.03631  
 33 273.6639   4895.140719  x:  0.02357   0.05678   0.02766   0.00557   0.01215   0.00695   0.00424   0.00171   0.16262   0.06024   0.05367   0.17815   0.20759   0.02931   0.03554   0.01799   0.14790   0.10032   0.25465   0.18530   0.44209   1.48163   0.04169   0.06177   0.03642  
 34 351.7285   4894.905251  x:  0.02146   0.05651   0.02819   0.00793   0.01223   0.00694   0.00425   0.00080   0.16257   0.06020   0.05362   0.17734   0.20784   0.03029   0.03460   0.01673   0.14731   0.10049   0.25523   0.18530   0.44224   1.48405   0.04251   0.06176   0.03637  
 35 189.6584   4894.676792  x:  0.02041   0.05663   0.02801   0.00769   0.01175   0.00695   0.00420   0.00000   0.16254   0.06009   0.05378   0.17644   0.20814   0.02998   0.03352   0.01698   0.14673   0.10078   0.25593   0.18528   0.44241   1.48702   0.04259   0.06178   0.03625  
 36 117.4027   4893.347148  x:  0.01170   0.05914   0.02826   0.00790   0.01299   0.00694   0.00418   0.00478   0.16270   0.06084   0.05601   0.16618   0.21169   0.02764   0.02509   0.02296   0.14039   0.10409   0.26420   0.18500   0.44444   1.52331   0.04238   0.06221   0.03558  
 37 395.3969   4890.259877  x:  0.00278   0.06539   0.02683   0.00867   0.01373   0.00692   0.00455   0.00268   0.16267   0.05988   0.06134   0.14153   0.22082   0.03674   0.03404   0.03949   0.12693   0.11077   0.28582   0.18420   0.44987   1.62410   0.04187   0.06557   0.03722  
 38 439.4620   4886.951308  x:  0.01150   0.06129   0.03142   0.01011   0.00581   0.00698   0.00453   0.00545   0.16254   0.06123   0.06167   0.13481   0.22560   0.03158   0.03824   0.03045   0.12814   0.10810   0.30352   0.18310   0.45512   1.73226   0.04109   0.07504   0.03312  
 39 307.9964   4882.845194  x:  0.02511   0.05412   0.03420   0.00762   0.01425   0.00691   0.00415   0.00266   0.16210   0.06200   0.06198   0.12849   0.23201   0.02204   0.04202   0.01456   0.13204   0.10341   0.32883   0.18129   0.46304   1.89485   0.04310   0.08917   0.02906  
 40 2709.4520   4879.942912  x:  0.03406   0.04949   0.02504   0.00752   0.01427   0.00691   0.00417   0.00443   0.16251   0.06033   0.06296   0.13930   0.23387   0.02773   0.03475   0.00837   0.14015   0.10029   0.34139   0.17908   0.46865   2.01451   0.04343   0.09562   0.04573  
 41 662.5962   4877.617271  x:  0.03644   0.04833   0.02635   0.00806   0.01532   0.00689   0.00456   0.00248   0.16275   0.05847   0.06234   0.16230   0.22764   0.03891   0.02713   0.01653   0.15041   0.09907   0.34246   0.17658   0.47288   2.11098   0.04336   0.09389   0.03707  
 42 404.7859   4875.339190  x:  0.02051   0.05375   0.02259   0.00758   0.01420   0.00690   0.00423   0.00396   0.16355   0.05890   0.05923   0.18945   0.21579   0.03027   0.03866   0.01716   0.15627   0.10041   0.32940   0.17438   0.47663   2.20463   0.04458   0.07687   0.03600  
 43 262.8101   4874.719957  x:  0.02002   0.05528   0.03023   0.00759   0.01438   0.00689   0.00426   0.00185   0.16343   0.05948   0.05569   0.19500   0.21207   0.02703   0.03984   0.01895   0.15565   0.10056   0.32116   0.17465   0.47753   2.23258   0.04485   0.06802   0.04090  
 44 227.4704   4874.091656  x:  0.02495   0.05441   0.02761   0.00757   0.01444   0.00689   0.00429   0.00227   0.16343   0.06013   0.04919   0.19365   0.20853   0.02862   0.03842   0.01680   0.14940   0.09922   0.30392   0.17759   0.47787   2.25950   0.04537   0.05524   0.03955  
 45 104.0937   4873.490092  x:  0.02631   0.05407   0.02796   0.00758   0.01444   0.00689   0.00431   0.00242   0.16293   0.05824   0.05422   0.19233   0.20912   0.02881   0.03774   0.01603   0.14159   0.10067   0.26839   0.18627   0.47714   2.28775   0.04589   0.06282   0.03943  
 46 57.8711   4873.386209  x:  0.02495   0.05437   0.02744   0.00759   0.01442   0.00689   0.00431   0.00205   0.16303   0.06121   0.05192   0.18934   0.21069   0.02900   0.03770   0.01725   0.14680   0.10036   0.26112   0.19132   0.47683   2.29291   0.04594   0.06440   0.03962  
 47 28.6383   4873.361399  x:  0.02467   0.05504   0.02763   0.00757   0.01443   0.00689   0.00431   0.00232   0.16310   0.05908   0.05232   0.18833   0.21156   0.02902   0.03765   0.01714   0.14893   0.09986   0.25969   0.19408   0.47675   2.29416   0.04591   0.06368   0.03950  
 48 15.9860   4873.353705  x:  0.02466   0.05441   0.02768   0.00758   0.01443   0.00689   0.00431   0.00223   0.16316   0.05961   0.05338   0.18872   0.21198   0.02900   0.03771   0.01722   0.14881   0.09964   0.25983   0.19670   0.47680   2.29457   0.04585   0.06298   0.03948  
 49  5.4896   4873.348969  x:  0.02465   0.05460   0.02766   0.00757   0.01444   0.00689   0.00431   0.00226   0.16319   0.05944   0.05256   0.18935   0.21190   0.02896   0.03775   0.01723   0.14811   0.09991   0.26021   0.19889   0.47695   2.29485   0.04582   0.06333   0.03949  
 50  4.4717   4873.323413  x:  0.02536   0.05659   0.02762   0.00759   0.01442   0.00689   0.00431   0.00203   0.16256   0.06026   0.05349   0.18887   0.21099   0.02928   0.03736   0.01630   0.14846   0.10155   0.26049   0.19957   0.48092   2.29756   0.04564   0.06326   0.03941  
 51  0.4818   4873.148756  x:  0.02494   0.05275   0.02729   0.00755   0.01426   0.00689   0.00429   0.00215   0.16044   0.05897   0.05442   0.18506   0.20599   0.02910   0.03723   0.01717   0.14949   0.10405   0.26162   0.20159   0.50692   2.31625   0.04481   0.06439   0.03999  
 52 20.0583   4873.001953  x:  0.02404   0.05525   0.02715   0.00752   0.01416   0.00688   0.00427   0.00159   0.16288   0.05961   0.05467   0.18390   0.20705   0.02923   0.03676   0.01794   0.14793   0.09717   0.26254   0.20207   0.52363   2.33194   0.04427   0.06569   0.04007  
 53 36.1997   4872.720840  x:  0.02414   0.05442   0.02714   0.00747   0.01393   0.00688   0.00427   0.00089   0.17054   0.05931   0.05238   0.18549   0.22373   0.02891   0.03650   0.01800   0.14632   0.10226   0.26441   0.19975   0.53469   2.36417   0.04374   0.06445   0.03869  
 54 19.4886   4872.099483  x:  0.02257   0.05507   0.02593   0.00739   0.01334   0.00686   0.00426   0.00055   0.15224   0.05938   0.05141   0.18271   0.23607   0.02864   0.03546   0.01983   0.14347   0.10106   0.27195   0.19778   0.52551   2.43342   0.04342   0.06522   0.03807  
 55 29.9825   4871.647514  x:  0.02222   0.05500   0.02560   0.00733   0.01317   0.00685   0.00426   0.00000   0.15502   0.05935   0.05281   0.17877   0.23260   0.02874   0.03474   0.02027   0.14324   0.10152   0.27583   0.19796   0.51723   2.46297   0.04323   0.06659   0.03844  
 56 73.1238   4871.647514  x:  0.02222   0.05500   0.02560   0.00733   0.01317   0.00685   0.00426   0.00000   0.15502   0.05935   0.05281   0.17877   0.23260   0.02874   0.03474   0.02027   0.14324   0.10152   0.27583   0.19796   0.51723   2.46297   0.04323   0.06659   0.03844  
 57  0.1729   4871.569304  x:  0.02188   0.05497   0.02597   0.00710   0.01192   0.00581   0.00408   0.00008   0.15552   0.05940   0.05292   0.17844   0.23225   0.02856   0.03436   0.02011   0.14312   0.10160   0.27595   0.19801   0.51704   2.46310   0.04332   0.06666   0.03807  
 58 75.6595   4871.519749  x:  0.02131   0.05494   0.02649   0.00731   0.01087   0.00637   0.00443   0.00005   0.15643   0.05945   0.05313   0.17784   0.23162   0.02832   0.03376   0.01989   0.14290   0.10175   0.27617   0.19812   0.51668   2.46335   0.04333   0.06679   0.03749  
 59 67.7174   4871.502874  x:  0.02116   0.05494   0.02661   0.00740   0.01090   0.00640   0.00430   0.00000   0.15672   0.05946   0.05320   0.17764   0.23141   0.02828   0.03361   0.01985   0.14283   0.10181   0.27625   0.19815   0.51656   2.46343   0.04332   0.06684   0.03736  
 60 73.2747   4871.441834  x:  0.02012   0.05500   0.02725   0.00736   0.01177   0.00601   0.00490   0.00000   0.15907   0.05954   0.05383   0.17596   0.22971   0.02818   0.03270   0.01978   0.14228   0.10224   0.27689   0.19844   0.51551   2.46415   0.04325   0.06723   0.03666  
 61 136.4869   4871.394792  x:  0.01969   0.05519   0.02717   0.00634   0.01189   0.00627   0.00474   0.00000   0.16111   0.05950   0.05446   0.17437   0.22811   0.02854   0.03260   0.02023   0.14182   0.10263   0.27753   0.19872   0.51443   2.46490   0.04337   0.06764   0.03687  
 62 80.5005   4871.305114  x:  0.01943   0.05568   0.02627   0.00707   0.01146   0.00613   0.00478   0.00000   0.16535   0.05924   0.05586   0.17075   0.22451   0.02971   0.03324   0.02175   0.14088   0.10340   0.27906   0.19936   0.51183   2.46674   0.04338   0.06864   0.03830  
 63 118.5474   4871.292046  x:  0.01963   0.05563   0.02624   0.00701   0.01142   0.00612   0.00478   0.00000   0.16525   0.05927   0.05601   0.17006   0.22366   0.02915   0.03348   0.02165   0.14089   0.10325   0.27950   0.19948   0.51088   2.46746   0.04278   0.06903   0.03857  
 64 20.0428   4871.256347  x:  0.02029   0.05539   0.02627   0.00703   0.01148   0.00613   0.00478   0.00000   0.16437   0.05939   0.05641   0.16806   0.22105   0.02740   0.03422   0.02111   0.14103   0.10268   0.28094   0.19989   0.50785   2.46985   0.04335   0.07026   0.03919  
 65 68.9560   4871.221494  x:  0.02068   0.05502   0.02648   0.00702   0.01146   0.00612   0.00479   0.00000   0.16234   0.05950   0.05681   0.16654   0.21835   0.02887   0.03461   0.02023   0.14143   0.10207   0.28264   0.20015   0.50370   2.47331   0.04339   0.07142   0.03849  
 66 29.8513   4871.198753  x:  0.02104   0.05510   0.02612   0.00702   0.01145   0.00612   0.00479   0.00000   0.16102   0.05938   0.05731   0.16644   0.21731   0.02927   0.03279   0.02085   0.14179   0.10218   0.28381   0.20002   0.50016   2.47659   0.04346   0.07165   0.03876  
 67 23.8057   4871.160089  x:  0.01909   0.05509   0.02677   0.00704   0.01147   0.00613   0.00478   0.00000   0.16034   0.05959   0.05795   0.16804   0.21762   0.02937   0.03290   0.02097   0.14206   0.10303   0.28563   0.19905   0.49261   2.48451   0.04363   0.07079   0.04016  
 68 21.7399   4871.115070  x:  0.01863   0.05542   0.02626   0.00704   0.01148   0.00613   0.00478   0.00000   0.16065   0.05940   0.05788   0.17011   0.21859   0.02861   0.03409   0.02228   0.14216   0.10366   0.28752   0.19767   0.48363   2.49473   0.04386   0.06954   0.03854  
 69 56.6946   4871.080850  x:  0.02006   0.05513   0.02642   0.00700   0.01156   0.00614   0.00478   0.00000   0.16241   0.05926   0.05524   0.17077   0.22052   0.02888   0.03371   0.02132   0.14155   0.10224   0.28830   0.19652   0.47746   2.50420   0.04407   0.06916   0.03879  
 70 26.3970   4871.064324  x:  0.02049   0.05489   0.02552   0.00701   0.01154   0.00614   0.00478   0.00000   0.16274   0.05946   0.05652   0.17013   0.22210   0.02891   0.03353   0.02015   0.14132   0.10219   0.28747   0.19611   0.47676   2.51121   0.04412   0.06984   0.03866  
 71 10.6428   4871.041418  x:  0.02168   0.05479   0.02654   0.00702   0.01157   0.00615   0.00477   0.00000   0.16286   0.05979   0.05810   0.16899   0.22409   0.02908   0.03358   0.02011   0.14118   0.10244   0.28611   0.19570   0.47649   2.52179   0.04416   0.07086   0.03857  
 72 53.1628   4870.978887  x:  0.01996   0.05386   0.02651   0.00700   0.01159   0.00614   0.00478   0.00000   0.16165   0.05799   0.05675   0.16550   0.22649   0.02905   0.03365   0.02157   0.14138   0.10354   0.28253   0.19585   0.47887   2.55275   0.04425   0.07269   0.03841  
 73 38.2767   4870.914378  x:  0.01877   0.05650   0.02595   0.00706   0.01156   0.00616   0.00475   0.00000   0.16101   0.06087   0.05534   0.16471   0.22619   0.02907   0.03360   0.02227   0.14151   0.10317   0.28012   0.19753   0.48314   2.58636   0.04426   0.07274   0.03842  
 74 65.6262   4870.805635  x:  0.01967   0.05710   0.02648   0.00701   0.01163   0.00616   0.00474   0.00000   0.16192   0.05822   0.05658   0.16910   0.22208   0.02904   0.03372   0.02116   0.14115   0.10133   0.27899   0.20235   0.49257   2.64385   0.04413   0.07043   0.03897  
 75 73.1880   4870.781285  x:  0.02028   0.05456   0.02627   0.00701   0.01163   0.00616   0.00474   0.00000   0.16241   0.05938   0.05647   0.17038   0.22117   0.02905   0.03371   0.02127   0.14134   0.10205   0.27981   0.20340   0.49505   2.65670   0.04408   0.07013   0.03904  
 76 48.1243   4870.771900  x:  0.02073   0.05495   0.02629   0.00701   0.01160   0.00615   0.00474   0.00000   0.16257   0.05922   0.05605   0.17048   0.22185   0.02906   0.03370   0.02065   0.14179   0.10354   0.28290   0.20340   0.49672   2.66180   0.04400   0.07067   0.03898  
 77  8.3831   4870.764443  x:  0.02028   0.05477   0.02631   0.00702   0.01155   0.00614   0.00474   0.00000   0.16247   0.05927   0.05638   0.17004   0.22295   0.02907   0.03367   0.02111   0.14144   0.10255   0.28662   0.20261   0.49847   2.66592   0.04392   0.07072   0.03887  
 78  8.5609   4870.763598  x:  0.02039   0.05477   0.02631   0.00702   0.01153   0.00614   0.00474   0.00000   0.16245   0.05928   0.05640   0.16989   0.22264   0.02906   0.03366   0.02099   0.14149   0.10262   0.28688   0.20140   0.49878   2.66640   0.04393   0.07034   0.03889  
 79  1.3509   4870.763426  x:  0.02036   0.05479   0.02632   0.00702   0.01152   0.00613   0.00474   0.00000   0.16249   0.05927   0.05639   0.17004   0.22252   0.02906   0.03366   0.02102   0.14146   0.10259   0.28690   0.20107   0.49885   2.66650   0.04394   0.07059   0.03890  
 80  0.9240   4870.761932  x:  0.02025   0.05478   0.02643   0.00703   0.01131   0.00609   0.00472   0.00000   0.16265   0.05928   0.05641   0.16992   0.22248   0.02900   0.03354   0.02097   0.14123   0.10268   0.28671   0.20135   0.49853   2.66694   0.04395   0.07059   0.03876  
 81  0.0182   4870.760274  x:  0.02013   0.05475   0.02646   0.00704   0.01129   0.00609   0.00469   0.00000   0.16300   0.05926   0.05650   0.16983   0.22249   0.02900   0.03348   0.02099   0.14231   0.10240   0.28669   0.20140   0.49840   2.66733   0.04395   0.07064   0.03871  
 82  0.4109   4870.734919  x:  0.01973   0.05474   0.02668   0.00727   0.01163   0.00629   0.00418   0.00000   0.16356   0.05916   0.05672   0.16913   0.22206   0.02888   0.03308   0.02092   0.14126   0.10288   0.28714   0.20129   0.49729   2.67279   0.04390   0.07087   0.03832  
 83  0.6818   4870.734803  x:  0.01974   0.05474   0.02669   0.00730   0.01167   0.00626   0.00419   0.00000   0.16353   0.05916   0.05671   0.16912   0.22208   0.02888   0.03308   0.02090   0.14120   0.10289   0.28714   0.20125   0.49723   2.67330   0.04390   0.07090   0.03833  
 84  0.0005   4870.734803  x:  0.01974   0.05474   0.02669   0.00730   0.01167   0.00626   0.00419   0.00000   0.16353   0.05916   0.05671   0.16912   0.22208   0.02888   0.03308   0.02090   0.14121   0.10289   0.28714   0.20125   0.49723   2.67331   0.04390   0.07090   0.03833  
 85  0.0000   4870.734803  x:  0.01974   0.05474   0.02669   0.00730   0.01167   0.00626   0.00419   0.00000   0.16353   0.05916   0.05671   0.16912   0.22208   0.02888   0.03308   0.02090   0.14121   0.10289   0.28714   0.20126   0.49723   2.67331   0.04390   0.07090   0.03833  
 86  0.0000   4870.734803  x:  0.01974   0.05474   0.02669   0.00730   0.01167   0.00626   0.00419   0.00000   0.16353   0.05916   0.05671   0.16912   0.22208   0.02888   0.03308   0.02090   0.14121   0.10289   0.28714   0.20126   0.49723   2.67331   0.04390   0.07090   0.03833  