

TREE # 1

  0  0.0000   5528.067884  x:  0.00000   0.08846   0.04518   0.01926   0.03110   0.02029   0.02061   0.01614   0.08481   0.07617   0.02200   0.12235   0.12672   0.03719   0.05270   0.03964   0.13254   0.08818   0.14819   0.12774   0.21183   0.22769   0.18515   0.20300  
  1 99.0000   5307.129123  x:  0.06283   0.08725   0.03396   0.00310   0.01592   0.00306   0.00000   0.00288   0.10488   0.07250   0.04521   0.12899   0.13486   0.02691   0.04293   0.03974   0.13546   0.09182   0.15798   0.13007   0.22136   0.30784   0.10463   0.20207  
  2 2369.6906   5282.448874  x:  0.07261   0.08706   0.03221   0.00059   0.01355   0.00040   0.00018   0.00082   0.10801   0.07193   0.04883   0.13003   0.13613   0.02530   0.04140   0.03975   0.13592   0.09239   0.15951   0.13043   0.22284   0.32035   0.09205   0.20193  
  3 98103.3648   5264.088067  x:  0.07709   0.08695   0.03137   0.00080   0.01246   0.00156   0.00024   0.00000   0.10953   0.07165   0.05052   0.13054   0.13676   0.02455   0.04067   0.03971   0.13614   0.09267   0.16027   0.13062   0.22359   0.32643   0.08575   0.20186  
  4 30812.7623   5233.724232  x:  0.08548   0.08657   0.02957   0.00737   0.01047   0.00013   0.00034   0.00018   0.11301   0.07106   0.05394   0.13175   0.13828   0.02305   0.03903   0.03925   0.13667   0.09334   0.16211   0.13114   0.22546   0.34047   0.06991   0.20168  
  5 20348.0622   5183.184377  x:  0.08749   0.08500   0.02751   0.00698   0.01162   0.00054   0.00037   0.01908   0.11927   0.07047   0.05668   0.13435   0.14173   0.02250   0.03667   0.03582   0.13782   0.09483   0.16635   0.13292   0.23030   0.36623   0.03238   0.20127  
  6 5661.8020   5091.610117  x:  0.03818   0.06828   0.00616   0.00728   0.02761   0.00103   0.00040   0.05035   0.16090   0.06312   0.05894   0.15810   0.17427   0.03395   0.02824   0.00000   0.14973   0.10878   0.20693   0.15593   0.27970   0.54204   0.06131   0.19767  
  7 1059.9702   5060.096756  x:  0.00000   0.06155   0.02500   0.00580   0.02608   0.00094   0.00032   0.04533   0.17276   0.05927   0.05222   0.16715   0.18775   0.03821   0.02974   0.02886   0.15441   0.11432   0.22554   0.16629   0.30324   0.61363   0.06302   0.19572  
  8 1776.4493   5060.096756  x:  0.00000   0.06155   0.02500   0.00580   0.02608   0.00094   0.00032   0.04533   0.17276   0.05927   0.05222   0.16715   0.18775   0.03821   0.02974   0.02886   0.15441   0.11432   0.22554   0.16629   0.30324   0.61363   0.06302   0.19572  
  9 422.5811   5051.466366  x:  0.00091   0.06166   0.02489   0.00596   0.02563   0.00671   0.01188   0.04472   0.17273   0.05920   0.05226   0.16714   0.18778   0.03796   0.02976   0.02900   0.15438   0.11425   0.22562   0.16629   0.30335   0.61432   0.06075   0.19569  
 10 6351.3121   5029.538762  x:  0.00939   0.06292   0.02367   0.00757   0.02035   0.00914   0.01035   0.03752   0.17229   0.05849   0.05270   0.16710   0.18809   0.03517   0.03002   0.03036   0.15406   0.11353   0.22658   0.16629   0.30479   0.62233   0.03523   0.19540  
 11 1273.7223   5014.843478  x:  0.02004   0.06559   0.01993   0.00664   0.00428   0.01074   0.00943   0.01168   0.17141   0.05661   0.05421   0.16805   0.19056   0.02696   0.03156   0.03033   0.15346   0.11133   0.23150   0.16797   0.31223   0.65060   0.03932   0.19430  
 12 578.6874   5009.004869  x:  0.02348   0.06655   0.01922   0.00798   0.00722   0.01073   0.00938   0.00000   0.17093   0.05616   0.05484   0.16853   0.19175   0.02371   0.03235   0.02960   0.15313   0.11024   0.23392   0.16876   0.31597   0.66481   0.04048   0.19373  
 13 1616.5882   4981.339138  x:  0.02959   0.07050   0.04323   0.00150   0.00980   0.00195   0.01348   0.00042   0.16786   0.06676   0.05900   0.17375   0.20231   0.01059   0.04040   0.01289   0.14965   0.10004   0.25619   0.17563   0.35203   0.80206   0.04142   0.18811  
 14 713.2483   4967.895951  x:  0.03267   0.07294   0.06102   0.01170   0.00965   0.00622   0.01139   0.00331   0.16550   0.07490   0.06199   0.17793   0.21066   0.00458   0.04665   0.00000   0.14691   0.09220   0.27388   0.18104   0.38089   0.91208   0.04394   0.18357  
 15 10248.5134   4948.631695  x:  0.03439   0.07450   0.08569   0.01748   0.01178   0.01386   0.00765   0.00609   0.16125   0.08641   0.06617   0.18532   0.22556   0.02854   0.05752   0.01990   0.14239   0.08055   0.30577   0.19036   0.43375   1.11547   0.04822   0.17502  
 16 4259.6978   4930.180361  x:  0.00000   0.06060   0.06810   0.01470   0.00900   0.01503   0.00757   0.00341   0.16001   0.07709   0.06039   0.18618   0.22840   0.04070   0.04384   0.01350   0.14168   0.08694   0.31603   0.19134   0.45666   1.21484   0.04184   0.17027  
 17 929.7610   4918.961085  x:  0.00335   0.04939   0.03484   0.01838   0.01319   0.01096   0.00943   0.02073   0.16053   0.06126   0.05374   0.18476   0.22623   0.03395   0.01841   0.02003   0.14383   0.10295   0.31825   0.18857   0.47103   1.29057   0.04413   0.16603  
 18 713.8672   4916.799041  x:  0.00526   0.04933   0.02111   0.01574   0.01544   0.01303   0.00842   0.02638   0.16134   0.05553   0.05152   0.18277   0.22341   0.03358   0.02831   0.01830   0.14515   0.10884   0.31496   0.18585   0.47194   1.30847   0.04489   0.16460  
 19 316.0111   4915.221821  x:  0.00306   0.05970   0.02721   0.01470   0.01576   0.01527   0.00737   0.02603   0.16474   0.04901   0.04543   0.17392   0.20928   0.03203   0.02939   0.01969   0.14912   0.12173   0.29333   0.17369   0.46082   1.32860   0.04615   0.16092  
 20 96.1020   4914.328054  x:  0.00340   0.06020   0.02577   0.01849   0.01451   0.01020   0.00976   0.02504   0.16697   0.05517   0.04771   0.16894   0.20001   0.03502   0.03026   0.01868   0.14974   0.12332   0.27507   0.16545   0.44959   1.34160   0.04691   0.15777  
 21 141.0757   4913.740729  x:  0.00447   0.05780   0.02467   0.01522   0.01545   0.01401   0.00794   0.02481   0.16767   0.06015   0.05203   0.16617   0.19413   0.03537   0.02809   0.01774   0.14902   0.12069   0.26034   0.16040   0.43919   1.35129   0.04793   0.15497  
 22 179.8768   4913.340764  x:  0.00408   0.05445   0.02590   0.01597   0.01543   0.01334   0.00825   0.02557   0.16528   0.05335   0.05466   0.16613   0.19302   0.03423   0.02895   0.01893   0.14690   0.11303   0.24872   0.16140   0.42645   1.35885   0.04851   0.15158  
 23 67.1021   4913.083435  x:  0.00423   0.05915   0.02388   0.01567   0.01567   0.01332   0.00826   0.02609   0.16321   0.05374   0.05037   0.16784   0.19578   0.03547   0.02749   0.01801   0.14609   0.10962   0.24259   0.16924   0.41146   1.36491   0.04889   0.14727  
 24 42.6814   4912.931826  x:  0.00352   0.05653   0.02468   0.01590   0.01557   0.01352   0.00817   0.02580   0.16313   0.05573   0.04903   0.16947   0.19861   0.03357   0.02875   0.01948   0.14682   0.11329   0.24039   0.17568   0.40004   1.36878   0.04895   0.14338  
 25 44.1960   4912.891127  x:  0.00450   0.05609   0.02528   0.01571   0.01559   0.01346   0.00819   0.02562   0.16385   0.05488   0.05065   0.16981   0.19927   0.03511   0.02842   0.01823   0.14717   0.11515   0.24099   0.17712   0.39641   1.36982   0.04906   0.14154  
 26 23.1539   4912.853227  x:  0.00357   0.05747   0.02481   0.01586   0.01561   0.01342   0.00821   0.02582   0.16552   0.05468   0.05310   0.16919   0.19889   0.03441   0.02837   0.01883   0.14730   0.11509   0.24389   0.17674   0.39283   1.37071   0.04899   0.13813  
 27 11.7346   4912.768211  x:  0.00412   0.05601   0.02504   0.01576   0.01564   0.01349   0.00817   0.02575   0.16777   0.05454   0.05133   0.16635   0.19650   0.03454   0.02842   0.01870   0.14715   0.11313   0.25160   0.17354   0.38573   1.37236   0.04921   0.12878  
 28 20.8349   4912.655147  x:  0.00409   0.05647   0.02496   0.01580   0.01553   0.01344   0.00819   0.02566   0.16054   0.05517   0.05150   0.16910   0.19716   0.03452   0.02849   0.01868   0.14664   0.11433   0.25576   0.16713   0.38248   1.37357   0.04928   0.11516  
 29 11.7334   4912.345626  x:  0.00440   0.05667   0.02509   0.01573   0.01540   0.01348   0.00816   0.02520   0.16737   0.05480   0.04972   0.17415   0.20326   0.03441   0.02857   0.01870   0.14734   0.11329   0.25070   0.16534   0.38953   1.37540   0.04891   0.08538  
 30 10.9888   4911.877168  x:  0.00456   0.05672   0.02503   0.01580   0.01512   0.01347   0.00814   0.02478   0.16154   0.05538   0.05295   0.16355   0.19584   0.03423   0.02867   0.01897   0.14603   0.11389   0.24766   0.17882   0.39923   1.37992   0.04851   0.06461  
 31 13.6559   4898.272276  x:  0.01314   0.05781   0.02606   0.01552   0.00809   0.01436   0.00697   0.00820   0.16192   0.05847   0.05491   0.22282   0.14470   0.02841   0.03341   0.02412   0.16487   0.09543   0.26668   0.20533   0.43181   1.59489   0.04043   0.09238  
 32  7.1229   4889.627989  x:  0.01799   0.06098   0.02628   0.01580   0.00428   0.01447   0.00650   0.00000   0.15835   0.06155   0.05750   0.18740   0.19133   0.02541   0.03481   0.02690   0.14316   0.09519   0.27097   0.19591   0.44451   1.71298   0.03663   0.11640  
 33 170.0369   4889.610365  x:  0.01799   0.06086   0.02623   0.01579   0.00429   0.01447   0.00650   0.00000   0.15777   0.06156   0.05770   0.18644   0.19224   0.02546   0.03473   0.02684   0.14691   0.09442   0.27091   0.19574   0.44452   1.71340   0.03661   0.11646  
 34  5.0959   4877.976058  x:  0.02521   0.05489   0.01921   0.01152   0.01381   0.01541   0.00498   0.00000   0.16168   0.05603   0.05410   0.14929   0.22968   0.03323   0.03044   0.02226   0.13497   0.11026   0.27642   0.17885   0.44933   2.12063   0.04583   0.14509  
 35  0.5048   4877.898070  x:  0.02527   0.05484   0.01915   0.01149   0.01388   0.01541   0.00497   0.00216   0.16171   0.05599   0.05407   0.14901   0.22996   0.03329   0.03040   0.02223   0.13488   0.11038   0.27646   0.17873   0.44937   2.12373   0.04590   0.14531  
 36 137.7811   4873.923293  x:  0.02659   0.05218   0.02655   0.01156   0.01297   0.01239   0.00573   0.00000   0.16355   0.05805   0.05315   0.17859   0.23239   0.03579   0.03132   0.02049   0.13806   0.10493   0.28317   0.18572   0.46504   2.30214   0.04580   0.14139  
 37  0.2119   4871.101501  x:  0.02684   0.05118   0.02676   0.01004   0.01113   0.00647   0.00684   0.00000   0.16321   0.06097   0.05412   0.18793   0.21963   0.03419   0.03112   0.01941   0.14443   0.10220   0.28682   0.20302   0.50067   2.64692   0.04342   0.14595  
 38  0.2454   4870.748090  x:  0.02620   0.05203   0.02732   0.00739   0.01160   0.00849   0.00553   0.00000   0.16326   0.06046   0.05431   0.18619   0.21849   0.03174   0.03186   0.01981   0.14333   0.10081   0.28778   0.20422   0.50316   2.69099   0.04336   0.14534  
 39  0.0735   4870.499642  x:  0.02350   0.05419   0.02694   0.00740   0.01184   0.00716   0.00548   0.00000   0.16347   0.05769   0.05432   0.17841   0.21762   0.02772   0.03344   0.02122   0.14032   0.10189   0.28843   0.20171   0.50075   2.72634   0.04404   0.14161  
 40  0.0270   4870.382822  x:  0.02035   0.05397   0.02615   0.00712   0.01190   0.00666   0.00507   0.00000   0.16346   0.05883   0.05390   0.17801   0.21915   0.02865   0.03308   0.01977   0.14200   0.10444   0.28842   0.19965   0.49704   2.70716   0.04411   0.13385  
 41  0.0110   4870.345039  x:  0.01935   0.05475   0.02685   0.00743   0.01203   0.00665   0.00471   0.00000   0.16340   0.05969   0.05433   0.17854   0.21990   0.02809   0.03355   0.02014   0.14186   0.10179   0.28751   0.20041   0.49586   2.68435   0.04407   0.13236  
 42  0.0191   4870.331523  x:  0.01939   0.05456   0.02683   0.00744   0.01200   0.00666   0.00442   0.00000   0.16345   0.05864   0.05406   0.18043   0.21927   0.02791   0.03341   0.02031   0.14188   0.10229   0.28721   0.20180   0.49732   2.67926   0.04390   0.13324  
 43  0.0042   4870.324634  x:  0.02000   0.05450   0.02703   0.00748   0.01188   0.00640   0.00432   0.00000   0.16321   0.05882   0.05414   0.17964   0.21895   0.02823   0.03334   0.02022   0.14164   0.10254   0.28714   0.20170   0.49833   2.68106   0.04393   0.13544  
 44  0.0020   4870.323090  x:  0.02024   0.05442   0.02679   0.00740   0.01191   0.00643   0.00425   0.00000   0.16341   0.05898   0.05410   0.17950   0.21917   0.02829   0.03329   0.02024   0.14178   0.10238   0.28733   0.20095   0.49748   2.67821   0.04398   0.13555  
 45  0.0024   4870.322821  x:  0.02024   0.05437   0.02676   0.00740   0.01193   0.00639   0.00428   0.00000   0.16340   0.05893   0.05412   0.17948   0.21916   0.02829   0.03329   0.02031   0.14177   0.10239   0.28741   0.20085   0.49685   2.67585   0.04397   0.13523  
 46  0.0013   4870.322671  x:  0.02020   0.05437   0.02684   0.00735   0.01194   0.00640   0.00428   0.00000   0.16335   0.05893   0.05414   0.17945   0.21909   0.02829   0.03329   0.02038   0.14175   0.10242   0.28737   0.20098   0.49675   2.67480   0.04397   0.13503  
 47  0.0007   4870.322577  x:  0.02012   0.05442   0.02682   0.00735   0.01193   0.00639   0.00428   0.00000   0.16340   0.05894   0.05410   0.17955   0.21908   0.02833   0.03327   0.02048   0.14178   0.10237   0.28726   0.20106   0.49706   2.67490   0.04398   0.13492  
 48  0.0002   4870.322539  x:  0.02006   0.05440   0.02681   0.00736   0.01193   0.00639   0.00428   0.00000   0.16337   0.05894   0.05411   0.17945   0.21912   0.02835   0.03327   0.02054   0.14176   0.10240   0.28731   0.20100   0.49708   2.67516   0.04397   0.13495  
 49  0.0002   4870.322534  x:  0.02005   0.05440   0.02681   0.00736   0.01193   0.00639   0.00428   0.00000   0.16338   0.05894   0.05412   0.17947   0.21912   0.02835   0.03328   0.02055   0.14176   0.10238   0.28733   0.20101   0.49702   2.67551   0.04397   0.13499  
 50  0.0003   4870.322533  x:  0.02005   0.05440   0.02681   0.00736   0.01193   0.00639   0.00428   0.00000   0.16338   0.05894   0.05412   0.17948   0.21913   0.02836   0.03328   0.02056   0.14176   0.10239   0.28733   0.20101   0.49698   2.67549   0.04397   0.13502  
 51  0.0000   4870.322533  x:  0.02005   0.05440   0.02681   0.00736   0.01193   0.00639   0.00428   0.00000   0.16338   0.05894   0.05412   0.17948   0.21912   0.02835   0.03327   0.02056   0.14176   0.10239   0.28733   0.20101   0.49698   2.67549   0.04397   0.13504  
 52  0.0000   4870.322533  x:  0.02005   0.05440   0.02681   0.00736   0.01193   0.00639   0.00428   0.00000   0.16338   0.05894   0.05412   0.17948   0.21912   0.02835   0.03327   0.02056   0.14176   0.10239   0.28733   0.20101   0.49698   2.67547   0.04397   0.13505  
 53  0.0000   4870.322533  x:  0.02005   0.05440   0.02681   0.00736   0.01193   0.00639   0.00428   0.00000   0.16338   0.05894   0.05412   0.17948   0.21912   0.02835   0.03327   0.02056   0.14176   0.10239   0.28733   0.20101   0.49698   2.67547   0.04397   0.13505  
 54  0.0000   4870.322533  x:  0.02005   0.05440   0.02681   0.00736   0.01193   0.00639   0.00428   0.00000   0.16338   0.05894   0.05412   0.17948   0.21912   0.02835   0.03327   0.02056   0.14176   0.10239   0.28733   0.20101   0.49698   2.67547   0.04397   0.13505  