

TREE # 1

  0  0.0000   5543.398462  x:  0.00000   0.08030   0.07228   0.03578   0.01013   0.02769   0.05169   0.01407   0.10635   0.05960   0.02824   0.10105   0.13267   0.06200   0.04803   0.03536   0.10200   0.08814   0.13799   0.11872   0.16126   0.23076   0.17171   0.16604   0.17665  
  1 99.0000   5308.700676  x:  0.08223   0.08056   0.05620   0.01506   0.01176   0.00681   0.02614   0.00000   0.11884   0.06110   0.04840   0.11369   0.14008   0.04528   0.03812   0.03731   0.11295   0.09295   0.15195   0.12397   0.18180   0.31598   0.09269   0.16224   0.17041  
  2 2429.4665   5206.986172  x:  0.08099   0.07866   0.04648   0.00455   0.01229   0.00463   0.00813   0.02628   0.12574   0.06195   0.05301   0.12075   0.14529   0.03630   0.03345   0.03157   0.11851   0.09615   0.16039   0.12804   0.19512   0.36167   0.03094   0.15928   0.16572  
  3 4056.2472   5184.212406  x:  0.07450   0.07716   0.04048   0.00841   0.01296   0.00914   0.00052   0.02692   0.12909   0.06167   0.05426   0.12484   0.14893   0.03281   0.03222   0.02786   0.12170   0.09805   0.16584   0.13126   0.20339   0.38417   0.03313   0.15753   0.16283  
  4 1370.3127   5100.745706  x:  0.03431   0.06792   0.00364   0.02731   0.01666   0.03199   0.00932   0.03058   0.14961   0.05997   0.06184   0.14993   0.17128   0.01168   0.02494   0.00510   0.14122   0.10964   0.19944   0.15105   0.25435   0.52281   0.04330   0.14668   0.14491  
  5 9903.4136   5056.789033  x:  0.00000   0.06325   0.03626   0.02651   0.01140   0.02994   0.01125   0.02145   0.16046   0.05850   0.06249   0.16484   0.18599   0.02315   0.03207   0.00774   0.15235   0.11612   0.22218   0.16406   0.28851   0.61269   0.04826   0.13806   0.13063  
  6 2188.3080   5056.789033  x:  0.00000   0.06325   0.03626   0.02651   0.01140   0.02994   0.01125   0.02145   0.16046   0.05850   0.06249   0.16484   0.18599   0.02315   0.03207   0.00774   0.15235   0.11612   0.22218   0.16406   0.28851   0.61269   0.04826   0.13806   0.13063  
  7 660.2971   5037.043468  x:  0.02213   0.06513   0.03357   0.01920   0.00967   0.02080   0.00394   0.01484   0.16023   0.05802   0.06283   0.16518   0.18653   0.02384   0.03272   0.02185   0.15256   0.11578   0.22363   0.16430   0.29089   0.62134   0.03208   0.13687   0.12825  
  8 1355.6751   5026.122396  x:  0.02997   0.06570   0.02901   0.00795   0.01063   0.00631   0.00233   0.00536   0.15984   0.05742   0.06234   0.16593   0.18781   0.02514   0.03350   0.02729   0.15256   0.11470   0.22647   0.16531   0.29555   0.63570   0.04301   0.13465   0.12423  
  9 856.3265   5024.006431  x:  0.03014   0.06557   0.02746   0.00524   0.01167   0.00327   0.00671   0.00299   0.15967   0.05735   0.06192   0.16622   0.18833   0.02552   0.03365   0.02737   0.15245   0.11407   0.22769   0.16570   0.29763   0.64254   0.04226   0.13352   0.12234  
 10 880.6129   5018.703601  x:  0.02942   0.06515   0.02437   0.00292   0.01379   0.00558   0.00657   0.00000   0.15929   0.05737   0.06086   0.16694   0.18960   0.02633   0.03392   0.02681   0.15215   0.11252   0.23065   0.16668   0.30272   0.65922   0.04157   0.13070   0.11772  
 11 912.5626   4989.718743  x:  0.02578   0.06247   0.00511   0.00979   0.02628   0.00222   0.00287   0.00020   0.15664   0.05857   0.05314   0.17247   0.19921   0.03192   0.03577   0.02399   0.14996   0.10091   0.25307   0.17405   0.34127   0.78593   0.03823   0.10898   0.08247  
 12 4744.2956   4955.047073  x:  0.02922   0.05958   0.01308   0.00514   0.03742   0.00664   0.00606   0.01633   0.15291   0.06150   0.04197   0.18112   0.21427   0.03906   0.03806   0.02589   0.14684   0.08372   0.28813   0.18545   0.40186   0.98562   0.04096   0.07412   0.02729  
 13 7218.9723   4938.498582  x:  0.02168   0.05793   0.02719   0.00904   0.02268   0.00139   0.00126   0.00553   0.15327   0.06035   0.04110   0.18371   0.21918   0.03390   0.03439   0.02031   0.14588   0.08262   0.29970   0.18846   0.42418   1.06498   0.03663   0.05902   0.03248  
 14 1287.2442   4929.411575  x:  0.02195   0.05763   0.03071   0.01434   0.01245   0.00266   0.00328   0.00000   0.15372   0.05946   0.04146   0.18502   0.22160   0.03075   0.03246   0.02041   0.14556   0.08299   0.30540   0.18984   0.43547   1.10571   0.03791   0.05121   0.03786  
 15 5285.9714   4923.307533  x:  0.01931   0.05824   0.02443   0.00642   0.00588   0.00296   0.00263   0.00988   0.15629   0.06012   0.04664   0.18558   0.22237   0.02563   0.03165   0.02009   0.14573   0.08997   0.30793   0.18920   0.44435   1.14590   0.03719   0.04296   0.05498  
 16 759.4944   4919.332638  x:  0.01951   0.05939   0.02473   0.00453   0.01794   0.00351   0.00271   0.01472   0.15935   0.06003   0.05352   0.18527   0.22198   0.02056   0.03157   0.02217   0.14619   0.10003   0.30826   0.18731   0.45117   1.18381   0.03792   0.03524   0.07705  
 17 1024.3805   4918.029077  x:  0.01829   0.05936   0.02582   0.00491   0.01816   0.00359   0.00275   0.01474   0.16067   0.06006   0.05719   0.18251   0.21827   0.03168   0.03929   0.02288   0.14649   0.10806   0.30249   0.18321   0.44900   1.19756   0.03793   0.03494   0.08165  
 18 188.6643   4915.008539  x:  0.01585   0.05796   0.02645   0.00608   0.01663   0.00347   0.00275   0.01285   0.16252   0.05984   0.06545   0.16493   0.19537   0.02748   0.03440   0.02492   0.14638   0.13266   0.26560   0.16115   0.42554   1.23705   0.03965   0.04458   0.07145  
 19 131.9912   4913.931525  x:  0.02043   0.06425   0.02618   0.00544   0.01731   0.00357   0.00275   0.01400   0.16200   0.05718   0.06114   0.15915   0.18758   0.02738   0.03718   0.01817   0.14262   0.11866   0.24404   0.15697   0.40303   1.25605   0.04096   0.04715   0.07592  
 20 78.5532   4913.550335  x:  0.01718   0.06040   0.02621   0.00535   0.01754   0.00357   0.00275   0.01398   0.16154   0.06120   0.06144   0.16175   0.18877   0.02958   0.03443   0.02418   0.14302   0.11248   0.23543   0.16096   0.38708   1.26451   0.04130   0.04702   0.07782  
 21 55.7545   4913.334283  x:  0.01629   0.06063   0.02634   0.00548   0.01728   0.00354   0.00274   0.01379   0.16091   0.05816   0.06323   0.16534   0.19235   0.02713   0.03766   0.02496   0.14510   0.11406   0.23272   0.16795   0.37302   1.26985   0.04133   0.04585   0.07636  
 22 42.4187   4913.259530  x:  0.01766   0.06178   0.02630   0.00548   0.01732   0.00355   0.00274   0.01379   0.16117   0.05881   0.06217   0.16587   0.19358   0.02854   0.03529   0.02279   0.14548   0.11660   0.23359   0.17130   0.36690   1.27191   0.04144   0.04545   0.07614  
 23 28.3790   4913.230607  x:  0.01801   0.06039   0.02628   0.00548   0.01733   0.00355   0.00275   0.01377   0.16167   0.05991   0.06040   0.16451   0.19329   0.02787   0.03634   0.02260   0.14435   0.11741   0.23585   0.17178   0.36417   1.27278   0.04152   0.04560   0.07637  
 24  9.8816   4913.181307  x:  0.01716   0.06031   0.02628   0.00541   0.01736   0.00356   0.00273   0.01399   0.16197   0.05760   0.06086   0.16243   0.19250   0.02846   0.03552   0.02387   0.14220   0.11692   0.24105   0.17024   0.36013   1.27421   0.04152   0.04594   0.07656  
 25  9.4606   4913.115000  x:  0.01687   0.06226   0.02641   0.00560   0.01726   0.00355   0.00274   0.01361   0.16178   0.05985   0.06401   0.16191   0.19212   0.02805   0.03604   0.02381   0.14217   0.11561   0.24654   0.16692   0.35626   1.27603   0.04158   0.04650   0.07625  
 26 14.5456   4912.909131  x:  0.01893   0.05777   0.02645   0.00556   0.01738   0.00357   0.00274   0.01389   0.15989   0.05874   0.06376   0.16558   0.19212   0.02842   0.03565   0.02113   0.14966   0.11386   0.25335   0.15767   0.35157   1.28079   0.04180   0.04640   0.07705  
 27 11.2254   4911.884813  x:  0.01353   0.06860   0.02708   0.00608   0.01703   0.00362   0.00270   0.01337   0.16071   0.05880   0.04726   0.17760   0.19440   0.02717   0.03671   0.02818   0.15277   0.11661   0.25810   0.14540   0.35106   1.30104   0.04182   0.04365   0.07866  
 28 11.2894   4903.038308  x:  0.02318   0.05411   0.03292   0.01111   0.01500   0.00395   0.00260   0.00957   0.16875   0.05618   0.04948   0.21504   0.21867   0.02575   0.03353   0.01557   0.10503   0.11444   0.26093   0.13699   0.38220   1.46807   0.04396   0.03134   0.08356  
 29 50.4556   4888.392877  x:  0.01922   0.05382   0.04342   0.01892   0.01238   0.00480   0.00228   0.00581   0.15869   0.04989   0.04971   0.16717   0.22495   0.02547   0.02889   0.01901   0.15035   0.08460   0.28121   0.20384   0.45712   1.78065   0.04577   0.05343   0.10598  
 30 234.3811   4888.167673  x:  0.01906   0.05388   0.04345   0.01902   0.01227   0.00479   0.00228   0.00566   0.14898   0.05082   0.05003   0.16768   0.21618   0.02544   0.02886   0.01934   0.14979   0.08499   0.28199   0.20668   0.45764   1.78382   0.04587   0.04425   0.10617  
 31 26.1984   4888.135851  x:  0.01907   0.05381   0.04347   0.01910   0.01221   0.00478   0.00228   0.00546   0.15202   0.05081   0.05049   0.16816   0.21291   0.02540   0.02881   0.01931   0.15074   0.08443   0.28219   0.20749   0.45757   1.78404   0.04589   0.04084   0.10561  
 32 10.4999   4888.029257  x:  0.01906   0.05362   0.04356   0.01903   0.01223   0.00478   0.00232   0.00562   0.15274   0.05051   0.05073   0.17451   0.20584   0.02534   0.02909   0.01909   0.14991   0.08468   0.28395   0.21041   0.45844   1.78857   0.04579   0.04751   0.10610  
 33  1.0750   4878.769816  x:  0.00523   0.05944   0.04229   0.01573   0.00649   0.00460   0.00534   0.00574   0.16000   0.06087   0.05909   0.17657   0.21859   0.02445   0.03439   0.02226   0.14765   0.12439   0.28382   0.20071   0.47976   2.11567   0.04015   0.04098   0.09048  
 34  5.0866   4872.534186  x:  0.02712   0.05686   0.03453   0.01028   0.01003   0.00629   0.00565   0.00873   0.15504   0.06010   0.05523   0.18307   0.22081   0.03107   0.03501   0.01609   0.13113   0.10157   0.27693   0.18444   0.48622   2.51198   0.04547   0.04758   0.08580  
 35  0.1645   4870.595350  x:  0.02146   0.05199   0.03060   0.00777   0.01151   0.00776   0.00447   0.00603   0.15995   0.05481   0.05314   0.17914   0.21519   0.02851   0.03218   0.02050   0.13964   0.10090   0.28607   0.19642   0.49302   2.65975   0.04118   0.04339   0.07431  
 36  0.0919   4870.007367  x:  0.02099   0.05438   0.02978   0.00774   0.01120   0.00737   0.00400   0.00108   0.15980   0.05753   0.05427   0.17946   0.22025   0.02734   0.03362   0.02283   0.14505   0.10471   0.29305   0.20562   0.50394   2.70919   0.04260   0.04152   0.07516  
 37  0.0321   4869.815709  x:  0.02075   0.05463   0.02877   0.00709   0.01182   0.00698   0.00416   0.00000   0.15850   0.05945   0.05375   0.18072   0.22230   0.02830   0.03374   0.02122   0.14370   0.10190   0.29242   0.20615   0.50631   2.71051   0.04215   0.04228   0.07844  
 38  0.0067   4869.744955  x:  0.02057   0.05425   0.02757   0.00683   0.01207   0.00638   0.00440   0.00000   0.15926   0.05955   0.05363   0.18056   0.22078   0.02885   0.03309   0.01993   0.14150   0.10225   0.28873   0.20385   0.50613   2.68408   0.04219   0.04138   0.08162  
 39  0.0194   4869.744945  x:  0.02057   0.05425   0.02756   0.00683   0.01207   0.00638   0.00440   0.00003   0.15926   0.05955   0.05363   0.18056   0.22078   0.02885   0.03309   0.01993   0.14150   0.10225   0.28872   0.20385   0.50613   2.68405   0.04219   0.04138   0.08162  
 40  1.2899   4869.731175  x:  0.01986   0.05453   0.02691   0.00704   0.01186   0.00636   0.00426   0.00024   0.15927   0.05879   0.05391   0.18028   0.21974   0.02829   0.03338   0.02093   0.14171   0.10235   0.28829   0.20285   0.50502   2.67604   0.04222   0.04161   0.08190  
 41  0.0050   4869.728246  x:  0.02013   0.05440   0.02656   0.00715   0.01178   0.00633   0.00419   0.00023   0.15900   0.05928   0.05381   0.18035   0.22009   0.02835   0.03332   0.02063   0.14216   0.10254   0.28888   0.20300   0.50500   2.67890   0.04221   0.04132   0.08208  
 42  0.0020   4869.727696  x:  0.02028   0.05443   0.02648   0.00716   0.01178   0.00629   0.00421   0.00026   0.15906   0.05917   0.05380   0.18033   0.22025   0.02845   0.03330   0.02064   0.14197   0.10248   0.28911   0.20306   0.50487   2.68265   0.04220   0.04156   0.08208  
 43  0.0023   4869.727599  x:  0.02029   0.05439   0.02653   0.00718   0.01179   0.00628   0.00421   0.00026   0.15901   0.05916   0.05383   0.18034   0.22019   0.02843   0.03333   0.02064   0.14194   0.10249   0.28909   0.20307   0.50484   2.68305   0.04218   0.04148   0.08209  
 44  0.0003   4869.727561  x:  0.02030   0.05440   0.02654   0.00716   0.01179   0.00626   0.00420   0.00026   0.15904   0.05917   0.05383   0.18036   0.22017   0.02840   0.03333   0.02065   0.14196   0.10253   0.28905   0.20303   0.50485   2.68337   0.04218   0.04148   0.08205  
 45  0.0002   4869.727551  x:  0.02030   0.05440   0.02655   0.00717   0.01179   0.00626   0.00419   0.00025   0.15905   0.05917   0.05382   0.18035   0.22018   0.02841   0.03332   0.02065   0.14197   0.10251   0.28904   0.20303   0.50487   2.68320   0.04218   0.04150   0.08205  
 46  0.0001   4869.727550  x:  0.02030   0.05440   0.02655   0.00716   0.01179   0.00626   0.00419   0.00025   0.15904   0.05917   0.05382   0.18035   0.22018   0.02842   0.03332   0.02065   0.14196   0.10250   0.28905   0.20304   0.50487   2.68318   0.04218   0.04149   0.08204  
 47  0.0000   4869.727550  x:  0.02030   0.05440   0.02655   0.00717   0.01179   0.00626   0.00419   0.00025   0.15904   0.05917   0.05382   0.18035   0.22018   0.02842   0.03332   0.02065   0.14196   0.10250   0.28906   0.20304   0.50488   2.68316   0.04218   0.04150   0.08203  
 48  0.0000   4869.727550  x:  0.02030   0.05440   0.02655   0.00717   0.01179   0.00626   0.00419   0.00025   0.15904   0.05917   0.05382   0.18035   0.22018   0.02842   0.03332   0.02065   0.14196   0.10250   0.28905   0.20304   0.50488   2.68316   0.04218   0.04150   0.08203  
 49  0.0000   4869.727550  x:  0.02030   0.05440   0.02655   0.00717   0.01179   0.00626   0.00419   0.00025   0.15904   0.05917   0.05382   0.18035   0.22018   0.02842   0.03332   0.02065   0.14196   0.10250   0.28905   0.20304   0.50488   2.68316   0.04218   0.04150   0.08203  
 50  0.0000   4869.727550  x:  0.02030   0.05440   0.02655   0.00717   0.01179   0.00626   0.00419   0.00025   0.15904   0.05917   0.05382   0.18035   0.22018   0.02842   0.03332   0.02065   0.14196   0.10250   0.28905   0.20304   0.50488   2.68316   0.04218   0.04150   0.08203  
 51  0.0000   4869.727550  x:  0.02030   0.05440   0.02655   0.00717   0.01179   0.00626   0.00419   0.00025   0.15904   0.05917   0.05382   0.18035   0.22018   0.02842   0.03332   0.02065   0.14196   0.10250   0.28905   0.20304   0.50488   2.68316   0.04218   0.04150   0.08203  
 52  0.0000   4869.727550  x:  0.02030   0.05440   0.02655   0.00717   0.01179   0.00626   0.00419   0.00025   0.15904   0.05917   0.05382   0.18035   0.22018   0.02842   0.03332   0.02065   0.14196   0.10250   0.28905   0.20304   0.50488   2.68316   0.04218   0.04150   0.08203  