

TREE # 1

  0  0.0000   5537.735081  x:  0.00000   0.08822   0.04738   0.04564   0.02884   0.01678   0.01382   0.02752   0.10506   0.07107   0.01770   0.11009   0.12629   0.03553   0.05412   0.02231   0.10179   0.09979   0.12869   0.10047   0.18705   0.21787   0.16054   0.21031  
  1 99.0000   5365.155674  x:  0.10005   0.08776   0.03813   0.02917   0.01720   0.00494   0.00000   0.01463   0.11406   0.06934   0.04242   0.11830   0.13332   0.02801   0.04661   0.03328   0.11006   0.10113   0.14055   0.10747   0.19810   0.28297   0.10288   0.20302  
  2 3077.5004   5312.839439  x:  0.13967   0.08757   0.03446   0.02263   0.01258   0.00027   0.00103   0.00952   0.11764   0.06865   0.05222   0.12156   0.13611   0.02503   0.04363   0.03762   0.11334   0.10166   0.14526   0.11026   0.20249   0.30883   0.07997   0.20012  
  3 227554.9322   5242.745036  x:  0.21092   0.08705   0.02741   0.01004   0.00413   0.02028   0.00271   0.00000   0.12445   0.06735   0.06985   0.12779   0.14151   0.01957   0.03796   0.04490   0.11955   0.10273   0.15430   0.11566   0.21105   0.35809   0.03508   0.19448  
  4 39251.9342   5216.999134  x:  0.21929   0.08428   0.02449   0.00557   0.03238   0.02283   0.00291   0.03372   0.13073   0.06779   0.06873   0.13468   0.14891   0.02251   0.03493   0.03513   0.12494   0.10525   0.16480   0.12330   0.22359   0.40174   0.02338   0.18635  
  5 1605.2694   5183.501476  x:  0.23240   0.07980   0.01763   0.00155   0.04806   0.02770   0.00332   0.05367   0.13936   0.06743   0.06670   0.14478   0.15991   0.02580   0.03098   0.02035   0.13277   0.10884   0.18039   0.13463   0.24233   0.46504   0.05201   0.17431  
  6 2938.9308   5157.028680  x:  0.22957   0.07355   0.01081   0.03267   0.04987   0.02889   0.00339   0.05888   0.14732   0.06605   0.05972   0.15451   0.17111   0.02932   0.02842   0.00000   0.13976   0.11213   0.19630   0.14595   0.26226   0.52972   0.06045   0.16043  
  7 2848.6793   5157.028680  x:  0.22957   0.07355   0.01081   0.03267   0.04987   0.02889   0.00339   0.05888   0.14732   0.06605   0.05972   0.15451   0.17111   0.02932   0.02842   0.00000   0.13976   0.11213   0.19630   0.14595   0.26226   0.52972   0.06045   0.16043  
  8 1802.4471   5122.597119  x:  0.22237   0.07153   0.01264   0.02266   0.04035   0.01913   0.00471   0.05028   0.14784   0.06499   0.05719   0.15532   0.17248   0.02854   0.02928   0.00696   0.13987   0.11201   0.19873   0.14696   0.26560   0.54193   0.02977   0.15665  
  9 1355.2232   5094.595683  x:  0.20899   0.06826   0.01503   0.00478   0.02270   0.00194   0.00323   0.03418   0.14874   0.06342   0.05189   0.15764   0.17599   0.02769   0.03104   0.00621   0.14049   0.11204   0.20397   0.14987   0.27309   0.56417   0.03141   0.14957  
 10 1203.2657   5088.292098  x:  0.20391   0.06707   0.01588   0.00105   0.01674   0.00402   0.00407   0.02828   0.14907   0.06289   0.05000   0.15851   0.17728   0.02739   0.03159   0.00584   0.14071   0.11202   0.20591   0.15093   0.27586   0.57247   0.03175   0.14692  
 11 2321.8632   5074.576490  x:  0.19204   0.06432   0.01793   0.00273   0.00344   0.00523   0.00541   0.01459   0.14983   0.06168   0.04565   0.16055   0.18029   0.02671   0.03285   0.00503   0.14124   0.11198   0.21041   0.15340   0.28233   0.59184   0.03235   0.14072  
 12 6032.7775   5059.951515  x:  0.17813   0.06131   0.02019   0.00316   0.00566   0.00586   0.00551   0.00000   0.15067   0.06054   0.04102   0.16292   0.18372   0.02600   0.03407   0.00422   0.14184   0.11186   0.21555   0.15619   0.28975   0.61414   0.03278   0.13354  
 13 2446.7590   4999.048754  x:  0.07698   0.04355   0.04473   0.00493   0.01104   0.00983   0.00000   0.01023   0.15801   0.06000   0.01449   0.18026   0.20746   0.02209   0.03994   0.00251   0.14582   0.11021   0.25110   0.17506   0.34149   0.77164   0.03548   0.08173  
 14 2040.3171   4987.771297  x:  0.04092   0.03723   0.05348   0.00555   0.01310   0.01090   0.00015   0.01400   0.16063   0.05982   0.00504   0.18644   0.21593   0.02069   0.04203   0.00188   0.14725   0.10962   0.26378   0.18178   0.35994   0.82778   0.03659   0.06327  
 15 596127.6681   4971.589568  x:  0.00428   0.03757   0.05607   0.00611   0.01445   0.01188   0.00020   0.01582   0.16335   0.05927   0.02685   0.19410   0.22563   0.02058   0.04240   0.01394   0.14879   0.10893   0.27709   0.18841   0.38008   0.89094   0.04078   0.04619  
 16 2387.7788   4955.073468  x:  0.02848   0.07149   0.03581   0.00732   0.01686   0.01367   0.00024   0.02178   0.16827   0.05599   0.02446   0.20303   0.23775   0.02557   0.03475   0.04259   0.15245   0.10723   0.29758   0.19708   0.41500   1.01255   0.04817   0.03892  
 17 632.4513   4942.501745  x:  0.03480   0.08364   0.00887   0.00768   0.01760   0.01373   0.00025   0.02664   0.16943   0.05552   0.03232   0.20357   0.23962   0.02860   0.02841   0.02135   0.15169   0.10397   0.30311   0.19718   0.43117   1.08195   0.04379   0.06127  
 18 687.1646   4936.486008  x:  0.04726   0.09084   0.02146   0.00772   0.01826   0.01388   0.00028   0.02725   0.16788   0.05724   0.04342   0.20095   0.23762   0.03061   0.02732   0.00336   0.15012   0.10223   0.30283   0.19427   0.43904   1.12582   0.04066   0.07732  
 19 618.5379   4932.323291  x:  0.05827   0.06542   0.02421   0.00803   0.01910   0.01449   0.00031   0.02891   0.15649   0.06181   0.04796   0.18373   0.21982   0.02662   0.04072   0.01096   0.14338   0.10254   0.28623   0.17833   0.43708   1.17292   0.04456   0.09841  
 20 198.5686   4929.852111  x:  0.06777   0.05173   0.02198   0.00806   0.01921   0.01447   0.00031   0.02983   0.14692   0.06012   0.05357   0.16965   0.20297   0.02178   0.03014   0.00667   0.13948   0.10502   0.26787   0.16404   0.42850   1.20170   0.04533   0.08705  
 21 190.6844   4929.097894  x:  0.06975   0.05035   0.02031   0.00807   0.01922   0.01445   0.00031   0.03010   0.14487   0.05956   0.05516   0.16421   0.19585   0.02959   0.03239   0.00421   0.13837   0.10566   0.25924   0.15852   0.42274   1.21211   0.04534   0.08070  
 22 203.8125   4928.241923  x:  0.06264   0.06302   0.02070   0.00804   0.01909   0.01442   0.00031   0.02936   0.15068   0.06084   0.05253   0.15715   0.18436   0.02786   0.03265   0.00592   0.13828   0.10386   0.24149   0.15245   0.40423   1.22666   0.04684   0.08016  
 23 77.8074   4927.795350  x:  0.06375   0.05981   0.02113   0.00807   0.01922   0.01448   0.00031   0.02976   0.15478   0.05534   0.05274   0.16346   0.18799   0.02773   0.03313   0.00602   0.14178   0.10521   0.23171   0.16056   0.37940   1.23837   0.04742   0.08087  
 24 34.9467   4927.666152  x:  0.06428   0.05900   0.02076   0.00806   0.01917   0.01445   0.00031   0.02945   0.15389   0.06081   0.05278   0.16482   0.18990   0.02800   0.03261   0.00592   0.14135   0.10465   0.23050   0.16409   0.37060   1.24212   0.04749   0.08027  
 25 43.1050   4927.569505  x:  0.06362   0.06053   0.02075   0.00806   0.01918   0.01446   0.00031   0.02960   0.14883   0.05945   0.05253   0.16257   0.19088   0.02767   0.03309   0.00595   0.13808   0.10294   0.23399   0.16640   0.36393   1.24469   0.04762   0.08023  
 26 15.5439   4927.419467  x:  0.06268   0.05988   0.02136   0.00807   0.01920   0.01447   0.00031   0.02959   0.15047   0.05916   0.05208   0.15871   0.19005   0.03000   0.03024   0.00681   0.13836   0.10630   0.24238   0.16474   0.35778   1.24843   0.04797   0.08166  
 27 10.3212   4927.183620  x:  0.06360   0.05971   0.02058   0.00810   0.01931   0.01450   0.00031   0.02986   0.15426   0.05954   0.05285   0.15575   0.18904   0.02704   0.03383   0.00529   0.13999   0.10945   0.25356   0.16054   0.35085   1.25409   0.04781   0.07968  
 28 41.8984   4926.314289  x:  0.06328   0.05666   0.02100   0.00811   0.01941   0.01448   0.00030   0.03010   0.15835   0.05865   0.05150   0.16672   0.18755   0.02793   0.03265   0.00576   0.14150   0.09414   0.26977   0.14252   0.34288   1.27248   0.04835   0.07848  
 29 22.1331   4922.371885  x:  0.05072   0.06622   0.02139   0.00826   0.02001   0.01452   0.00025   0.03208   0.13383   0.06016   0.04152   0.20154   0.19292   0.02724   0.03386   0.00689   0.14743   0.11813   0.27841   0.11937   0.35207   1.35462   0.04870   0.08062  
 30 33.8949   4907.283727  x:  0.02835   0.06161   0.02155   0.00905   0.02315   0.01492   0.00009   0.04082   0.16394   0.05559   0.02068   0.19774   0.21358   0.02688   0.03426   0.00724   0.11915   0.11370   0.27659   0.17382   0.43368   1.66189   0.04930   0.06680  
 31 136.9864   4906.317386  x:  0.02601   0.06178   0.02162   0.00909   0.02332   0.01493   0.00008   0.04146   0.15763   0.05587   0.01943   0.18806   0.21751   0.02708   0.03412   0.00740   0.14228   0.10577   0.27601   0.17945   0.43939   1.68185   0.04926   0.06661  
 32 81.5816   4906.246425  x:  0.02599   0.06189   0.02163   0.00908   0.02330   0.01490   0.00008   0.04142   0.15844   0.05577   0.01926   0.18470   0.22612   0.02715   0.03399   0.00749   0.14124   0.10592   0.27401   0.17515   0.43934   1.68301   0.04926   0.06655  
 33  2.5981   4887.527452  x:  0.05217   0.04539   0.02448   0.00452   0.01313   0.00461   0.00023   0.02524   0.16036   0.05454   0.04753   0.17568   0.22632   0.02770   0.03389   0.01027   0.15061   0.09719   0.27622   0.20609   0.47919   1.94989   0.03575   0.07309  
 34  1.1366   4878.367094  x:  0.02823   0.06413   0.02777   0.00418   0.00674   0.00411   0.00023   0.00850   0.15817   0.05516   0.04757   0.18130   0.21664   0.02792   0.03195   0.01306   0.13518   0.10652   0.26659   0.20303   0.48265   2.34690   0.04342   0.10099  
 35  0.1950   4874.933532  x:  0.02176   0.06004   0.02561   0.00772   0.01139   0.01119   0.00022   0.00503   0.15764   0.05680   0.04962   0.18308   0.21707   0.02812   0.03287   0.01492   0.13627   0.10700   0.27724   0.20114   0.49456   2.57388   0.04339   0.08456  
 36  0.1822   4873.993413  x:  0.02261   0.05717   0.02517   0.00744   0.01039   0.01010   0.00024   0.00000   0.15782   0.05809   0.05221   0.18279   0.21930   0.02845   0.03298   0.01604   0.13949   0.10506   0.28329   0.20113   0.49970   2.62957   0.04172   0.07441  
 37  0.0930   4873.993413  x:  0.02261   0.05717   0.02517   0.00744   0.01039   0.01010   0.00024   0.00000   0.15782   0.05809   0.05221   0.18279   0.21930   0.02845   0.03298   0.01604   0.13949   0.10506   0.28329   0.20113   0.49970   2.62957   0.04172   0.07441  
 38  0.0212   4870.363758  x:  0.02261   0.05717   0.02518   0.00744   0.01043   0.01001   0.00424   0.00002   0.15782   0.05810   0.05220   0.18278   0.21930   0.02845   0.03298   0.01604   0.13949   0.10506   0.28329   0.20113   0.49970   2.62958   0.04171   0.07441  
 39 6943.0724   4869.925728  x:  0.02272   0.05701   0.02567   0.00752   0.01149   0.00618   0.00425   0.00044   0.15791   0.05835   0.05183   0.18278   0.21937   0.02842   0.03308   0.01616   0.13962   0.10495   0.28335   0.20116   0.49974   2.62960   0.04158   0.07438  
 40 188.0885   4869.892888  x:  0.02308   0.05642   0.02673   0.00686   0.01205   0.00636   0.00425   0.00051   0.15820   0.05890   0.05049   0.18276   0.21962   0.02830   0.03341   0.01647   0.14008   0.10458   0.28361   0.20129   0.49987   2.62967   0.04168   0.07430  
 41 28.8708   4869.869112  x:  0.02340   0.05573   0.02736   0.00747   0.01196   0.00640   0.00425   0.00007   0.15856   0.05935   0.04896   0.18277   0.21995   0.02815   0.03371   0.01670   0.14062   0.10412   0.28394   0.20146   0.50004   2.62977   0.04150   0.07424  
 42 47.8040   4869.863766  x:  0.02342   0.05562   0.02731   0.00740   0.01179   0.00635   0.00425   0.00000   0.15864   0.05940   0.04869   0.18280   0.22004   0.02812   0.03374   0.01668   0.14074   0.10402   0.28402   0.20150   0.50009   2.62980   0.04153   0.07424  
 43 30.9705   4869.854174  x:  0.02340   0.05532   0.02654   0.00740   0.01196   0.00640   0.00425   0.00038   0.15909   0.05952   0.04777   0.18304   0.22061   0.02800   0.03372   0.01639   0.14129   0.10359   0.28448   0.20172   0.50035   2.62996   0.04139   0.07433  
 44 20.3351   4869.852139  x:  0.02348   0.05536   0.02643   0.00743   0.01208   0.00640   0.00425   0.00030   0.15922   0.05944   0.04767   0.18321   0.22089   0.02802   0.03370   0.01639   0.14148   0.10350   0.28471   0.20183   0.50050   2.63004   0.04158   0.07444  
 45 11.3524   4869.846680  x:  0.02379   0.05564   0.02641   0.00733   0.01215   0.00640   0.00425   0.00013   0.15963   0.05914   0.04763   0.18382   0.22191   0.02812   0.03360   0.01645   0.14207   0.10324   0.28549   0.20217   0.50100   2.63036   0.04133   0.07487  
 46 20.6303   4869.843149  x:  0.02390   0.05581   0.02661   0.00740   0.01198   0.00640   0.00425   0.00039   0.15988   0.05903   0.04766   0.18428   0.22265   0.02818   0.03355   0.01639   0.14243   0.10311   0.28609   0.20242   0.50140   2.63061   0.04136   0.07515  
 47 27.8345   4869.840794  x:  0.02358   0.05571   0.02680   0.00740   0.01201   0.00640   0.00425   0.00027   0.15987   0.05910   0.04774   0.18465   0.22325   0.02814   0.03359   0.01601   0.14248   0.10316   0.28665   0.20261   0.50184   2.63091   0.04132   0.07526  
 48  8.8496   4869.837728  x:  0.02349   0.05540   0.02664   0.00741   0.01200   0.00640   0.00425   0.00027   0.15949   0.05945   0.04782   0.18517   0.22408   0.02796   0.03376   0.01638   0.14212   0.10360   0.28769   0.20286   0.50284   2.63165   0.04127   0.07516  
 49  6.3548   4869.835963  x:  0.02354   0.05547   0.02667   0.00740   0.01200   0.00640   0.00425   0.00032   0.15917   0.05916   0.04750   0.18522   0.22426   0.02826   0.03358   0.01633   0.14168   0.10374   0.28843   0.20290   0.50379   2.63248   0.04124   0.07488  
 50  4.3476   4869.834518  x:  0.02367   0.05564   0.02671   0.00740   0.01200   0.00640   0.00425   0.00033   0.15912   0.05910   0.04746   0.18500   0.22408   0.02787   0.03350   0.01623   0.14148   0.10362   0.28900   0.20277   0.50488   2.63357   0.04122   0.07492  
 51  4.3239   4869.832052  x:  0.02378   0.05575   0.02664   0.00741   0.01199   0.00639   0.00425   0.00032   0.15923   0.05923   0.04761   0.18456   0.22360   0.02799   0.03394   0.01611   0.14137   0.10337   0.28986   0.20242   0.50690   2.63575   0.04119   0.07518  
 52 11.3383   4869.830154  x:  0.02368   0.05542   0.02665   0.00741   0.01199   0.00639   0.00425   0.00030   0.15942   0.05935   0.04782   0.18433   0.22321   0.02820   0.03352   0.01622   0.14167   0.10343   0.29025   0.20206   0.50845   2.63774   0.04117   0.07533  
 53  8.1939   4869.828379  x:  0.02361   0.05538   0.02668   0.00741   0.01199   0.00639   0.00425   0.00032   0.15951   0.05907   0.04788   0.18451   0.22306   0.02807   0.03371   0.01624   0.14228   0.10378   0.29002   0.20174   0.50967   2.64024   0.04116   0.07487  
 54  4.6431   4869.825526  x:  0.02361   0.05588   0.02665   0.00741   0.01198   0.00639   0.00425   0.00021   0.15943   0.05960   0.04776   0.18510   0.22332   0.02817   0.03358   0.01619   0.14233   0.10356   0.28896   0.20161   0.51101   2.64515   0.04116   0.07455  
 55  5.5121   4869.820770  x:  0.02346   0.05553   0.02669   0.00740   0.01199   0.00639   0.00425   0.00029   0.15934   0.05914   0.04753   0.18575   0.22391   0.02809   0.03369   0.01639   0.14172   0.10309   0.28712   0.20188   0.51264   2.65386   0.04116   0.07516  
 56 13.7408   4869.816122  x:  0.02412   0.05544   0.02665   0.00741   0.01198   0.00639   0.00425   0.00031   0.15939   0.05928   0.04734   0.18521   0.22431   0.02813   0.03366   0.01588   0.14162   0.10407   0.28627   0.20328   0.51307   2.66308   0.04115   0.07580  
 57  9.4872   4869.810283  x:  0.02344   0.05558   0.02667   0.00740   0.01198   0.00638   0.00425   0.00029   0.15932   0.05923   0.04771   0.18424   0.22429   0.02815   0.03365   0.01637   0.14200   0.10357   0.28675   0.20551   0.51230   2.67523   0.04117   0.07522  
 58 10.2801   4869.807361  x:  0.02392   0.05517   0.02667   0.00739   0.01198   0.00638   0.00425   0.00027   0.15963   0.05923   0.04796   0.18507   0.22366   0.02816   0.03364   0.01612   0.14179   0.10335   0.28792   0.20516   0.51093   2.68166   0.04120   0.07494  
 59  5.1936   4869.805562  x:  0.02357   0.05548   0.02668   0.00739   0.01198   0.00638   0.00425   0.00026   0.15960   0.05923   0.04761   0.18540   0.22342   0.02813   0.03368   0.01628   0.14182   0.10365   0.28882   0.20427   0.50985   2.68569   0.04123   0.07537  
 60  6.9338   4869.804930  x:  0.02368   0.05541   0.02666   0.00740   0.01198   0.00638   0.00425   0.00028   0.15930   0.05923   0.04768   0.18505   0.22387   0.02815   0.03366   0.01622   0.14194   0.10355   0.28912   0.20351   0.50938   2.68713   0.04125   0.07537  
 61  2.2953   4869.804882  x:  0.02365   0.05542   0.02667   0.00740   0.01198   0.00638   0.00425   0.00027   0.15945   0.05923   0.04769   0.18498   0.22397   0.02815   0.03366   0.01624   0.14187   0.10357   0.28914   0.20342   0.50934   2.68724   0.04125   0.07532  
 62  0.4837   4869.801733  x:  0.02369   0.05525   0.02659   0.00728   0.01174   0.00624   0.00424   0.00019   0.15956   0.05931   0.04727   0.18506   0.22413   0.02810   0.03370   0.01620   0.14207   0.10342   0.28928   0.20351   0.50961   2.68730   0.04129   0.07533  
 63  0.0008   4869.801697  x:  0.02369   0.05525   0.02658   0.00728   0.01172   0.00626   0.00424   0.00018   0.15959   0.05931   0.04726   0.18505   0.22415   0.02809   0.03370   0.01620   0.14207   0.10342   0.28929   0.20350   0.50961   2.68732   0.04129   0.07532  
 64  0.0001   4869.801573  x:  0.02369   0.05525   0.02658   0.00728   0.01174   0.00625   0.00420   0.00016   0.15966   0.05931   0.04727   0.18502   0.22419   0.02809   0.03370   0.01621   0.14204   0.10342   0.28931   0.20347   0.50960   2.68736   0.04129   0.07530  
 65  0.0000   4869.801545  x:  0.02369   0.05525   0.02658   0.00728   0.01173   0.00625   0.00419   0.00018   0.15959   0.05931   0.04727   0.18505   0.22415   0.02809   0.03370   0.01620   0.14206   0.10342   0.28929   0.20350   0.50961   2.68733   0.04129   0.07532  
 66  0.0001   4869.801545  x:  0.02369   0.05525   0.02658   0.00728   0.01173   0.00625   0.00419   0.00018   0.15959   0.05931   0.04727   0.18505   0.22415   0.02809   0.03370   0.01620   0.14206   0.10342   0.28929   0.20350   0.50961   2.68733   0.04129   0.07532  