

TREE # 1

  0  0.0000   5555.577956  x:  0.06264   0.00071   0.08956   0.04311   0.02576   0.01265   0.00797   0.01553   0.00000   0.11698   0.08833   0.01714   0.14107   0.14164   0.03161   0.05164   0.02919   0.12172   0.07960   0.10044   0.11664   0.24779   0.18731   0.17847   0.16190  
  1 99.0000   5368.216734  x:  0.06876   0.04005   0.08918   0.03609   0.01136   0.01108   0.00496   0.00000   0.04800   0.12459   0.08395   0.04383   0.14429   0.14635   0.02481   0.04418   0.03405   0.12667   0.08539   0.10655   0.11981   0.25246   0.26990   0.11944   0.14978  
  2 2551.4943   5269.262299  x:  0.07358   0.07101   0.08887   0.03054   0.00000   0.00986   0.00262   0.00093   0.08577   0.13060   0.08049   0.06485   0.14683   0.15007   0.01945   0.03830   0.03786   0.13057   0.08996   0.11138   0.12231   0.25616   0.33504   0.07283   0.14021  
  3 144468.6930   5213.483619  x:  0.07763   0.09692   0.08861   0.02588   0.00101   0.00887   0.00073   0.00169   0.11736   0.13563   0.07759   0.08245   0.14896   0.15319   0.01497   0.03337   0.04105   0.13384   0.09378   0.11542   0.12441   0.25926   0.38965   0.03371   0.13218  
  4 155151.7060   5207.994215  x:  0.07836   0.09995   0.08840   0.02498   0.00110   0.00918   0.00729   0.00176   0.12092   0.13647   0.07704   0.08461   0.14932   0.15377   0.01482   0.03278   0.04117   0.13432   0.09435   0.11616   0.12487   0.25993   0.39790   0.02940   0.13070  
  5 6865.0958   5166.544377  x:  0.09065   0.10466   0.08071   0.00888   0.00161   0.02569   0.01277   0.00217   0.12114   0.14837   0.06758   0.09228   0.15488   0.16389   0.03085   0.03191   0.03080   0.13869   0.09993   0.12845   0.13498   0.27443   0.48802   0.07336   0.10550  
  6 1440.7587   5076.709795  x:  0.10586   0.06675   0.06300   0.00156   0.00131   0.02728   0.01049   0.00172   0.06253   0.16228   0.05217   0.07503   0.16011   0.17733   0.04947   0.03356   0.00000   0.14166   0.10442   0.14366   0.14925   0.29727   0.59328   0.06128   0.05969  
  7 1573.6701   5076.709795  x:  0.10586   0.06675   0.06300   0.00156   0.00131   0.02728   0.01049   0.00172   0.06253   0.16228   0.05217   0.07503   0.16011   0.17733   0.04947   0.03356   0.00000   0.14166   0.10442   0.14366   0.14925   0.29727   0.59328   0.06128   0.05969  
  8 10129.7591   5059.443335  x:  0.10614   0.06559   0.06303   0.02270   0.02527   0.02433   0.00849   0.01002   0.05912   0.16233   0.05263   0.07418   0.16011   0.17766   0.04723   0.03279   0.00685   0.14186   0.10462   0.14394   0.14946   0.29815   0.59788   0.04999   0.05717  
  9 2747.1121   5046.736699  x:  0.10690   0.06178   0.06222   0.02540   0.02214   0.01748   0.00535   0.00485   0.05010   0.16263   0.05310   0.07247   0.16035   0.17856   0.04251   0.03135   0.00973   0.14224   0.10474   0.14469   0.15014   0.30042   0.60806   0.03312   0.05140  
 10 935.5207   5028.688388  x:  0.10943   0.05216   0.06036   0.03336   0.01706   0.00286   0.00602   0.00116   0.02710   0.16365   0.05430   0.06852   0.16142   0.18139   0.03158   0.02871   0.01596   0.14323   0.10499   0.14722   0.15252   0.30705   0.63363   0.03642   0.03724  
 11 1057.5901   5023.421793  x:  0.11059   0.04756   0.05950   0.03565   0.01353   0.00078   0.00606   0.00468   0.01629   0.16409   0.05489   0.06672   0.16191   0.18270   0.02676   0.02770   0.01831   0.14370   0.10511   0.14838   0.15361   0.31016   0.64569   0.03667   0.03092  
 12 4343.5649   5013.474804  x:  0.11235   0.04058   0.05824   0.03984   0.00939   0.00278   0.00620   0.00583   0.00000   0.16475   0.05583   0.06400   0.16267   0.18470   0.01953   0.02621   0.02204   0.14442   0.10531   0.15014   0.15527   0.31488   0.66397   0.03746   0.02146  
 13 10610.4140   5013.474804  x:  0.11235   0.04058   0.05824   0.03984   0.00939   0.00278   0.00620   0.00583   0.00000   0.16475   0.05583   0.06400   0.16267   0.18470   0.01953   0.02621   0.02204   0.14442   0.10531   0.15014   0.15527   0.31488   0.66397   0.03746   0.02146  
 14 605.6361   5008.117081  x:  0.11262   0.03898   0.05833   0.03831   0.00991   0.01806   0.00663   0.00429   0.00153   0.16486   0.05646   0.06379   0.16294   0.18510   0.02135   0.02774   0.02111   0.14467   0.10540   0.15042   0.15558   0.31589   0.66768   0.04033   0.02423  
 15 1219.4708   5001.080849  x:  0.11394   0.03071   0.05845   0.02981   0.00242   0.01722   0.00694   0.00379   0.00415   0.16535   0.05884   0.06230   0.16427   0.18708   0.02838   0.03402   0.01657   0.14600   0.10563   0.15173   0.15709   0.32110   0.68818   0.04219   0.03410  
 16 434.7568   4994.140952  x:  0.11610   0.01777   0.05880   0.01674   0.01037   0.01455   0.00693   0.00461   0.00653   0.16605   0.06243   0.05978   0.16648   0.19038   0.03750   0.04245   0.01035   0.14815   0.10590   0.15390   0.15959   0.32993   0.72331   0.04224   0.04682  
 17 1866.9670   4979.172638  x:  0.12085   0.00887   0.06367   0.01705   0.00984   0.01620   0.00462   0.00092   0.00075   0.16660   0.06724   0.05513   0.17132   0.19782   0.03686   0.04414   0.02447   0.15221   0.10635   0.15864   0.16500   0.35120   0.81078   0.03079   0.04884  
 18 713.4757   4976.389744  x:  0.12153   0.00771   0.06437   0.01728   0.00970   0.01646   0.00450   0.00201   0.00000   0.16667   0.06789   0.05449   0.17202   0.19888   0.03665   0.04427   0.02651   0.15277   0.10641   0.15932   0.16578   0.35425   0.82329   0.03008   0.04897  
 19 13491.9218   4976.389744  x:  0.12153   0.00771   0.06437   0.01728   0.00970   0.01646   0.00450   0.00201   0.00000   0.16667   0.06789   0.05449   0.17202   0.19888   0.03665   0.04427   0.02651   0.15277   0.10641   0.15932   0.16578   0.35425   0.82329   0.03008   0.04897  
 20 10215.3503   4970.030605  x:  0.12163   0.00862   0.06445   0.01919   0.00863   0.01519   0.00681   0.00764   0.00105   0.16670   0.06767   0.05458   0.17212   0.19904   0.03545   0.04323   0.02679   0.15264   0.10626   0.15942   0.16593   0.35481   0.82529   0.04087   0.04742  
 21 1209.1601   4966.827096  x:  0.12161   0.01138   0.06455   0.02416   0.00617   0.01156   0.00695   0.00246   0.00294   0.16656   0.06661   0.05476   0.17226   0.19932   0.03119   0.03954   0.02733   0.15218   0.10578   0.15940   0.16610   0.35634   0.83280   0.04381   0.04199  
 22 404.6771   4963.069965  x:  0.12140   0.01628   0.06445   0.03178   0.00587   0.00744   0.00616   0.00618   0.00394   0.16615   0.06394   0.05502   0.17247   0.19983   0.02272   0.03209   0.02768   0.15119   0.10478   0.15919   0.16634   0.35965   0.84994   0.04062   0.03073  
 23 768.7328   4960.709377  x:  0.12122   0.01892   0.06389   0.03479   0.01024   0.01301   0.00704   0.00533   0.00182   0.16573   0.06130   0.05516   0.17269   0.20038   0.01847   0.02783   0.02668   0.15039   0.10401   0.15901   0.16662   0.36301   0.86702   0.04125   0.02365  
 24 685.8371   4957.946709  x:  0.12104   0.01968   0.06317   0.03477   0.00899   0.01338   0.00664   0.00536   0.00000   0.16542   0.05950   0.05520   0.17288   0.20083   0.01933   0.02750   0.02500   0.14988   0.10358   0.15884   0.16683   0.36587   0.88174   0.04145   0.02337  
 25 543.1567   4933.110999  x:  0.11791   0.03008   0.05296   0.03426   0.00947   0.01714   0.01518   0.00624   0.02033   0.16195   0.04107   0.05618   0.17614   0.20793   0.03113   0.02826   0.00000   0.14249   0.09774   0.15570   0.17031   0.41310   1.12798   0.03909   0.03421  
 26 3312.0535   4919.804800  x:  0.11475   0.04221   0.04293   0.02831   0.01236   0.02113   0.01726   0.00715   0.03788   0.15857   0.02590   0.05717   0.17948   0.21543   0.04342   0.03180   0.01959   0.13539   0.09291   0.15254   0.17414   0.46384   1.39438   0.03817   0.04904  
 27 5951.6135   4909.791527  x:  0.11410   0.03889   0.04364   0.01937   0.01788   0.01880   0.00371   0.00671   0.04090   0.15956   0.04488   0.05679   0.17984   0.21737   0.03859   0.03283   0.02006   0.13447   0.09375   0.15189   0.17591   0.48028   1.48781   0.04223   0.05186  
 28 1489.0172   4905.484707  x:  0.11399   0.03170   0.04758   0.01127   0.01833   0.01437   0.01371   0.00557   0.03601   0.16095   0.06320   0.05581   0.17936   0.21793   0.03108   0.03435   0.02184   0.13519   0.09640   0.15179   0.17732   0.48981   1.54942   0.04148   0.05268  
 29 1351.0630   4903.603942  x:  0.11454   0.02076   0.05485   0.02225   0.01738   0.01631   0.01511   0.00601   0.03313   0.16185   0.06950   0.05407   0.17796   0.21680   0.02696   0.04001   0.02316   0.13784   0.10086   0.15233   0.17839   0.49127   1.57498   0.04063   0.05659  
 30 361.1747   4902.676457  x:  0.11558   0.01034   0.06198   0.01976   0.01817   0.01466   0.01400   0.00561   0.03382   0.16250   0.06341   0.05203   0.17595   0.21442   0.02142   0.04214   0.02354   0.14131   0.10526   0.15337   0.17951   0.48809   1.58640   0.04152   0.05620  
 31 147.1959   4902.314452  x:  0.11700   0.01101   0.06962   0.01841   0.01762   0.01503   0.01377   0.00571   0.03528   0.16390   0.06311   0.05098   0.17341   0.21107   0.02538   0.04360   0.02355   0.14530   0.10923   0.15479   0.18080   0.48032   1.59262   0.04159   0.05183  
 32 65.9394   4901.848068  x:  0.11918   0.01301   0.06713   0.01787   0.01474   0.01774   0.01357   0.00603   0.03597   0.16623   0.06351   0.05164   0.16792   0.20295   0.02368   0.03958   0.02349   0.15060   0.11147   0.15697   0.18268   0.45369   1.60330   0.04180   0.05496  
 33 45.6485   4901.510041  x:  0.12038   0.01232   0.06330   0.01927   0.01845   0.01464   0.01389   0.00551   0.03439   0.16724   0.06331   0.05299   0.16486   0.19790   0.02544   0.03976   0.02346   0.15217   0.11070   0.15817   0.18359   0.43104   1.61173   0.04257   0.05488  
 34 138.0106   4901.306776  x:  0.12026   0.01102   0.06303   0.01872   0.01670   0.01585   0.01379   0.00567   0.03543   0.16605   0.06360   0.05573   0.16600   0.19832   0.02461   0.04342   0.02371   0.14870   0.10727   0.15805   0.18291   0.41452   1.61716   0.04266   0.05255  
 35 60.8196   4901.221869  x:  0.11973   0.01225   0.06611   0.01872   0.01746   0.01540   0.01376   0.00557   0.03473   0.16456   0.06339   0.05455   0.16844   0.20146   0.02406   0.04237   0.02354   0.14606   0.10687   0.15752   0.18173   0.40633   1.61960   0.04290   0.05447  
 36 31.4480   4901.198641  x:  0.11943   0.01129   0.06572   0.01874   0.01715   0.01563   0.01378   0.00560   0.03507   0.16421   0.06362   0.05294   0.16944   0.20322   0.02488   0.04121   0.02370   0.14560   0.10761   0.15723   0.18102   0.40405   1.62030   0.04289   0.05410  
 37 17.8235   4901.186086  x:  0.11930   0.01184   0.06485   0.01870   0.01714   0.01560   0.01376   0.00560   0.03505   0.16443   0.06353   0.05213   0.17008   0.20492   0.02444   0.04219   0.02361   0.14641   0.10894   0.15709   0.18037   0.40301   1.62068   0.04291   0.05384  
 38  7.8516   4901.164876  x:  0.11979   0.01146   0.06492   0.01877   0.01719   0.01554   0.01376   0.00559   0.03501   0.16565   0.06342   0.05405   0.17062   0.20738   0.02471   0.04157   0.02363   0.14842   0.10872   0.15759   0.17941   0.40256   1.62131   0.04289   0.05389  
 39  3.0168   4901.033259  x:  0.12352   0.01163   0.06534   0.01880   0.01693   0.01561   0.01372   0.00559   0.03496   0.16823   0.06339   0.05037   0.16824   0.21105   0.02436   0.04208   0.02369   0.15105   0.10279   0.16132   0.17628   0.40270   1.62488   0.04284   0.05379  
 40  4.4416   4899.010715  x:  0.15380   0.01282   0.06173   0.01906   0.01575   0.01399   0.01299   0.00507   0.03387   0.16139   0.06396   0.05626   0.15865   0.21421   0.02444   0.04032   0.02357   0.13418   0.11427   0.19161   0.14361   0.41153   1.67994   0.04327   0.05155  
 41 12.2409   4889.951871  x:  0.14698   0.01675   0.05735   0.01990   0.00772   0.00899   0.00967   0.00285   0.02877   0.14731   0.06664   0.05017   0.21378   0.18457   0.02287   0.03570   0.02422   0.15635   0.09901   0.18480   0.12574   0.44377   1.91815   0.04656   0.03873  
 42 55.8756   4885.346487  x:  0.13203   0.01867   0.05546   0.02035   0.00364   0.00675   0.00789   0.00184   0.02631   0.17067   0.06541   0.05106   0.19598   0.20431   0.02245   0.03257   0.02475   0.13783   0.10241   0.16987   0.16376   0.45763   2.03504   0.04775   0.03337  
 43 152.3686   4885.036186  x:  0.12883   0.01864   0.05540   0.02024   0.00349   0.00644   0.00783   0.00173   0.02638   0.15793   0.06627   0.05256   0.18622   0.20981   0.02262   0.03214   0.02478   0.14201   0.10140   0.16667   0.16695   0.45848   2.04308   0.04799   0.03281  
 44 35.4492   4884.994301  x:  0.12558   0.01871   0.05602   0.02023   0.00353   0.00642   0.00779   0.00172   0.02628   0.15947   0.06613   0.05280   0.18313   0.20917   0.02266   0.03205   0.02479   0.14164   0.10128   0.16342   0.16228   0.45862   2.04432   0.04815   0.03287  
 45  2.5872   4880.200574  x:  0.11396   0.02165   0.05440   0.02388   0.01261   0.00364   0.00536   0.00315   0.01623   0.16059   0.06572   0.05461   0.16855   0.22644   0.02314   0.02995   0.02449   0.13476   0.10168   0.15180   0.20733   0.47345   2.21462   0.04907   0.04182  
 46  1.4053   4876.578544  x:  0.10515   0.02438   0.05420   0.02708   0.00992   0.01348   0.00392   0.00537   0.00894   0.16014   0.06570   0.05543   0.16023   0.23057   0.02386   0.03025   0.02445   0.13621   0.10083   0.14300   0.22323   0.47981   2.36193   0.04926   0.04926  
 47  0.3567   4873.857962  x:  0.11246   0.02362   0.05422   0.02930   0.00937   0.01345   0.00591   0.00557   0.00000   0.16277   0.06531   0.05509   0.17026   0.22419   0.02504   0.03306   0.02427   0.13962   0.10165   0.15033   0.21600   0.48122   2.43156   0.04829   0.04778  
 48  0.1460   4872.503145  x:  0.12555   0.01922   0.05591   0.02987   0.00771   0.01245   0.00468   0.00559   0.00000   0.16684   0.06021   0.05405   0.18363   0.21205   0.02779   0.03442   0.02396   0.14428   0.10315   0.16344   0.19600   0.48223   2.56131   0.04652   0.04094  
 49  0.1599   4872.102107  x:  0.12549   0.01693   0.05476   0.02870   0.00734   0.01211   0.00674   0.00476   0.00000   0.16320   0.05876   0.05384   0.17802   0.21493   0.02889   0.03220   0.02387   0.14163   0.10245   0.16339   0.19355   0.48261   2.61553   0.04566   0.04027  
 50  0.0445   4872.013669  x:  0.12397   0.01778   0.05485   0.02695   0.00751   0.01192   0.00648   0.00410   0.00000   0.16228   0.05754   0.05372   0.17867   0.21826   0.02794   0.03362   0.02341   0.14187   0.10242   0.16187   0.19791   0.48609   2.63811   0.04576   0.04106  
 51  0.0193   4871.990190  x:  0.12366   0.01870   0.05448   0.02679   0.00711   0.01181   0.00635   0.00416   0.00000   0.16301   0.05901   0.05403   0.17959   0.21809   0.02805   0.03340   0.02307   0.14242   0.10233   0.16156   0.19924   0.48908   2.66008   0.04569   0.04165  
 52  0.0173   4871.983697  x:  0.12391   0.01885   0.05446   0.02660   0.00720   0.01170   0.00621   0.00417   0.00000   0.16332   0.05904   0.05414   0.17835   0.21807   0.02849   0.03325   0.02266   0.14208   0.10267   0.16181   0.19985   0.48992   2.66687   0.04569   0.04103  
 53  0.0044   4871.974557  x:  0.12406   0.01916   0.05458   0.02680   0.00734   0.01163   0.00618   0.00421   0.00000   0.16311   0.05885   0.05400   0.17865   0.21782   0.02837   0.03278   0.02141   0.14189   0.10234   0.16194   0.19947   0.49005   2.67154   0.04573   0.04157  
 54  0.0013   4871.970134  x:  0.12360   0.01965   0.05451   0.02688   0.00730   0.01167   0.00624   0.00426   0.00000   0.16301   0.05897   0.05405   0.17867   0.21814   0.02818   0.03340   0.02067   0.14209   0.10250   0.16148   0.19915   0.48966   2.66808   0.04573   0.04133  
 55  0.0025   4871.968857  x:  0.12377   0.01997   0.05449   0.02678   0.00724   0.01174   0.00627   0.00420   0.00000   0.16317   0.05893   0.05411   0.17885   0.21810   0.02827   0.03321   0.02045   0.14222   0.10272   0.16165   0.19908   0.48942   2.66373   0.04573   0.04126  
 56  0.0031   4871.968789  x:  0.12383   0.01998   0.05448   0.02679   0.00723   0.01175   0.00627   0.00420   0.00000   0.16313   0.05897   0.05410   0.17884   0.21799   0.02830   0.03322   0.02044   0.14215   0.10261   0.16171   0.19906   0.48951   2.66310   0.04573   0.04125  
 57  0.0006   4871.968784  x:  0.12381   0.01996   0.05449   0.02679   0.00723   0.01175   0.00626   0.00420   0.00000   0.16313   0.05896   0.05410   0.17882   0.21798   0.02830   0.03322   0.02044   0.14216   0.10262   0.16169   0.19906   0.48954   2.66287   0.04573   0.04126  
 58  0.0002   4871.968784  x:  0.12381   0.01996   0.05449   0.02679   0.00723   0.01175   0.00626   0.00419   0.00000   0.16314   0.05897   0.05410   0.17882   0.21799   0.02830   0.03322   0.02044   0.14216   0.10263   0.16169   0.19907   0.48954   2.66285   0.04572   0.04126  
 59  0.0000   4871.968784  x:  0.12381   0.01996   0.05449   0.02679   0.00723   0.01175   0.00626   0.00419   0.00000   0.16314   0.05896   0.05410   0.17882   0.21799   0.02830   0.03322   0.02044   0.14216   0.10262   0.16168   0.19907   0.48954   2.66284   0.04572   0.04126  
 60  0.0000   4871.968784  x:  0.12380   0.01996   0.05449   0.02679   0.00723   0.01175   0.00626   0.00419   0.00000   0.16314   0.05896   0.05410   0.17882   0.21799   0.02830   0.03322   0.02044   0.14216   0.10262   0.16169   0.19907   0.48954   2.66284   0.04572   0.04126  
 61  0.0000   4871.968784  x:  0.12380   0.01996   0.05449   0.02679   0.00723   0.01175   0.00626   0.00419   0.00000   0.16314   0.05896   0.05410   0.17882   0.21799   0.02830   0.03322   0.02044   0.14216   0.10262   0.16169   0.19907   0.48954   2.66284   0.04572   0.04126  
 62  0.0000   4871.968784  x:  0.12380   0.01996   0.05449   0.02679   0.00723   0.01175   0.00626   0.00419   0.00000   0.16314   0.05896   0.05410   0.17882   0.21799   0.02830   0.03322   0.02044   0.14216   0.10262   0.16169   0.19907   0.48954   2.66284   0.04572   0.04126  