

TREE # 1

  0  0.0000   3990.711462  x:  0.03816   0.03734   0.02377   0.04980   0.03992   0.01637   0.03719   0.00000   0.06601   0.05161   0.01503   0.06191   0.06676   0.05258   0.03749   0.01930   0.14190   0.05261   0.07092   0.12180   0.12386   0.19422   0.17344   0.21891  
  1 99.0000   3987.878234  x:  0.03809   0.03733   0.02376   0.04962   0.03978   0.01625   0.03699   0.00482   0.06603   0.05151   0.01509   0.06198   0.06671   0.05250   0.03740   0.01921   0.14200   0.05267   0.07099   0.12187   0.12395   0.19466   0.17315   0.21889  
  2 8854.2056   3902.964068  x:  0.02950   0.03570   0.02131   0.02649   0.02164   0.00000   0.01185   0.00481   0.06869   0.03772   0.02226   0.07157   0.06019   0.04158   0.02653   0.00649   0.15510   0.06015   0.07994   0.13062   0.13554   0.25194   0.13591   0.21653  
  3 1267.5926   3871.522048  x:  0.02564   0.03496   0.02021   0.01606   0.01348   0.00019   0.00053   0.00481   0.06989   0.03151   0.02549   0.07588   0.05725   0.03667   0.02164   0.00076   0.16100   0.06352   0.08398   0.13457   0.14077   0.27776   0.11912   0.21546  
  4 34392.8531   3862.422622  x:  0.02462   0.03475   0.01994   0.01296   0.01133   0.00023   0.00236   0.00481   0.07026   0.02970   0.02632   0.07711   0.05641   0.03528   0.02034   0.00000   0.16279   0.06447   0.08517   0.13576   0.14234   0.28543   0.11397   0.21514  
  5 5375.7841   3839.515219  x:  0.02247   0.03400   0.01968   0.00125   0.00817   0.00034   0.00460   0.00480   0.07201   0.02284   0.02807   0.08151   0.05337   0.03062   0.01741   0.01998   0.17084   0.06789   0.09006   0.14091   0.14910   0.31749   0.09074   0.21370  
  6 3767.9049   3821.138669  x:  0.02003   0.03341   0.01985   0.01846   0.01077   0.00047   0.00730   0.00479   0.07462   0.01451   0.02936   0.08739   0.04945   0.02525   0.01513   0.03958   0.18262   0.07170   0.09693   0.14851   0.15900   0.36398   0.05779   0.21150  
  7 3189.3841   3803.419124  x:  0.02680   0.03881   0.02330   0.01790   0.04130   0.00056   0.00924   0.00468   0.08117   0.03933   0.01996   0.09159   0.05144   0.04109   0.03976   0.04525   0.20592   0.06556   0.10640   0.16402   0.17830   0.44575   0.07459   0.20581  
  8 604.0902   3800.272501  x:  0.02717   0.03617   0.02026   0.02119   0.03550   0.00059   0.00979   0.00468   0.07710   0.03186   0.01198   0.08294   0.05855   0.03963   0.03162   0.05002   0.20997   0.05157   0.09976   0.16544   0.17952   0.46539   0.09000   0.20112  
  9 200.2268   3799.653668  x:  0.02750   0.03745   0.02206   0.02199   0.03407   0.00060   0.00995   0.00467   0.07548   0.03191   0.01869   0.07879   0.06179   0.04061   0.02999   0.05126   0.21017   0.04737   0.09501   0.16462   0.17824   0.47083   0.09246   0.19825  
 10 148.1534   3799.131910  x:  0.02750   0.03713   0.02358   0.02168   0.03312   0.00060   0.00986   0.00466   0.07369   0.03611   0.01624   0.07205   0.06330   0.04367   0.02980   0.05081   0.20834   0.04649   0.08564   0.16122   0.17339   0.47610   0.08898   0.19112  
 11 74.6902   3798.658817  x:  0.02870   0.03717   0.01950   0.02212   0.03383   0.00060   0.00999   0.00467   0.07326   0.03551   0.01722   0.07297   0.06198   0.04286   0.02958   0.05146   0.20466   0.05354   0.07867   0.15689   0.16724   0.48207   0.09200   0.17526  
 12 50.4675   3797.902527  x:  0.02919   0.04100   0.02705   0.02214   0.03503   0.00060   0.01004   0.00465   0.07411   0.03168   0.01527   0.07688   0.05888   0.03956   0.03017   0.05157   0.19704   0.05669   0.07483   0.15080   0.15884   0.48969   0.09555   0.14158  
 13 122.6826   3794.716279  x:  0.02774   0.04637   0.02154   0.02163   0.03709   0.00057   0.00997   0.00465   0.07596   0.03191   0.01501   0.08161   0.05522   0.03608   0.03312   0.05129   0.17599   0.04748   0.08064   0.13918   0.14378   0.50451   0.09552   0.02840  
 14 237.8318   3794.322046  x:  0.02773   0.04528   0.02226   0.02163   0.03719   0.00057   0.00996   0.00465   0.07581   0.03175   0.01512   0.08091   0.05585   0.03663   0.03256   0.05122   0.17529   0.04867   0.08145   0.13911   0.14378   0.50555   0.09579   0.01295  
 15 341.8383   3792.121938  x:  0.02838   0.04950   0.01984   0.01832   0.04767   0.00050   0.00934   0.00466   0.07339   0.03047   0.01522   0.08312   0.04896   0.02582   0.02868   0.04657   0.18728   0.04336   0.06906   0.14493   0.15157   0.51209   0.09251   0.00717  
 16  5.3624   3783.403697  x:  0.02308   0.05604   0.01562   0.01424   0.04782   0.00032   0.00728   0.00466   0.07373   0.01116   0.01468   0.09338   0.04793   0.04583   0.02907   0.03644   0.20061   0.04054   0.06135   0.15140   0.15947   0.55173   0.08664   0.00688  
 17 79.1455   3765.301426  x:  0.01783   0.05804   0.01792   0.01405   0.02237   0.00000   0.00382   0.00458   0.07687   0.02379   0.01410   0.11426   0.05039   0.05120   0.01093   0.02475   0.21702   0.04531   0.06549   0.16024   0.16995   0.63969   0.08461   0.01210  
 18 501.1351   3765.301426  x:  0.01783   0.05804   0.01792   0.01405   0.02237   0.00000   0.00382   0.00458   0.07687   0.02379   0.01410   0.11426   0.05039   0.05120   0.01093   0.02475   0.21702   0.04531   0.06549   0.16024   0.16995   0.63969   0.08461   0.01210  
 19 210.3494   3755.997396  x:  0.01784   0.05803   0.01793   0.01403   0.02237   0.00732   0.00388   0.00456   0.07687   0.02379   0.01411   0.11425   0.05040   0.05119   0.01095   0.02473   0.21702   0.04533   0.06550   0.16024   0.16996   0.63971   0.08459   0.01210  
 20 68126.1967   3751.502765  x:  0.01941   0.05499   0.01911   0.00931   0.01909   0.00733   0.00263   0.00063   0.07691   0.02247   0.01676   0.11258   0.05125   0.04792   0.01508   0.02067   0.21737   0.04817   0.06857   0.16098   0.17112   0.64286   0.08184   0.01292  
 21 504.9793   3747.183173  x:  0.02162   0.05039   0.02077   0.00265   0.01438   0.00735   0.00157   0.00252   0.07697   0.02062   0.02050   0.11005   0.05244   0.04299   0.02062   0.01452   0.21791   0.05236   0.07315   0.16210   0.17288   0.64765   0.07785   0.01413  
 22 2620.0029   3743.252552  x:  0.02434   0.04266   0.02269   0.00549   0.00953   0.00729   0.00824   0.00320   0.07708   0.01846   0.02528   0.10578   0.05386   0.03478   0.02631   0.00414   0.21885   0.05874   0.08059   0.16403   0.17585   0.65606   0.07249   0.01605  
 23 1036.6474   3741.275225  x:  0.02489   0.03780   0.02251   0.00809   0.01241   0.00732   0.00477   0.00355   0.07720   0.01884   0.02655   0.10290   0.05402   0.03014   0.02596   0.00063   0.21960   0.06203   0.08512   0.16539   0.17789   0.66245   0.07179   0.01715  
 24 463.3728   3739.505808  x:  0.02575   0.03068   0.02232   0.01052   0.01449   0.00734   0.00243   0.00390   0.07735   0.01928   0.02849   0.09849   0.05425   0.02360   0.02550   0.00399   0.22080   0.06700   0.09199   0.16748   0.18102   0.67242   0.07092   0.01883  
 25 969.2471   3737.438776  x:  0.02421   0.02431   0.02042   0.00577   0.01765   0.00730   0.00652   0.00314   0.07749   0.02220   0.02804   0.09199   0.05337   0.02151   0.01946   0.00370   0.22291   0.07077   0.10091   0.17067   0.18576   0.69022   0.07509   0.02096  
 26 387.9890   3733.543547  x:  0.02085   0.02405   0.02114   0.00780   0.00954   0.00733   0.00358   0.00308   0.07704   0.02382   0.02680   0.07874   0.05174   0.03192   0.01317   0.00312   0.22802   0.07348   0.11819   0.17727   0.19582   0.73576   0.08073   0.02512  
 27 411.3558   3730.046276  x:  0.02058   0.03300   0.02364   0.00728   0.01910   0.00730   0.00556   0.00343   0.07618   0.02058   0.02681   0.06862   0.05120   0.04117   0.01941   0.00452   0.23378   0.07016   0.13241   0.18322   0.20540   0.79438   0.07974   0.02903  
 28 575.5821   3723.545355  x:  0.02397   0.04284   0.01485   0.00604   0.01649   0.00730   0.00528   0.00294   0.07559   0.01780   0.02387   0.07777   0.05134   0.03008   0.01242   0.00452   0.24096   0.04871   0.13324   0.18619   0.21225   0.90705   0.07086   0.03152  
 29 421.9847   3717.980757  x:  0.02170   0.03870   0.02486   0.00696   0.01399   0.00730   0.00491   0.00320   0.07673   0.02464   0.02330   0.09549   0.05327   0.02217   0.02020   0.00435   0.24546   0.03632   0.11951   0.18462   0.21234   1.02245   0.08501   0.03146  
 30 754.9432   3711.403860  x:  0.02260   0.02550   0.02097   0.00730   0.01591   0.00729   0.00514   0.00338   0.07719   0.01839   0.02665   0.11739   0.05550   0.03338   0.02134   0.00433   0.24592   0.05241   0.08769   0.17670   0.20304   1.15961   0.08828   0.02795  
 31 756.7214   3710.175010  x:  0.02151   0.03193   0.02617   0.00672   0.01562   0.00729   0.00535   0.00319   0.07688   0.02371   0.02628   0.11342   0.05380   0.02986   0.01831   0.00420   0.24121   0.06138   0.07898   0.17236   0.19564   1.18716   0.08555   0.02513  
 32 218.1866   3709.393544  x:  0.02094   0.03414   0.02286   0.00688   0.01416   0.00729   0.00514   0.00322   0.07601   0.02081   0.02159   0.10390   0.05132   0.02546   0.02130   0.00397   0.23277   0.06349   0.07408   0.16761   0.18608   1.20425   0.08975   0.02109  
 33 135.7995   3709.076403  x:  0.02369   0.03219   0.02244   0.00699   0.01435   0.00729   0.00515   0.00325   0.07623   0.02246   0.02464   0.09914   0.05277   0.02684   0.02090   0.00406   0.22437   0.06014   0.07458   0.16426   0.17868   1.21181   0.08992   0.01820  
 34 74.9469   3708.998568  x:  0.02188   0.03136   0.02375   0.00685   0.01459   0.00729   0.00516   0.00321   0.07635   0.02115   0.02477   0.09911   0.05307   0.02706   0.02014   0.00412   0.22113   0.05926   0.07595   0.16325   0.17626   1.21370   0.08924   0.01762  
 35 50.4143   3708.957755  x:  0.02173   0.03188   0.02321   0.00688   0.01458   0.00729   0.00517   0.00322   0.07653   0.02183   0.02383   0.10119   0.05285   0.02725   0.02066   0.00414   0.21806   0.06008   0.07857   0.16261   0.17455   1.21478   0.08927   0.01791  
 36 22.2622   3708.953124  x:  0.02212   0.03217   0.02336   0.00687   0.01459   0.00729   0.00518   0.00322   0.07648   0.02149   0.02398   0.10151   0.05284   0.02714   0.02043   0.00413   0.21758   0.06027   0.07887   0.16258   0.17442   1.21491   0.08965   0.01811  
 37 11.3167   3708.950566  x:  0.02187   0.03230   0.02317   0.00689   0.01458   0.00729   0.00517   0.00322   0.07629   0.02151   0.02437   0.10151   0.05277   0.02708   0.02048   0.00413   0.21700   0.06027   0.07868   0.16269   0.17468   1.21500   0.08976   0.01875  
 38  2.6668   3708.946130  x:  0.02210   0.03210   0.02336   0.00687   0.01459   0.00729   0.00517   0.00322   0.07613   0.02155   0.02401   0.10139   0.05256   0.02718   0.02047   0.00414   0.21602   0.06017   0.07825   0.16294   0.17526   1.21519   0.08959   0.01970  
 39  5.4510   3708.924196  x:  0.02202   0.03240   0.02323   0.00687   0.01455   0.00729   0.00516   0.00321   0.07760   0.02147   0.02357   0.10116   0.05424   0.02704   0.02045   0.00414   0.21406   0.06046   0.07766   0.16389   0.17734   1.21626   0.08965   0.01898  
 40  2.2401   3708.816533  x:  0.02207   0.03226   0.02328   0.00684   0.01449   0.00729   0.00512   0.00320   0.07687   0.02144   0.02462   0.10127   0.05104   0.02702   0.02060   0.00413   0.21092   0.06059   0.07760   0.16604   0.18176   1.22135   0.08950   0.01420  
 41  7.0027   3707.252136  x:  0.02209   0.03172   0.02285   0.00635   0.01392   0.00729   0.00441   0.00296   0.06067   0.02167   0.02264   0.09225   0.05952   0.02693   0.01973   0.00401   0.21432   0.06173   0.08578   0.17034   0.18763   1.29606   0.08915   0.01355  
 42 15.5498   3704.662413  x:  0.02223   0.03090   0.02125   0.00567   0.01282   0.00730   0.00313   0.00256   0.07574   0.01957   0.02664   0.07447   0.05164   0.02739   0.01873   0.00379   0.22514   0.06117   0.09947   0.17425   0.19111   1.42659   0.08831   0.02478  
 43 263.4913   3704.659569  x:  0.02222   0.03090   0.02125   0.00567   0.01283   0.00730   0.00313   0.00256   0.07574   0.01956   0.02664   0.07445   0.05164   0.02740   0.01872   0.00379   0.22514   0.06115   0.09962   0.17252   0.19193   1.42685   0.08833   0.02478  
 44  1.1071   3703.619939  x:  0.02179   0.03107   0.02020   0.00510   0.01496   0.00728   0.00379   0.00238   0.07746   0.01950   0.02619   0.09059   0.05171   0.03054   0.01671   0.00430   0.22760   0.06111   0.09938   0.17248   0.19046   1.55643   0.09081   0.02697  
 45  0.3255   3703.359064  x:  0.02181   0.03130   0.02099   0.00611   0.01450   0.00727   0.00390   0.00254   0.07574   0.02024   0.02557   0.08550   0.05290   0.02936   0.01786   0.00472   0.22507   0.05992   0.09644   0.17144   0.18775   1.63827   0.09221   0.02695  
 46  0.0568   3703.346747  x:  0.02170   0.03132   0.02111   0.00574   0.01438   0.00726   0.00401   0.00246   0.07576   0.02000   0.02570   0.08530   0.05226   0.02891   0.01778   0.00469   0.22578   0.05955   0.09606   0.17192   0.18911   1.64851   0.09237   0.02689  
 47  0.0099   3703.345944  x:  0.02170   0.03135   0.02104   0.00577   0.01438   0.00726   0.00392   0.00246   0.07585   0.02001   0.02569   0.08559   0.05229   0.02885   0.01779   0.00468   0.22598   0.05942   0.09598   0.17204   0.18939   1.64978   0.09239   0.02670  
 48  0.0013   3703.345577  x:  0.02173   0.03140   0.02106   0.00573   0.01441   0.00725   0.00394   0.00248   0.07592   0.02006   0.02565   0.08560   0.05237   0.02884   0.01783   0.00469   0.22593   0.05928   0.09593   0.17203   0.18929   1.64972   0.09238   0.02629  
 49  0.0002   3703.344554  x:  0.02171   0.03137   0.02116   0.00576   0.01439   0.00719   0.00392   0.00252   0.07580   0.01997   0.02573   0.08559   0.05213   0.02884   0.01780   0.00469   0.22577   0.05936   0.09606   0.17195   0.18923   1.64873   0.09237   0.02564  
 50  0.0002   3703.340814  x:  0.02165   0.03123   0.02085   0.00568   0.01432   0.00697   0.00395   0.00253   0.07564   0.02007   0.02569   0.08536   0.05237   0.02890   0.01773   0.00470   0.22607   0.05977   0.09626   0.17210   0.18956   1.65066   0.09244   0.02543  
 51  0.0003   3703.334770  x:  0.02173   0.03131   0.02113   0.00574   0.01436   0.00660   0.00400   0.00251   0.07591   0.02002   0.02565   0.08567   0.05239   0.02896   0.01772   0.00474   0.22607   0.05950   0.09596   0.17216   0.18947   1.65232   0.09232   0.02650  
 52  0.0007   3703.334201  x:  0.02170   0.03138   0.02104   0.00574   0.01440   0.00658   0.00398   0.00249   0.07588   0.02002   0.02568   0.08556   0.05227   0.02887   0.01780   0.00472   0.22590   0.05937   0.09594   0.17200   0.18929   1.65029   0.09240   0.02661  
 53  0.0017   3703.334145  x:  0.02170   0.03136   0.02107   0.00574   0.01439   0.00657   0.00398   0.00248   0.07586   0.02003   0.02568   0.08556   0.05231   0.02884   0.01780   0.00470   0.22594   0.05939   0.09599   0.17201   0.18932   1.64958   0.09239   0.02656  
 54  0.0005   3703.334129  x:  0.02171   0.03136   0.02106   0.00575   0.01440   0.00657   0.00399   0.00247   0.07585   0.02002   0.02568   0.08557   0.05230   0.02886   0.01780   0.00469   0.22594   0.05939   0.09599   0.17203   0.18932   1.64987   0.09239   0.02650  
 55  0.0002   3703.334128  x:  0.02171   0.03136   0.02106   0.00575   0.01440   0.00657   0.00399   0.00247   0.07586   0.02003   0.02568   0.08557   0.05230   0.02885   0.01780   0.00469   0.22593   0.05939   0.09598   0.17202   0.18932   1.64995   0.09239   0.02650  
 56  0.0001   3703.334128  x:  0.02171   0.03136   0.02106   0.00575   0.01440   0.00657   0.00399   0.00247   0.07586   0.02002   0.02568   0.08557   0.05230   0.02885   0.01780   0.00469   0.22593   0.05939   0.09598   0.17202   0.18932   1.64993   0.09239   0.02650  
 57  0.0000   3703.334128  x:  0.02171   0.03136   0.02106   0.00575   0.01440   0.00657   0.00399   0.00247   0.07586   0.02003   0.02568   0.08557   0.05230   0.02885   0.01780   0.00468   0.22593   0.05939   0.09598   0.17202   0.18932   1.64993   0.09239   0.02651  
 58  0.0000   3703.334128  x:  0.02171   0.03136   0.02106   0.00575   0.01440   0.00657   0.00399   0.00247   0.07586   0.02003   0.02568   0.08557   0.05230   0.02885   0.01780   0.00468   0.22593   0.05939   0.09598   0.17202   0.18932   1.64993   0.09239   0.02651  
 59  0.0000   3703.334128  x:  0.02171   0.03136   0.02106   0.00575   0.01440   0.00657   0.00399   0.00247   0.07586   0.02003   0.02568   0.08557   0.05230   0.02885   0.01780   0.00468   0.22593   0.05939   0.09598   0.17202   0.18932   1.64993   0.09239   0.02651  
 60  0.0000   3703.334128  x:  0.02171   0.03136   0.02106   0.00575   0.01440   0.00657   0.00399   0.00247   0.07586   0.02003   0.02568   0.08557   0.05230   0.02885   0.01780   0.00468   0.22593   0.05939   0.09598   0.17202   0.18932   1.64993   0.09239   0.02651  
 61  0.0000   3703.334128  x:  0.02171   0.03136   0.02106   0.00575   0.01440   0.00657   0.00399   0.00247   0.07586   0.02003   0.02568   0.08557   0.05230   0.02885   0.01780   0.00468   0.22593   0.05939   0.09598   0.17202   0.18932   1.64993   0.09239   0.02651  