

TREE # 1

  0  0.0000   3941.725678  x:  0.04415   0.03778   0.04031   0.02284   0.03108   0.02762   0.01026   0.00302   0.05469   0.04320   0.02868   0.07711   0.06421   0.02274   0.02049   0.00000   0.15642   0.07556   0.08528   0.12901   0.17249   0.23093   0.18612   0.22262  
  1 99.0000   3910.975584  x:  0.03911   0.03516   0.03435   0.01324   0.02297   0.01709   0.00000   0.00059   0.05879   0.03761   0.02629   0.07865   0.06095   0.02644   0.02111   0.01140   0.16143   0.07498   0.08707   0.13227   0.17339   0.25494   0.17051   0.21829  
  2 1073.6733   3900.698419  x:  0.03722   0.03419   0.03211   0.00964   0.01995   0.01316   0.00036   0.00000   0.06032   0.03551   0.02539   0.07922   0.05972   0.02782   0.02134   0.01555   0.16331   0.07476   0.08774   0.13350   0.17372   0.26396   0.16463   0.21666  
  3 12532.2253   3881.398990  x:  0.03268   0.03187   0.02677   0.00108   0.01273   0.00377   0.00098   0.00141   0.06400   0.03048   0.02325   0.08060   0.05680   0.03110   0.02188   0.02535   0.16781   0.07422   0.08934   0.13644   0.17453   0.28557   0.15053   0.21275  
  4 147253.2054   3870.491129  x:  0.02938   0.03060   0.02318   0.00622   0.00887   0.00063   0.00126   0.00199   0.06653   0.02698   0.02184   0.08159   0.05475   0.03300   0.02203   0.02988   0.17113   0.07365   0.09049   0.13862   0.17515   0.30147   0.13969   0.20975  
  5 3578.2991   3850.676290  x:  0.02261   0.02805   0.01585   0.01289   0.00140   0.00489   0.00176   0.00310   0.07174   0.01981   0.01898   0.08365   0.05054   0.03685   0.02231   0.03907   0.17799   0.07243   0.09285   0.14314   0.17644   0.33437   0.11718   0.20350  
  6 14675.5848   3826.966047  x:  0.01212   0.02492   0.00567   0.02024   0.01300   0.00916   0.00236   0.00454   0.08002   0.00895   0.01519   0.08699   0.04407   0.04235   0.02242   0.05160   0.18922   0.07026   0.09666   0.15054   0.17862   0.38810   0.08000   0.19301  
  7 7839.0096   3810.677342  x:  0.01141   0.02837   0.02642   0.02246   0.01578   0.01050   0.00251   0.00488   0.08545   0.01667   0.01728   0.08968   0.04156   0.04315   0.02078   0.05149   0.19895   0.06735   0.10003   0.15701   0.18104   0.43355   0.05220   0.18257  
  8 1823.5192   3765.496276  x:  0.04634   0.04671   0.01758   0.01971   0.01724   0.01024   0.00160   0.00363   0.09402   0.03503   0.03960   0.09780   0.05016   0.02910   0.00794   0.00000   0.23609   0.05242   0.11370   0.18233   0.19433   0.59828   0.07613   0.13413  
  9 826.7144   3762.735113  x:  0.05026   0.04762   0.02086   0.02189   0.01896   0.01130   0.00183   0.00409   0.09202   0.03682   0.04202   0.09771   0.05302   0.02649   0.01446   0.00636   0.23991   0.05190   0.11452   0.18476   0.19599   0.61838   0.08615   0.12537  
 10 781.9894   3757.361362  x:  0.04413   0.04034   0.02940   0.02207   0.01980   0.01159   0.00174   0.00403   0.08249   0.03036   0.03805   0.09434   0.05664   0.02554   0.02924   0.00000   0.24098   0.05516   0.11193   0.18465   0.19669   0.64119   0.09758   0.10816  
 11 524.0293   3752.275755  x:  0.03355   0.03011   0.03886   0.02312   0.02111   0.01222   0.00181   0.00424   0.06391   0.02607   0.03043   0.08711   0.06114   0.02050   0.01682   0.00157   0.23715   0.06176   0.10453   0.18023   0.19586   0.66448   0.11124   0.07749  
 12 414.3405   3749.921344  x:  0.02905   0.03331   0.03662   0.02357   0.02161   0.01246   0.00182   0.00432   0.05742   0.03446   0.02946   0.08212   0.06392   0.03046   0.01671   0.00170   0.22871   0.06339   0.09674   0.17276   0.19333   0.67319   0.11408   0.04900  
 13 235.0217   3749.010005  x:  0.02935   0.03545   0.03525   0.02331   0.02135   0.01232   0.00180   0.00427   0.05939   0.03506   0.03009   0.08072   0.06470   0.02430   0.01868   0.00149   0.22255   0.06359   0.09288   0.16789   0.19155   0.67526   0.11258   0.03475  
 14 181.2413   3748.832852  x:  0.03174   0.03695   0.03684   0.02343   0.02139   0.01239   0.00181   0.00429   0.06164   0.03152   0.03008   0.08166   0.06518   0.02591   0.01786   0.00158   0.21573   0.06444   0.09107   0.16367   0.19011   0.67829   0.11349   0.03459  
 15 36.9579   3748.724886  x:  0.03054   0.03764   0.03629   0.02342   0.02143   0.01239   0.00180   0.00428   0.06120   0.03321   0.02952   0.08223   0.06503   0.02468   0.01826   0.00155   0.20878   0.06467   0.09040   0.15998   0.18876   0.68190   0.11410   0.03741  
 16 36.1943   3748.701350  x:  0.03157   0.03639   0.03622   0.02345   0.02148   0.01241   0.00180   0.00429   0.06079   0.03356   0.02944   0.08199   0.06379   0.02482   0.01839   0.00154   0.20672   0.06451   0.09253   0.16026   0.18845   0.68224   0.11399   0.03709  
 17  7.5918   3748.660555  x:  0.02983   0.03723   0.03655   0.02341   0.02142   0.01239   0.00180   0.00428   0.06098   0.03278   0.03110   0.08173   0.06365   0.02495   0.01813   0.00157   0.20493   0.06390   0.09512   0.16156   0.18784   0.68251   0.11439   0.03664  
 18  6.3190   3747.972282  x:  0.03008   0.03960   0.03598   0.02279   0.02117   0.01215   0.00171   0.00412   0.06392   0.03278   0.02249   0.07903   0.07269   0.02477   0.01820   0.00169   0.20053   0.06290   0.09763   0.17311   0.17815   0.68815   0.11311   0.03683  
 19  4.8976   3745.810807  x:  0.03403   0.03441   0.03220   0.02078   0.01984   0.01130   0.00142   0.00366   0.05775   0.03087   0.03322   0.08292   0.07990   0.02454   0.02017   0.00174   0.19646   0.06994   0.08971   0.19067   0.15818   0.70686   0.10484   0.03927  
 20 47.1762   3736.978894  x:  0.02247   0.03005   0.03099   0.01468   0.01733   0.00905   0.00042   0.00217   0.07647   0.02876   0.02871   0.09598   0.04349   0.02634   0.02212   0.00260   0.20250   0.06642   0.07392   0.20615   0.14490   0.77359   0.10545   0.04058  
 21 80.1505   3732.726112  x:  0.02339   0.03533   0.02843   0.01177   0.01565   0.00785   0.00000   0.00151   0.07213   0.02363   0.02644   0.09449   0.04328   0.02583   0.02401   0.00293   0.20596   0.06516   0.07874   0.20033   0.15509   0.79888   0.09833   0.04219  
 22 187.5502   3732.726112  x:  0.02339   0.03533   0.02843   0.01177   0.01565   0.00785   0.00000   0.00151   0.07213   0.02363   0.02644   0.09449   0.04328   0.02583   0.02401   0.00293   0.20596   0.06516   0.07874   0.20033   0.15509   0.79888   0.09833   0.04219  
 23 79.5770   3730.168640  x:  0.02339   0.03532   0.02840   0.01171   0.01565   0.00789   0.00334   0.00160   0.07213   0.02362   0.02644   0.09448   0.04330   0.02584   0.02399   0.00295   0.20597   0.06516   0.07876   0.20032   0.15512   0.79891   0.09829   0.04218  
 24 9012.7067   3729.244934  x:  0.02324   0.03510   0.02628   0.00827   0.01463   0.00718   0.00334   0.00653   0.07250   0.02285   0.02620   0.09398   0.04474   0.02637   0.02303   0.00425   0.20656   0.06508   0.08012   0.19943   0.15663   0.80075   0.09584   0.04218  
 25 348.2287   3727.784654  x:  0.02290   0.03472   0.02244   0.00352   0.01329   0.00658   0.00337   0.00479   0.07323   0.02146   0.02570   0.09300   0.04742   0.02735   0.02131   0.00510   0.20777   0.06483   0.08280   0.19762   0.15967   0.80452   0.09115   0.04222  
 26 399.2727   3725.924435  x:  0.02223   0.03400   0.01527   0.00683   0.01221   0.00638   0.00339   0.00409   0.07492   0.01888   0.02462   0.09078   0.05314   0.02937   0.01791   0.00614   0.21066   0.06415   0.08889   0.19341   0.16672   0.81351   0.08126   0.04252  
 27 495.3707   3724.385905  x:  0.02191   0.03394   0.02061   0.00620   0.01617   0.00960   0.00331   0.00466   0.07742   0.01944   0.02405   0.08796   0.05862   0.03094   0.01787   0.00279   0.21556   0.06270   0.09708   0.18694   0.17724   0.82880   0.07565   0.04317  
 28 239.5375   3722.907882  x:  0.02246   0.03327   0.02565   0.00679   0.01654   0.00525   0.00338   0.00378   0.07967   0.02133   0.02422   0.08537   0.06223   0.03137   0.01910   0.00733   0.22167   0.06132   0.10544   0.17932   0.18910   0.84856   0.07723   0.04394  
 29 384.6292   3721.252183  x:  0.02245   0.03130   0.02442   0.00714   0.01122   0.00962   0.00334   0.00376   0.08084   0.02242   0.02500   0.08345   0.06248   0.02992   0.01957   0.00773   0.22949   0.05939   0.11342   0.16975   0.20267   0.87706   0.08630   0.04476  
 30 409.1989   3719.955908  x:  0.02171   0.03006   0.02084   0.00686   0.01317   0.00633   0.00338   0.00430   0.08013   0.02140   0.02594   0.08336   0.05948   0.02826   0.01918   0.00269   0.23447   0.05811   0.11619   0.16351   0.21006   0.89998   0.09199   0.04499  
 31 426.8098   3718.543232  x:  0.02170   0.03024   0.01819   0.00612   0.02006   0.00880   0.00328   0.00416   0.07647   0.01820   0.02816   0.08570   0.05051   0.02695   0.01885   0.00661   0.23961   0.05813   0.11368   0.15669   0.21484   0.93809   0.09304   0.04480  
 32 318.9725   3715.525991  x:  0.02158   0.03309   0.02167   0.00658   0.01319   0.00724   0.00336   0.00421   0.06927   0.01921   0.03129   0.09142   0.03571   0.02872   0.01961   0.00504   0.24604   0.05914   0.10215   0.14789   0.21659   1.01772   0.08581   0.04448  
 33 510.5616   3710.616259  x:  0.02311   0.03171   0.01943   0.00637   0.01480   0.00753   0.00334   0.00417   0.06816   0.02769   0.03220   0.09905   0.05519   0.02998   0.02009   0.00482   0.24686   0.06415   0.07250   0.15069   0.20142   1.17436   0.08958   0.04633  
 34 410.3299   3708.140762  x:  0.02136   0.03218   0.02396   0.00672   0.01274   0.00684   0.00336   0.00406   0.07291   0.01610   0.02323   0.09692   0.05879   0.02726   0.01717   0.00496   0.24122   0.06422   0.07011   0.16136   0.18974   1.24768   0.09317   0.04730  
 35 461.6478   3706.023709  x:  0.02141   0.03603   0.02056   0.00634   0.01429   0.00721   0.00334   0.00414   0.07931   0.02162   0.01604   0.09012   0.05410   0.02821   0.02037   0.00533   0.22960   0.06240   0.08054   0.17859   0.17530   1.31867   0.09466   0.04818  
 36 428.3017   3705.238133  x:  0.02243   0.03650   0.02055   0.00638   0.01401   0.00713   0.00334   0.00415   0.08007   0.02088   0.02580   0.08654   0.05352   0.02773   0.01993   0.00497   0.22182   0.06221   0.08785   0.18717   0.16890   1.34786   0.09515   0.04863  
 37 288.3605   3705.114713  x:  0.02169   0.03246   0.02120   0.00640   0.01411   0.00714   0.00334   0.00411   0.07678   0.02152   0.02579   0.08647   0.05348   0.02860   0.01891   0.00511   0.21836   0.06207   0.08956   0.18823   0.16862   1.35207   0.09527   0.04854  
 38 47.6586   3705.088881  x:  0.02258   0.03281   0.02111   0.00641   0.01405   0.00712   0.00334   0.00412   0.07509   0.02112   0.02541   0.08691   0.05400   0.02847   0.01976   0.00503   0.21630   0.06156   0.08996   0.18809   0.16916   1.35301   0.09535   0.04864  
 39 20.7682   3705.077972  x:  0.02219   0.03358   0.02116   0.00641   0.01405   0.00712   0.00334   0.00412   0.07466   0.02136   0.02527   0.08727   0.05418   0.02801   0.01926   0.00510   0.21469   0.06138   0.08998   0.18774   0.16971   1.35342   0.09547   0.04869  
 40 15.9483   3705.070702  x:  0.02180   0.03365   0.02110   0.00641   0.01406   0.00712   0.00334   0.00412   0.07530   0.02120   0.02531   0.08749   0.05408   0.02838   0.01956   0.00511   0.21293   0.06169   0.08968   0.18717   0.17036   1.35371   0.09560   0.04868  
 41 10.2151   3705.068197  x:  0.02220   0.03352   0.02111   0.00641   0.01406   0.00712   0.00334   0.00412   0.07567   0.02125   0.02526   0.08744   0.05395   0.02827   0.01940   0.00508   0.21226   0.06188   0.08952   0.18689   0.17060   1.35382   0.09558   0.04865  
 42  8.9069   3705.066865  x:  0.02210   0.03343   0.02109   0.00641   0.01405   0.00712   0.00334   0.00412   0.07566   0.02127   0.02527   0.08695   0.05394   0.02797   0.01957   0.00509   0.21209   0.06187   0.08936   0.18668   0.17058   1.35390   0.09550   0.04862  
 43  1.4184   3705.063031  x:  0.02217   0.03366   0.02110   0.00641   0.01408   0.00712   0.00334   0.00411   0.07544   0.02123   0.02525   0.08590   0.05394   0.02837   0.01936   0.00509   0.21192   0.06181   0.08912   0.18619   0.17043   1.35418   0.09568   0.04856  
 44  2.9054   3704.856930  x:  0.02196   0.03374   0.02114   0.00636   0.01399   0.00700   0.00335   0.00380   0.07568   0.02088   0.02466   0.08700   0.05501   0.02807   0.01932   0.00489   0.21245   0.06370   0.09507   0.17443   0.16317   1.37042   0.09633   0.04947  
 45  1.6717   3704.273340  x:  0.02201   0.03126   0.02102   0.00620   0.01397   0.00682   0.00336   0.00294   0.07902   0.02043   0.02577   0.08760   0.05508   0.02875   0.01859   0.00525   0.21539   0.05181   0.09684   0.16900   0.16769   1.41535   0.09648   0.04797  
 46 27.8889   3703.197381  x:  0.02136   0.03192   0.02023   0.00588   0.01387   0.00631   0.00338   0.00139   0.07739   0.01952   0.02516   0.08422   0.05513   0.02818   0.01828   0.00435   0.22313   0.05899   0.10046   0.16997   0.18635   1.49881   0.09753   0.04856  
 47 146.4021   3703.190686  x:  0.02139   0.03182   0.02022   0.00586   0.01389   0.00630   0.00338   0.00139   0.07742   0.01951   0.02518   0.08411   0.05500   0.02824   0.01821   0.00436   0.22316   0.05883   0.10033   0.17000   0.18650   1.49935   0.09749   0.05052  
 48  6.8695   3702.794584  x:  0.02129   0.03211   0.02030   0.00619   0.01427   0.00644   0.00338   0.00316   0.07640   0.01956   0.02527   0.08387   0.05396   0.02797   0.01837   0.00407   0.22605   0.06073   0.09951   0.17101   0.19296   1.56891   0.09850   0.05143  
 49  0.1173   3702.595774  x:  0.02153   0.03233   0.02066   0.00630   0.01445   0.00691   0.00339   0.00274   0.07558   0.02031   0.02576   0.08633   0.05275   0.02822   0.01865   0.00479   0.22438   0.05946   0.09503   0.17174   0.18853   1.64151   0.09837   0.05120  
 50  0.0590   3702.585608  x:  0.02147   0.03234   0.02058   0.00629   0.01415   0.00666   0.00342   0.00254   0.07571   0.02000   0.02571   0.08556   0.05301   0.02820   0.01852   0.00459   0.22456   0.05972   0.09529   0.17104   0.18810   1.64981   0.09844   0.05133  
 51  0.0070   3702.584408  x:  0.02145   0.03231   0.02056   0.00627   0.01432   0.00670   0.00345   0.00246   0.07573   0.02000   0.02569   0.08554   0.05310   0.02817   0.01852   0.00465   0.22469   0.05983   0.09550   0.17114   0.18832   1.64913   0.09846   0.05140  
 52  0.0005   3702.581736  x:  0.02149   0.03232   0.02056   0.00629   0.01412   0.00669   0.00358   0.00243   0.07575   0.02023   0.02567   0.08579   0.05313   0.02826   0.01856   0.00461   0.22461   0.05982   0.09545   0.17148   0.18873   1.64492   0.09834   0.05142  
 53  0.0007   3702.577822  x:  0.02147   0.03235   0.02058   0.00630   0.01425   0.00664   0.00381   0.00249   0.07574   0.01997   0.02567   0.08561   0.05300   0.02819   0.01855   0.00461   0.22448   0.05971   0.09527   0.17112   0.18835   1.64702   0.09846   0.05134  
 54  0.0008   3702.577613  x:  0.02146   0.03232   0.02057   0.00629   0.01422   0.00664   0.00383   0.00249   0.07571   0.02003   0.02569   0.08558   0.05305   0.02819   0.01852   0.00463   0.22464   0.05978   0.09540   0.17115   0.18830   1.64881   0.09843   0.05139  
 55  0.0015   3702.577609  x:  0.02146   0.03232   0.02057   0.00628   0.01423   0.00664   0.00383   0.00250   0.07572   0.02003   0.02569   0.08559   0.05306   0.02819   0.01853   0.00463   0.22462   0.05978   0.09541   0.17116   0.18830   1.64886   0.09843   0.05139  
 56  0.0001   3702.577609  x:  0.02146   0.03232   0.02057   0.00628   0.01423   0.00664   0.00383   0.00250   0.07572   0.02003   0.02569   0.08559   0.05306   0.02819   0.01853   0.00463   0.22462   0.05978   0.09540   0.17116   0.18830   1.64886   0.09843   0.05139  
 57  0.0000   3702.577609  x:  0.02146   0.03232   0.02057   0.00628   0.01423   0.00664   0.00383   0.00250   0.07572   0.02003   0.02569   0.08559   0.05306   0.02819   0.01853   0.00463   0.22462   0.05978   0.09540   0.17116   0.18830   1.64886   0.09843   0.05139  
 58  0.0000   3702.577609  x:  0.02146   0.03232   0.02057   0.00628   0.01423   0.00664   0.00383   0.00250   0.07572   0.02003   0.02569   0.08559   0.05306   0.02819   0.01853   0.00463   0.22462   0.05978   0.09540   0.17116   0.18830   1.64886   0.09843   0.05139  
 59  0.0000   3702.577609  x:  0.02146   0.03232   0.02057   0.00628   0.01423   0.00664   0.00383   0.00250   0.07572   0.02003   0.02569   0.08559   0.05306   0.02819   0.01853   0.00463   0.22462   0.05978   0.09540   0.17116   0.18830   1.64886   0.09843   0.05139  
 60  0.0000   3702.577609  x:  0.02146   0.03232   0.02057   0.00628   0.01423   0.00664   0.00383   0.00250   0.07572   0.02003   0.02569   0.08559   0.05306   0.02819   0.01853   0.00463   0.22462   0.05978   0.09540   0.17116   0.18830   1.64886   0.09843   0.05139  
 61  0.0000   3702.577609  x:  0.02146   0.03232   0.02057   0.00628   0.01423   0.00664   0.00383   0.00250   0.07572   0.02003   0.02569   0.08559   0.05306   0.02819   0.01853   0.00463   0.22462   0.05978   0.09540   0.17116   0.18830   1.64886   0.09843   0.05139  
 62  0.0000   3702.577609  x:  0.02146   0.03232   0.02057   0.00628   0.01423   0.00664   0.00383   0.00250   0.07572   0.02003   0.02569   0.08559   0.05306   0.02819   0.01853   0.00463   0.22462   0.05978   0.09540   0.17116   0.18830   1.64886   0.09843   0.05139  
 63  0.0000   3702.577609  x:  0.02146   0.03232   0.02057   0.00628   0.01423   0.00664   0.00383   0.00250   0.07572   0.02003   0.02569   0.08559   0.05306   0.02819   0.01853   0.00463   0.22462   0.05978   0.09540   0.17116   0.18830   1.64886   0.09843   0.05139  
check convergence!
