

TREE # 1

  0  0.0000   4038.495755  x:  0.08926   0.01913   0.07443   0.04521   0.03676   0.05527   0.04219   0.01444   0.00366   0.03188   0.05429   0.02294   0.07868   0.03715   0.04658   0.03769   0.00000   0.07899   0.04408   0.05798   0.09834   0.13603   0.19452   0.19970   0.21291   0.20897  
  1 99.0000   3982.190238  x:  0.08659   0.02312   0.06780   0.03939   0.02687   0.04599   0.03187   0.00426   0.00000   0.04634   0.04817   0.02320   0.07988   0.03980   0.04211   0.03317   0.03953   0.09863   0.05142   0.05531   0.10485   0.13954   0.22069   0.18294   0.21201   0.20878  
  2 1930.0966   3963.885139  x:  0.08544   0.02473   0.06498   0.03692   0.02264   0.04202   0.02746   0.00000   0.00392   0.05237   0.04556   0.02328   0.08039   0.04092   0.04022   0.03124   0.05541   0.10689   0.05448   0.05416   0.10761   0.14104   0.23182   0.17576   0.21162   0.20870  
  3 42533.5827   3912.204585  x:  0.07956   0.03092   0.05104   0.02449   0.00136   0.02221   0.00561   0.03069   0.01941   0.07988   0.03233   0.02309   0.08288   0.04632   0.03098   0.02167   0.12022   0.14649   0.06848   0.04828   0.12140   0.14854   0.28734   0.13874   0.20964   0.20830  
  4 9839.2486   3891.675231  x:  0.07617   0.02881   0.04483   0.01939   0.02798   0.01300   0.00056   0.03566   0.02176   0.08646   0.02527   0.02152   0.08408   0.04832   0.02824   0.01854   0.12687   0.16207   0.07131   0.04489   0.12841   0.15280   0.31683   0.11390   0.20842   0.20808  
  5 1874.3561   3877.365107  x:  0.07244   0.02621   0.03819   0.01412   0.05068   0.00361   0.01458   0.04037   0.02405   0.09335   0.01766   0.01987   0.08542   0.05050   0.02554   0.01546   0.13293   0.17910   0.07413   0.04116   0.13620   0.15760   0.34969   0.08598   0.20703   0.20781  
  6 8540.5649   3856.202747  x:  0.06826   0.01912   0.03425   0.01756   0.05003   0.02588   0.01550   0.03821   0.02262   0.09590   0.01310   0.02018   0.08728   0.05289   0.02750   0.01819   0.11965   0.19661   0.07327   0.03699   0.14620   0.16468   0.39303   0.05079   0.20484   0.20720  
  7 1308.1919   3800.777172  x:  0.06095   0.00252   0.03070   0.01828   0.02337   0.00281   0.00774   0.02268   0.01292   0.09588   0.02920   0.02199   0.09362   0.05904   0.03533   0.02268   0.05090   0.24626   0.06398   0.02967   0.17763   0.18919   0.52692   0.04138   0.19684   0.20513  
  8 1027.9468   3761.192912  x:  0.05639   0.02112   0.02683   0.01612   0.01237   0.00346   0.00556   0.01312   0.00667   0.09739   0.03400   0.02342   0.09842   0.06366   0.03734   0.02140   0.00000   0.28790   0.05833   0.02512   0.20301   0.20892   0.63787   0.05458   0.19014   0.20348  
  9 4345.5163   3761.192912  x:  0.05639   0.02112   0.02683   0.01612   0.01237   0.00346   0.00556   0.01312   0.00667   0.09739   0.03400   0.02342   0.09842   0.06366   0.03734   0.02140   0.00000   0.28790   0.05833   0.02512   0.20301   0.20892   0.63787   0.05458   0.19014   0.20348  
 10 833.4138   3754.213712  x:  0.05718   0.02171   0.02752   0.01785   0.01030   0.01717   0.00689   0.00921   0.00335   0.09633   0.03185   0.02394   0.09810   0.06301   0.03641   0.02070   0.01548   0.28717   0.05890   0.02590   0.20265   0.20885   0.63959   0.06025   0.18984   0.20342  
 11 1508.4668   3750.930313  x:  0.05840   0.02188   0.02867   0.01950   0.00678   0.01741   0.00659   0.00297   0.00081   0.09442   0.02848   0.02436   0.09749   0.06184   0.03495   0.01963   0.01380   0.28577   0.05887   0.02712   0.20195   0.20864   0.64273   0.06632   0.18930   0.20334  
 12 475.9492   3750.248325  x:  0.05880   0.02195   0.02904   0.02001   0.00581   0.01762   0.00661   0.00138   0.00182   0.09376   0.02736   0.02449   0.09727   0.06143   0.03446   0.01928   0.01338   0.28527   0.05886   0.02753   0.20169   0.20856   0.64384   0.06819   0.18911   0.20331  
 13 1537.1401   3748.480180  x:  0.06075   0.02222   0.03067   0.02216   0.00314   0.01871   0.00753   0.00418   0.00281   0.09047   0.02210   0.02512   0.09617   0.05940   0.03217   0.01780   0.01126   0.28270   0.05885   0.02948   0.20036   0.20810   0.64955   0.07584   0.18813   0.20315  
 14 645.5515   3747.237199  x:  0.06272   0.02246   0.03201   0.02360   0.00808   0.01998   0.00784   0.00460   0.00309   0.08678   0.01748   0.02568   0.09487   0.05713   0.03006   0.01681   0.00935   0.27954   0.05891   0.03144   0.19866   0.20740   0.65656   0.08097   0.18694   0.20295  
 15 623.1626   3741.083251  x:  0.07248   0.02310   0.03446   0.01835   0.00638   0.02508   0.00363   0.00439   0.00291   0.06296   0.01472   0.02793   0.08517   0.04271   0.02406   0.02062   0.00660   0.25409   0.06051   0.04121   0.18415   0.20012   0.71322   0.07452   0.17730   0.20131  
 16 291.2710   3739.353436  x:  0.07561   0.02313   0.03486   0.01777   0.00619   0.02515   0.01108   0.00354   0.00260   0.05575   0.01697   0.02881   0.08167   0.03883   0.02368   0.02150   0.00604   0.24319   0.06120   0.04434   0.17795   0.19690   0.73850   0.07362   0.17290   0.20057  
 17 1118.8815   3732.178150  x:  0.08012   0.02197   0.03228   0.02729   0.00820   0.01632   0.00674   0.00505   0.00322   0.05412   0.03299   0.03144   0.07403   0.04266   0.03456   0.01914   0.01237   0.20288   0.06379   0.04885   0.15530   0.18424   0.84123   0.08544   0.15420   0.19746  
 18 628.0678   3724.677801  x:  0.07402   0.01958   0.02487   0.02236   0.00673   0.02012   0.00937   0.00427   0.00286   0.07651   0.01910   0.02679   0.07683   0.05644   0.03198   0.01405   0.00990   0.17090   0.06210   0.04275   0.13788   0.17235   0.95671   0.08336   0.13166   0.19374  
 19 603.6506   3720.375255  x:  0.06458   0.02784   0.04293   0.01799   0.00710   0.02041   0.00988   0.00449   0.00296   0.08682   0.01920   0.02328   0.08712   0.05852   0.02718   0.02906   0.00941   0.17468   0.05858   0.03330   0.14148   0.17078   1.04514   0.08801   0.11190   0.19052  
 20 395.3485   3714.412200  x:  0.05396   0.02011   0.04672   0.02210   0.00712   0.01899   0.00913   0.00467   0.00299   0.08712   0.02354   0.01578   0.09936   0.05034   0.02092   0.01616   0.01090   0.20266   0.06166   0.02268   0.16125   0.17667   1.15923   0.08778   0.08317   0.18593  
 21 479.2376   3710.530958  x:  0.05364   0.01848   0.03629   0.02053   0.00674   0.01831   0.00979   0.00456   0.00295   0.08484   0.01610   0.02390   0.10445   0.05044   0.03608   0.01810   0.01117   0.23100   0.06540   0.02236   0.18108   0.18580   1.24498   0.08847   0.05891   0.18211  
 22 613.2683   3709.189457  x:  0.05925   0.02532   0.02864   0.01969   0.00687   0.02093   0.00958   0.00464   0.00297   0.08644   0.01998   0.02644   0.10159   0.05635   0.03228   0.01727   0.00877   0.24294   0.06241   0.02798   0.18867   0.19150   1.27401   0.08942   0.04812   0.18045  
 23 283.7846   3708.772933  x:  0.06220   0.02215   0.02919   0.02270   0.00670   0.01946   0.00987   0.00456   0.00293   0.08757   0.01886   0.02630   0.09631   0.05999   0.03026   0.01919   0.01026   0.24758   0.05779   0.03092   0.19022   0.19440   1.28243   0.08761   0.04213   0.17956  
 24 108.5374   3708.627735  x:  0.06239   0.02133   0.03049   0.01994   0.00679   0.01895   0.00988   0.00459   0.00295   0.08804   0.01886   0.02576   0.09230   0.06062   0.03116   0.01781   0.01084   0.24958   0.05531   0.03111   0.18963   0.19582   1.28471   0.08829   0.03754   0.17889  
 25 58.4565   3708.489373  x:  0.06050   0.02331   0.03033   0.02137   0.00669   0.01960   0.00989   0.00456   0.00293   0.08859   0.01841   0.02534   0.08741   0.05952   0.03209   0.01751   0.01028   0.25169   0.05473   0.02923   0.18703   0.19733   1.28584   0.08784   0.02845   0.17755  
 26 43.1812   3708.362791  x:  0.05957   0.02195   0.02928   0.02070   0.00680   0.01953   0.00986   0.00461   0.00296   0.08925   0.01895   0.02674   0.08600   0.05889   0.03045   0.01884   0.01022   0.25313   0.05657   0.02829   0.18407   0.19866   1.28598   0.08877   0.01684   0.17578  
 27 53.9419   3708.273485  x:  0.06057   0.02267   0.03022   0.02077   0.00676   0.01878   0.00994   0.00458   0.00294   0.08941   0.01845   0.02674   0.08782   0.05900   0.03059   0.01800   0.01084   0.25352   0.05741   0.02930   0.18230   0.19937   1.28565   0.08813   0.00704   0.17414  
 28 54.6434   3708.260468  x:  0.06069   0.02239   0.02991   0.02085   0.00677   0.01919   0.00991   0.00459   0.00295   0.08917   0.01864   0.02602   0.08846   0.05894   0.03096   0.01826   0.01053   0.25338   0.05672   0.02941   0.18229   0.19927   1.28553   0.08830   0.00533   0.17369  
 29 20.5976   3708.256357  x:  0.06045   0.02257   0.02953   0.02081   0.00678   0.01885   0.00991   0.00460   0.00295   0.08880   0.01853   0.02612   0.08866   0.05896   0.03079   0.01829   0.01082   0.25315   0.05608   0.02917   0.18263   0.19896   1.28548   0.08837   0.00477   0.17320  
 30  6.7998   3708.253474  x:  0.06031   0.02250   0.02969   0.02089   0.00677   0.01904   0.00989   0.00459   0.00295   0.08869   0.01861   0.02658   0.08859   0.05912   0.03079   0.01814   0.01067   0.25286   0.05587   0.02903   0.18322   0.19854   1.28545   0.08830   0.00444   0.17238  
 31  4.8768   3708.243378  x:  0.06037   0.02258   0.02978   0.02079   0.00677   0.01893   0.00991   0.00459   0.00295   0.08893   0.01855   0.02615   0.08770   0.05905   0.03073   0.01830   0.01073   0.25192   0.05657   0.02909   0.18549   0.19716   1.28547   0.08837   0.00372   0.16843  
 32  7.7127   3708.113216  x:  0.06135   0.02246   0.02951   0.02107   0.00677   0.01871   0.00982   0.00459   0.00294   0.09196   0.01888   0.02762   0.08795   0.05448   0.03085   0.01825   0.01082   0.25015   0.05501   0.03007   0.18648   0.19789   1.28894   0.08841   0.00677   0.10733  
 33  7.6462   3707.966770  x:  0.06095   0.02236   0.02977   0.02110   0.00673   0.01887   0.00972   0.00458   0.00293   0.09025   0.01892   0.02700   0.08808   0.05607   0.03088   0.01820   0.01056   0.24940   0.05575   0.02968   0.18606   0.19865   1.29246   0.08852   0.01008   0.04695  
 34 192.7628   3707.949027  x:  0.06151   0.02232   0.02965   0.02112   0.00673   0.01886   0.00971   0.00458   0.00293   0.09034   0.01893   0.02710   0.08806   0.05596   0.03091   0.01815   0.01054   0.25175   0.05555   0.03023   0.18436   0.19436   1.29335   0.08860   0.01046   0.04431  
 35  2.2373   3704.350641  x:  0.06343   0.02020   0.03192   0.02306   0.00598   0.01624   0.00554   0.00396   0.00240   0.06858   0.02175   0.02344   0.08947   0.05422   0.02991   0.01614   0.00763   0.22577   0.06035   0.03222   0.17656   0.18569   1.48594   0.09326   0.02527   0.06759  
 36  0.8693   3703.491050  x:  0.06461   0.02162   0.03176   0.02141   0.00596   0.01566   0.00623   0.00368   0.00224   0.07683   0.02002   0.02670   0.08425   0.04852   0.02746   0.01795   0.00489   0.22503   0.06024   0.03342   0.16915   0.19034   1.58772   0.09350   0.02153   0.06499  
 37  0.0926   3703.305068  x:  0.06403   0.02199   0.03162   0.02087   0.00632   0.01334   0.00672   0.00389   0.00239   0.07613   0.01982   0.02591   0.08461   0.05237   0.02855   0.01809   0.00560   0.22617   0.05925   0.03285   0.17073   0.19007   1.63222   0.09255   0.01730   0.07754  
 38  0.0454   3703.278309  x:  0.06379   0.02191   0.03143   0.02083   0.00642   0.01391   0.00671   0.00395   0.00243   0.07582   0.01984   0.02568   0.08525   0.05291   0.02891   0.01794   0.00469   0.22587   0.05929   0.03261   0.17178   0.18953   1.64302   0.09242   0.01736   0.07678  
 39  0.0210   3703.272496  x:  0.06361   0.02171   0.03129   0.02095   0.00655   0.01361   0.00659   0.00402   0.00247   0.07591   0.02006   0.02572   0.08563   0.05225   0.02896   0.01778   0.00474   0.22576   0.05938   0.03244   0.17200   0.18923   1.64743   0.09236   0.01545   0.08195  
 40  0.0075   3703.271827  x:  0.06355   0.02169   0.03138   0.02096   0.00663   0.01358   0.00660   0.00402   0.00248   0.07586   0.02003   0.02567   0.08557   0.05232   0.02880   0.01780   0.00471   0.22601   0.05943   0.03238   0.17191   0.18932   1.64572   0.09232   0.01446   0.08520  
 41  0.0027   3703.271660  x:  0.06358   0.02172   0.03141   0.02095   0.00667   0.01354   0.00661   0.00401   0.00247   0.07587   0.02002   0.02566   0.08558   0.05229   0.02884   0.01781   0.00470   0.22588   0.05939   0.03240   0.17211   0.18932   1.64408   0.09229   0.01430   0.08600  
 42  0.0013   3703.271624  x:  0.06359   0.02171   0.03138   0.02095   0.00667   0.01351   0.00660   0.00401   0.00247   0.07586   0.02002   0.02568   0.08557   0.05230   0.02886   0.01780   0.00468   0.22594   0.05940   0.03242   0.17201   0.18932   1.64363   0.09228   0.01429   0.08613  
 43  0.0004   3703.271621  x:  0.06358   0.02171   0.03137   0.02095   0.00667   0.01351   0.00660   0.00401   0.00247   0.07587   0.02002   0.02568   0.08558   0.05231   0.02885   0.01781   0.00468   0.22593   0.05940   0.03241   0.17202   0.18932   1.64355   0.09227   0.01431   0.08605  
 44  0.0001   3703.271621  x:  0.06358   0.02171   0.03138   0.02095   0.00667   0.01351   0.00660   0.00401   0.00247   0.07587   0.02002   0.02568   0.08558   0.05230   0.02886   0.01781   0.00468   0.22593   0.05940   0.03241   0.17202   0.18932   1.64352   0.09227   0.01431   0.08603  
 45  0.0000   3703.271621  x:  0.06358   0.02171   0.03138   0.02095   0.00667   0.01351   0.00660   0.00401   0.00247   0.07587   0.02002   0.02568   0.08558   0.05230   0.02886   0.01781   0.00468   0.22593   0.05940   0.03241   0.17202   0.18932   1.64352   0.09227   0.01431   0.08602  
 46  0.0000   3703.271621  x:  0.06358   0.02171   0.03138   0.02095   0.00667   0.01351   0.00660   0.00401   0.00247   0.07587   0.02002   0.02568   0.08558   0.05230   0.02886   0.01781   0.00468   0.22593   0.05940   0.03241   0.17202   0.18932   1.64352   0.09227   0.01431   0.08603  
 47  0.0000   3703.271621  x:  0.06358   0.02171   0.03138   0.02095   0.00667   0.01351   0.00660   0.00401   0.00247   0.07587   0.02002   0.02568   0.08558   0.05230   0.02886   0.01781   0.00468   0.22593   0.05940   0.03241   0.17202   0.18932   1.64352   0.09227   0.01431   0.08603  
 48  0.0000   3703.271621  x:  0.06358   0.02171   0.03138   0.02095   0.00667   0.01351   0.00660   0.00401   0.00247   0.07587   0.02002   0.02568   0.08558   0.05230   0.02886   0.01781   0.00468   0.22593   0.05940   0.03241   0.17202   0.18932   1.64352   0.09227   0.01431   0.08603  
check convergence!
