

TREE # 1

  0  0.0000   5692.088977  x:  0.00053   0.08828   0.04860   0.02388   0.02537   0.03890   0.01501   0.00000   0.08575   0.06976   0.01204   0.14094   0.12640   0.04942   0.06112   0.02123   0.12656   0.08184   0.15050   0.09330   0.20246   0.17412   0.23254   0.21213   0.23430  
  1 99.0000   5506.960798  x:  0.06337   0.08866   0.04091   0.00955   0.01497   0.02179   0.00000   0.08160   0.10239   0.06918   0.05269   0.14409   0.13341   0.03762   0.05148   0.03439   0.13043   0.08649   0.15831   0.10118   0.21134   0.26291   0.18729   0.20537   0.22523  
  2 3236.4856   5443.050298  x:  0.10488   0.08887   0.03570   0.00000   0.00811   0.01035   0.00743   0.13545   0.11353   0.06877   0.07960   0.14620   0.13809   0.02973   0.04499   0.04303   0.13301   0.08960   0.16355   0.10646   0.21730   0.32232   0.15678   0.20085   0.21912  
  3 113010.1812   5395.668282  x:  0.13946   0.08903   0.03134   0.00200   0.00245   0.00080   0.01356   0.18031   0.12283   0.06842   0.10202   0.14795   0.14200   0.02314   0.03958   0.05021   0.13516   0.09220   0.16793   0.11087   0.22228   0.37191   0.13125   0.19706   0.21401  
  4 236842.6295   5304.431483  x:  0.19723   0.08513   0.01576   0.00499   0.04811   0.08773   0.02348   0.25474   0.14450   0.06570   0.13953   0.15184   0.15112   0.01158   0.02591   0.05700   0.13989   0.09869   0.17982   0.12251   0.23647   0.49000   0.04594   0.18709   0.19763  
  5 6497.7465   5283.212628  x:  0.19296   0.08016   0.00964   0.00491   0.04457   0.08656   0.02311   0.24881   0.14795   0.06314   0.13531   0.15304   0.15244   0.02545   0.02726   0.05099   0.14066   0.10002   0.18384   0.12615   0.24202   0.50963   0.02705   0.18455   0.19035  
  6 1285.4075   5250.068988  x:  0.18644   0.07099   0.00000   0.00490   0.04049   0.08869   0.02276   0.23934   0.15490   0.05851   0.12835   0.15555   0.15512   0.03885   0.02709   0.04024   0.14238   0.10269   0.19189   0.13345   0.25305   0.54791   0.03267   0.17968   0.17630  
  7 1883.4039   5160.964811  x:  0.16163   0.03704   0.00504   0.00483   0.02525   0.09660   0.02145   0.20336   0.18069   0.04126   0.10216   0.16485   0.16511   0.08765   0.02626   0.00000   0.14872   0.11254   0.22184   0.16054   0.29413   0.69035   0.05116   0.16152   0.12370  
  8 17557.5172   5054.549967  x:  0.10563   0.01766   0.00428   0.00394   0.00574   0.08404   0.01677   0.11356   0.20161   0.03111   0.06237   0.17214   0.17965   0.03380   0.00285   0.01513   0.15182   0.11662   0.25763   0.18587   0.34337   0.86496   0.04083   0.13766   0.03065  
  9 1727.1152   5038.945716  x:  0.09455   0.01660   0.00418   0.00375   0.00626   0.07950   0.01585   0.09495   0.20544   0.03042   0.05587   0.17353   0.18316   0.02192   0.01217   0.01840   0.15228   0.11709   0.26473   0.19069   0.35326   0.90121   0.03919   0.13273   0.01273  
 10 6669.3420   5008.308070  x:  0.07095   0.02524   0.00403   0.00326   0.01952   0.06306   0.01377   0.05309   0.21126   0.03485   0.04744   0.17636   0.19196   0.00354   0.01579   0.02343   0.15254   0.11681   0.27850   0.19942   0.37311   0.97620   0.03658   0.12246   0.02353  
 11 1991.4423   4977.457907  x:  0.04503   0.05455   0.00508   0.00286   0.03237   0.05034   0.01187   0.00000   0.21008   0.05377   0.04948   0.17727   0.20416   0.01304   0.01530   0.06519   0.14992   0.11117   0.29077   0.20264   0.39179   1.06480   0.04144   0.10956   0.02392  
 12 2078.7009   4963.402401  x:  0.00000   0.05973   0.00544   0.00279   0.02289   0.05310   0.01123   0.00624   0.19751   0.07583   0.04348   0.17516   0.21022   0.01368   0.02097   0.08451   0.14526   0.10285   0.29318   0.19812   0.39967   1.10596   0.04327   0.09737   0.03216  
 13 554.8533   4956.247971  x:  0.00000   0.06190   0.00555   0.00272   0.01104   0.05660   0.01053   0.00257   0.15517   0.06452   0.06468   0.16704   0.21472   0.01239   0.02544   0.09072   0.13855   0.09063   0.28138   0.17618   0.39555   1.15076   0.04518   0.06449   0.03866  
 14 260.8958   4952.711553  x:  0.00000   0.06414   0.00565   0.00257   0.02142   0.04911   0.01004   0.00752   0.12954   0.06006   0.07133   0.16102   0.21596   0.01440   0.02252   0.09303   0.13514   0.08491   0.27282   0.16099   0.39179   1.17721   0.04678   0.04145   0.03506  
 15 591.0933   4951.148778  x:  0.00000   0.07575   0.00554   0.00251   0.01907   0.04876   0.00971   0.00741   0.13247   0.06501   0.07160   0.15296   0.21162   0.01356   0.02150   0.08699   0.13874   0.09474   0.25870   0.14512   0.37794   1.19227   0.04734   0.02698   0.03307  
 16 104.6424   4950.377310  x:  0.00000   0.07884   0.00555   0.00246   0.01913   0.04767   0.00948   0.00835   0.13620   0.06085   0.06827   0.14697   0.20715   0.01396   0.02168   0.08723   0.13789   0.09290   0.24476   0.13366   0.36158   1.20729   0.04826   0.03609   0.03356  
 17 78.9762   4950.029631  x:  0.00000   0.07293   0.00562   0.00243   0.02025   0.04652   0.00933   0.00668   0.13952   0.06344   0.06955   0.14924   0.20385   0.01416   0.02208   0.08920   0.13657   0.08968   0.23694   0.13867   0.34333   1.21416   0.04872   0.03377   0.03434  
 18 39.6130   4949.866761  x:  0.00000   0.07667   0.00562   0.00241   0.01973   0.04645   0.00925   0.00779   0.13751   0.06189   0.06960   0.15187   0.20347   0.01420   0.02206   0.08958   0.13749   0.09160   0.23590   0.14657   0.33237   1.21846   0.04890   0.03460   0.03424  
 19 32.6003   4949.796655  x:  0.00000   0.07603   0.00559   0.00240   0.01994   0.04612   0.00921   0.00718   0.13616   0.06431   0.07106   0.14838   0.20714   0.01402   0.02159   0.08763   0.13775   0.09196   0.23897   0.14691   0.32855   1.21949   0.04886   0.03647   0.03349  
 20  5.3326   4949.632062  x:  0.00000   0.07480   0.00562   0.00239   0.02014   0.04582   0.00917   0.00777   0.13922   0.06158   0.07066   0.14330   0.21387   0.01446   0.02202   0.08954   0.13792   0.09262   0.24635   0.14568   0.32288   1.22091   0.04904   0.03463   0.03438  
 21 15.5220   4948.610247  x:  0.00000   0.07933   0.00549   0.00233   0.02004   0.04430   0.00888   0.00810   0.14573   0.06246   0.07382   0.16126   0.21996   0.01433   0.02103   0.08295   0.13291   0.08659   0.26704   0.13078   0.31302   1.23153   0.04888   0.03443   0.03272  
 22 10.7298   4944.995334  x:  0.00000   0.06482   0.00550   0.00215   0.02274   0.03882   0.00814   0.00457   0.13460   0.06426   0.06596   0.18184   0.20538   0.01602   0.02414   0.08410   0.14369   0.11110   0.29619   0.11006   0.30413   1.26954   0.04902   0.04061   0.03823  
 23 36.4699   4927.897472  x:  0.00000   0.08276   0.00457   0.00146   0.02381   0.02091   0.00512   0.00000   0.13567   0.06388   0.04304   0.16162   0.14761   0.01885   0.02636   0.04657   0.14734   0.08901   0.33780   0.12506   0.32058   1.41030   0.04823   0.03334   0.04266  
 24 90.2292   4927.897472  x:  0.00000   0.08276   0.00457   0.00146   0.02381   0.02091   0.00512   0.00000   0.13567   0.06388   0.04304   0.16162   0.14761   0.01885   0.02636   0.04657   0.14734   0.08901   0.33780   0.12506   0.32058   1.41030   0.04823   0.03334   0.04266  
 25 266.4507   4917.729397  x:  0.00067   0.08219   0.01804   0.01631   0.02183   0.01783   0.00425   0.00377   0.13642   0.06408   0.04374   0.16181   0.14877   0.02028   0.02756   0.04602   0.14729   0.08940   0.33750   0.12564   0.32121   1.41088   0.04750   0.03333   0.04237  
 26 2167.5333   4910.094963  x:  0.00282   0.07932   0.02682   0.00997   0.01220   0.00441   0.00347   0.00234   0.13933   0.06310   0.04706   0.16273   0.15404   0.02554   0.03209   0.04297   0.14703   0.09116   0.33608   0.12825   0.32419   1.41356   0.04587   0.03290   0.04118  
 27 543.7233   4908.494173  x:  0.00428   0.07639   0.03087   0.00772   0.00841   0.00778   0.00686   0.00035   0.14215   0.06206   0.04994   0.16366   0.15908   0.02769   0.03421   0.03969   0.14676   0.09280   0.33463   0.13090   0.32730   1.41639   0.04665   0.03242   0.04010  
 28 372.2759   4908.076699  x:  0.00452   0.07580   0.03112   0.00761   0.00872   0.00798   0.00652   0.00000   0.14273   0.06187   0.05047   0.16385   0.16010   0.02786   0.03443   0.03900   0.14669   0.09312   0.33432   0.13145   0.32796   1.41701   0.04677   0.03231   0.03989  
 29 466.7369   4904.856567  x:  0.00890   0.06546   0.02547   0.01320   0.00799   0.00481   0.01009   0.00000   0.15333   0.06047   0.05755   0.16722   0.17816   0.02310   0.03173   0.02646   0.14538   0.09815   0.32739   0.14205   0.34136   1.43076   0.04268   0.03095   0.03681  
 30 526.2603   4904.243330  x:  0.01080   0.06433   0.02440   0.01405   0.00542   0.00488   0.00842   0.00000   0.15515   0.06173   0.05713   0.16785   0.18135   0.02138   0.02994   0.02544   0.14509   0.09869   0.32532   0.14454   0.34517   1.43530   0.04522   0.03135   0.03707  
 31 265.6770   4902.253638  x:  0.02095   0.06504   0.02717   0.01147   0.00754   0.00500   0.00912   0.00000   0.15992   0.07292   0.04777   0.16962   0.19129   0.01938   0.02411   0.02778   0.14357   0.09852   0.31367   0.15495   0.36440   1.46142   0.04374   0.03554   0.04139  
 32 238.8550   4900.588799  x:  0.02233   0.06670   0.02247   0.01366   0.00619   0.00614   0.00806   0.00000   0.16123   0.07939   0.03700   0.17091   0.19625   0.02630   0.02889   0.02767   0.14208   0.09659   0.30156   0.16321   0.38291   1.48980   0.04190   0.03968   0.04208  
 33 341.1902   4899.860067  x:  0.02023   0.06784   0.02195   0.01370   0.00780   0.00459   0.01048   0.00000   0.16043   0.08004   0.03397   0.17158   0.19682   0.02696   0.03045   0.02724   0.14152   0.09551   0.29568   0.16621   0.39151   1.50461   0.04533   0.04109   0.04119  
 34 397.0448   4896.746377  x:  0.00615   0.07379   0.02488   0.00942   0.00713   0.00541   0.00986   0.00000   0.15327   0.07594   0.03000   0.17433   0.19423   0.01956   0.03165   0.02634   0.13972   0.09098   0.27069   0.17542   0.42564   1.57007   0.04387   0.04476   0.03560  
 35 550.8858   4893.233639  x:  0.00642   0.08179   0.02120   0.00911   0.00678   0.00527   0.01132   0.00000   0.14193   0.06204   0.04429   0.17833   0.18646   0.01986   0.03358   0.04123   0.13988   0.08913   0.23945   0.18321   0.46698   1.66231   0.04383   0.04256   0.03775  
 36 537.5666   4891.649569  x:  0.00225   0.07650   0.02120   0.00854   0.00652   0.00527   0.01147   0.00000   0.14195   0.06331   0.04735   0.17578   0.17620   0.02775   0.02453   0.03848   0.14303   0.09316   0.23328   0.18100   0.47711   1.71206   0.04419   0.03305   0.04408  
 37 196.3559   4889.583338  x:  0.01020   0.06913   0.02183   0.00828   0.00671   0.00546   0.01117   0.00000   0.14619   0.06835   0.04739   0.16853   0.15953   0.02326   0.03060   0.03249   0.14821   0.09829   0.23500   0.17371   0.48168   1.78667   0.04453   0.02164   0.04250  
 38 267.1749   4886.457211  x:  0.01986   0.06408   0.02332   0.00974   0.00700   0.00549   0.01019   0.00000   0.15585   0.06805   0.05444   0.15619   0.14295   0.02377   0.03022   0.01922   0.15345   0.10191   0.25429   0.15642   0.47488   1.93324   0.04523   0.04639   0.04443  
 39 317.0891   4881.304018  x:  0.01634   0.06206   0.02594   0.01232   0.00684   0.00515   0.00863   0.00000   0.15654   0.06065   0.04686   0.15534   0.17100   0.02721   0.02437   0.03191   0.14529   0.08875   0.30793   0.13603   0.43875   2.16542   0.04650   0.04121   0.03458  
 40 281.0385   4880.017562  x:  0.01100   0.06422   0.02622   0.01286   0.00661   0.00502   0.00840   0.00000   0.15460   0.06278   0.04771   0.15870   0.18036   0.02336   0.03003   0.03261   0.14276   0.08854   0.32290   0.13393   0.42628   2.22692   0.04705   0.03930   0.04578  
 41 484.3626   4879.379993  x:  0.00992   0.07066   0.02522   0.01270   0.00652   0.00513   0.00856   0.00000   0.15031   0.06912   0.05057   0.16721   0.18202   0.02416   0.03007   0.03134   0.14267   0.09773   0.33030   0.14132   0.41461   2.25693   0.04730   0.03938   0.04248  
 42 112.6409   4879.075236  x:  0.01277   0.06759   0.02499   0.01150   0.00671   0.00519   0.00906   0.00000   0.14872   0.06386   0.04635   0.17254   0.17963   0.02399   0.02951   0.02953   0.14279   0.09891   0.33160   0.15242   0.40320   2.27128   0.04713   0.04037   0.04394  
 43 47.3540   4878.959286  x:  0.01249   0.06473   0.02441   0.01076   0.00684   0.00529   0.00939   0.00000   0.15063   0.06623   0.04850   0.17334   0.17880   0.02408   0.02981   0.03021   0.14270   0.09451   0.32895   0.15725   0.39577   2.27689   0.04731   0.04127   0.04328  
 44 29.3725   4878.895612  x:  0.01184   0.06599   0.02407   0.01036   0.00688   0.00533   0.00959   0.00000   0.15347   0.06568   0.04800   0.16966   0.18102   0.02390   0.03003   0.03104   0.14398   0.09617   0.32253   0.15805   0.38854   2.28019   0.04761   0.04142   0.04305  
 45 14.0435   4878.869276  x:  0.01304   0.06614   0.02426   0.01056   0.00687   0.00533   0.00946   0.00000   0.15119   0.06602   0.04794   0.16904   0.18203   0.02407   0.02979   0.02938   0.14271   0.09581   0.31800   0.15743   0.38506   2.28159   0.04780   0.04123   0.04305  
 46  8.7075   4878.850373  x:  0.01244   0.06514   0.02472   0.01099   0.00687   0.00529   0.00920   0.00000   0.15164   0.06609   0.04751   0.17101   0.18155   0.02386   0.03003   0.03052   0.14241   0.09650   0.31511   0.15731   0.38355   2.28249   0.04786   0.04160   0.04300  
 47  3.8104   4878.820794  x:  0.01248   0.06755   0.02520   0.01143   0.00686   0.00526   0.00889   0.00000   0.15341   0.06546   0.04755   0.17237   0.18078   0.02407   0.02981   0.02980   0.14330   0.09496   0.31350   0.15854   0.38294   2.28356   0.04791   0.04062   0.04324  
 48  3.7672   4878.314194  x:  0.01003   0.06546   0.02730   0.01305   0.00694   0.00518   0.00731   0.00000   0.14722   0.06582   0.05010   0.16135   0.18295   0.02417   0.03041   0.03228   0.15168   0.09450   0.31128   0.17469   0.38839   2.29776   0.04788   0.04056   0.04268  
 49  2.9004   4875.138091  x:  0.01259   0.06268   0.03070   0.01033   0.00826   0.00607   0.00386   0.00000   0.16038   0.06038   0.05529   0.15592   0.19201   0.02653   0.03185   0.02774   0.11970   0.10316   0.29660   0.19426   0.42285   2.37843   0.04826   0.03954   0.04090  
 50 23.3037   4872.975455  x:  0.01899   0.05497   0.03165   0.00650   0.00947   0.00689   0.00245   0.00000   0.16165   0.05805   0.05477   0.17418   0.21032   0.02781   0.03301   0.01904   0.13972   0.10218   0.28246   0.18741   0.44646   2.43484   0.04832   0.04226   0.03902  
 51 94.5682   4872.331791  x:  0.01994   0.05346   0.02976   0.00588   0.01066   0.00698   0.00532   0.00000   0.16315   0.05718   0.05525   0.17789   0.21772   0.02828   0.03374   0.01801   0.14190   0.10253   0.27902   0.18921   0.46057   2.48567   0.04829   0.04228   0.03800  
 52  0.1490   4871.902589  x:  0.01834   0.05536   0.02708   0.00881   0.01123   0.00703   0.00497   0.00000   0.16318   0.05826   0.05538   0.17902   0.22260   0.02797   0.03412   0.02088   0.14321   0.10244   0.28199   0.19386   0.47480   2.56838   0.04781   0.04034   0.03743  
 53  0.1229   4871.704685  x:  0.01862   0.05619   0.02706   0.00732   0.01154   0.00616   0.00445   0.00000   0.16341   0.05897   0.05527   0.17785   0.22472   0.02795   0.03439   0.02222   0.14068   0.10229   0.28585   0.19903   0.48322   2.64075   0.04686   0.04012   0.03729  
 54  0.0811   4871.679375  x:  0.01954   0.05510   0.02690   0.00722   0.01173   0.00626   0.00421   0.00000   0.16302   0.05865   0.05508   0.17760   0.22404   0.02776   0.03404   0.02033   0.14075   0.10215   0.28429   0.19882   0.48420   2.65673   0.04701   0.04034   0.03778  
 55  0.0161   4871.676333  x:  0.01942   0.05514   0.02706   0.00717   0.01176   0.00627   0.00417   0.00000   0.16300   0.05869   0.05493   0.17771   0.22287   0.02774   0.03392   0.02068   0.14137   0.10216   0.28360   0.19803   0.48414   2.65925   0.04709   0.04066   0.03776  
 56  0.0025   4871.676025  x:  0.01940   0.05523   0.02707   0.00721   0.01176   0.00625   0.00419   0.00000   0.16304   0.05871   0.05499   0.17770   0.22246   0.02778   0.03390   0.02057   0.14135   0.10220   0.28402   0.19785   0.48426   2.66025   0.04708   0.04063   0.03779  
 57  0.0010   4871.675996  x:  0.01938   0.05520   0.02704   0.00720   0.01177   0.00625   0.00419   0.00000   0.16306   0.05870   0.05500   0.17767   0.22239   0.02779   0.03391   0.02061   0.14130   0.10220   0.28401   0.19788   0.48434   2.66081   0.04708   0.04063   0.03780  
 58  0.0005   4871.675995  x:  0.01939   0.05521   0.02705   0.00720   0.01177   0.00625   0.00420   0.00000   0.16305   0.05870   0.05500   0.17766   0.22239   0.02779   0.03392   0.02060   0.14130   0.10219   0.28397   0.19789   0.48436   2.66089   0.04708   0.04062   0.03780  
 59  0.0001   4871.675995  x:  0.01939   0.05520   0.02705   0.00720   0.01177   0.00625   0.00420   0.00000   0.16305   0.05870   0.05500   0.17766   0.22239   0.02779   0.03392   0.02060   0.14131   0.10219   0.28397   0.19790   0.48436   2.66090   0.04708   0.04062   0.03780  
 60  0.0000   4871.675995  x:  0.01939   0.05520   0.02705   0.00720   0.01176   0.00626   0.00420   0.00000   0.16305   0.05870   0.05500   0.17766   0.22239   0.02779   0.03392   0.02060   0.14131   0.10219   0.28397   0.19790   0.48437   2.66090   0.04708   0.04062   0.03780  
 61  0.0000   4871.675995  x:  0.01939   0.05520   0.02705   0.00720   0.01176   0.00625   0.00420   0.00000   0.16305   0.05870   0.05500   0.17766   0.22239   0.02779   0.03392   0.02060   0.14131   0.10219   0.28397   0.19790   0.48437   2.66091   0.04708   0.04062   0.03780  
 62  0.0000   4871.675995  x:  0.01939   0.05520   0.02705   0.00720   0.01176   0.00626   0.00420   0.00000   0.16305   0.05870   0.05500   0.17766   0.22239   0.02779   0.03392   0.02060   0.14131   0.10219   0.28397   0.19790   0.48437   2.66091   0.04708   0.04062   0.03780  
 63  0.0000   4871.675995  x:  0.01939   0.05520   0.02705   0.00720   0.01176   0.00626   0.00420   0.00000   0.16305   0.05870   0.05500   0.17766   0.22239   0.02779   0.03392   0.02060   0.14131   0.10219   0.28397   0.19790   0.48437   2.66091   0.04708   0.04062   0.03780  
 64  0.0000   4871.675995  x:  0.01939   0.05520   0.02705   0.00720   0.01176   0.00626   0.00420   0.00000   0.16305   0.05870   0.05500   0.17766   0.22239   0.02779   0.03392   0.02060   0.14131   0.10219   0.28397   0.19790   0.48437   2.66091   0.04708   0.04062   0.03780  