

TREE # 1

  0  0.0000   5559.997587  x:  0.00000   0.08738   0.04797   0.02785   0.02377   0.01492   0.00828   0.00000   0.09848   0.09879   0.01480   0.13972   0.14790   0.02961   0.03706   0.04188   0.12758   0.08459   0.16972   0.12672   0.24373   0.19437   0.18352   0.22318   0.22078  
  1 99.0000   5386.923738  x:  0.03516   0.08730   0.04138   0.01522   0.01543   0.00547   0.00000   0.03858   0.10849   0.09402   0.03915   0.14248   0.15104   0.02525   0.03517   0.04155   0.13048   0.08783   0.17381   0.12796   0.24767   0.25894   0.12736   0.22272   0.22060  
  2 2646.3356   5309.030115  x:  0.05483   0.08726   0.03767   0.00815   0.01076   0.00020   0.00077   0.06016   0.11410   0.09135   0.05278   0.14402   0.15280   0.02280   0.03410   0.04135   0.13211   0.08965   0.17611   0.12866   0.24988   0.29515   0.09584   0.22247   0.22050  
  3 320037.4201   5238.640499  x:  0.07726   0.08714   0.03326   0.00000   0.00547   0.00667   0.00156   0.08466   0.12068   0.08817   0.06844   0.14583   0.15488   0.02002   0.03287   0.04099   0.13402   0.09180   0.17883   0.12950   0.25252   0.33754   0.05834   0.22216   0.22038  
  4 78252.7511   5207.756349  x:  0.09182   0.08707   0.03038   0.00044   0.00206   0.01074   0.00207   0.10056   0.12496   0.08611   0.07860   0.14700   0.15624   0.01821   0.03207   0.04076   0.13527   0.09320   0.18061   0.13005   0.25424   0.36509   0.03397   0.22196   0.22031  
  5 158961.8343   5197.751267  x:  0.09550   0.08657   0.02847   0.00048   0.01441   0.01173   0.00219   0.10403   0.12708   0.08484   0.08154   0.14767   0.15715   0.01843   0.03198   0.03984   0.13596   0.09400   0.18190   0.13075   0.25565   0.37764   0.02740   0.22184   0.22026  
  6 3570.2400   5161.329269  x:  0.10362   0.08074   0.01356   0.00081   0.02638   0.01657   0.00273   0.10606   0.14208   0.07469   0.09156   0.15306   0.16518   0.02564   0.03301   0.02920   0.14140   0.10020   0.19355   0.13824   0.26893   0.45954   0.06369   0.22075   0.22001  
  7 1599.9240   5095.020792  x:  0.07368   0.06732   0.00000   0.00068   0.02227   0.01355   0.00216   0.05843   0.15741   0.05924   0.07863   0.15850   0.17570   0.03721   0.03427   0.00574   0.14673   0.10681   0.21068   0.14976   0.28938   0.54997   0.05688   0.21892   0.21965  
  8 1550.1883   5079.385108  x:  0.06643   0.06403   0.00047   0.00065   0.02137   0.01285   0.00203   0.04682   0.16123   0.05542   0.07553   0.15986   0.17831   0.04005   0.03458   0.00000   0.14806   0.10845   0.21492   0.15262   0.29444   0.57250   0.05541   0.21847   0.21956  
  9 44054.1110   5042.286643  x:  0.04023   0.05622   0.00132   0.00054   0.01842   0.01038   0.00154   0.00000   0.17242   0.04764   0.06209   0.16442   0.18781   0.04265   0.03307   0.03249   0.15248   0.11393   0.23136   0.16281   0.31405   0.65368   0.05074   0.21663   0.21914  
 10 2698.7369   5024.166622  x:  0.00000   0.05115   0.00166   0.00050   0.01713   0.00934   0.00135   0.00873   0.17609   0.05361   0.04003   0.16672   0.19395   0.04226   0.03167   0.04788   0.15383   0.11506   0.24285   0.17014   0.32887   0.69440   0.04871   0.21513   0.21880  
 11 1033.2829   5024.166622  x:  0.00000   0.05115   0.00166   0.00050   0.01713   0.00934   0.00135   0.00873   0.17609   0.05361   0.04003   0.16672   0.19395   0.04226   0.03167   0.04788   0.15383   0.11506   0.24285   0.17014   0.32887   0.69440   0.04871   0.21513   0.21880  
 12 266.5534   5008.753298  x:  0.00089   0.05164   0.01169   0.01989   0.01680   0.00891   0.00483   0.00917   0.17599   0.05390   0.04032   0.16674   0.19402   0.04177   0.03162   0.04775   0.15378   0.11495   0.24295   0.17016   0.32904   0.69534   0.04638   0.21510   0.21879  
 13 6258.8591   5000.946842  x:  0.00502   0.05415   0.02006   0.01611   0.01385   0.00640   0.00430   0.00751   0.17542   0.05508   0.04224   0.16703   0.19443   0.03879   0.03132   0.04647   0.15349   0.11420   0.24364   0.17024   0.33016   0.70120   0.03423   0.21492   0.21870  
 14 819.0384   4993.240868  x:  0.01387   0.06167   0.03883   0.00795   0.00628   0.00467   0.00610   0.00000   0.17364   0.05871   0.04893   0.16856   0.19644   0.02868   0.03080   0.04034   0.15266   0.11154   0.24678   0.17125   0.33534   0.72313   0.04238   0.21422   0.21835  
 15 627.0849   4993.240868  x:  0.01387   0.06167   0.03883   0.00795   0.00628   0.00467   0.00610   0.00000   0.17364   0.05871   0.04893   0.16856   0.19644   0.02868   0.03080   0.04034   0.15266   0.11154   0.24678   0.17125   0.33534   0.72313   0.04238   0.21422   0.21835  
 16 786.4320   4990.019537  x:  0.01312   0.06190   0.03678   0.00852   0.01335   0.00832   0.00375   0.00112   0.17339   0.05902   0.04951   0.16877   0.19665   0.02813   0.03119   0.03853   0.15243   0.11104   0.24722   0.17130   0.33629   0.72772   0.03665   0.21407   0.21827  
 17 609.5985   4982.745937  x:  0.00835   0.06350   0.02094   0.00390   0.02321   0.00488   0.00845   0.00328   0.17148   0.06088   0.05398   0.17081   0.19888   0.02440   0.03426   0.02498   0.15095   0.10719   0.25151   0.17245   0.34487   0.76490   0.04230   0.21277   0.21767  
 18 389.0585   4975.782627  x:  0.00786   0.06560   0.00920   0.01276   0.01843   0.00477   0.00622   0.00344   0.16896   0.06271   0.05858   0.17312   0.20142   0.02126   0.03719   0.01306   0.14934   0.10290   0.25675   0.17373   0.35546   0.81183   0.04174   0.21106   0.21696  
 19 1157.2885   4960.414769  x:  0.01468   0.07034   0.01349   0.00696   0.00951   0.00844   0.00308   0.00788   0.16382   0.06674   0.06713   0.17756   0.20639   0.01716   0.04211   0.00000   0.14647   0.09536   0.26733   0.17614   0.37714   0.90853   0.03842   0.20750   0.21547  
 20 1783.4705   4941.283284  x:  0.02849   0.07847   0.01395   0.00392   0.00250   0.01084   0.00339   0.01241   0.15448   0.07317   0.08240   0.18562   0.21542   0.01113   0.05061   0.00993   0.14156   0.08256   0.28680   0.18052   0.41706   1.08675   0.03540   0.20091   0.21270  
 21 5959.7444   4926.262188  x:  0.04443   0.08451   0.03030   0.01640   0.01053   0.00772   0.00435   0.01186   0.14597   0.07748   0.09402   0.19250   0.22351   0.01258   0.05635   0.01221   0.13747   0.07279   0.30494   0.18449   0.45481   1.25627   0.04394   0.19453   0.21006  
 22 7310.3532   4919.943091  x:  0.04472   0.08154   0.03282   0.01572   0.01121   0.00206   0.00580   0.00284   0.14506   0.07467   0.09235   0.19268   0.22438   0.02058   0.05362   0.01171   0.13740   0.07534   0.30843   0.18480   0.46357   1.29971   0.03930   0.19278   0.20931  
 23 1374.6372   4917.733196  x:  0.04446   0.08044   0.03321   0.01542   0.01122   0.00283   0.00629   0.00000   0.14496   0.07368   0.09157   0.19262   0.22451   0.02279   0.05257   0.01166   0.13747   0.07636   0.30924   0.18484   0.46573   1.31066   0.03923   0.19233   0.20912  
 24 4175.3730   4914.638132  x:  0.04267   0.07684   0.03388   0.01392   0.01165   0.00282   0.00168   0.00000   0.14563   0.07137   0.08847   0.19199   0.22429   0.02455   0.04847   0.01236   0.13794   0.07967   0.31051   0.18473   0.46998   1.33375   0.04098   0.19133   0.20868  
 25 1899.3903   4906.885599  x:  0.03397   0.06122   0.04017   0.01455   0.01212   0.00288   0.00275   0.00000   0.15178   0.06466   0.07255   0.18777   0.22113   0.01238   0.02793   0.01326   0.14062   0.09339   0.31205   0.18326   0.48078   1.40217   0.04066   0.18811   0.20726  
 26 1309.5070   4903.233179  x:  0.02258   0.04879   0.04293   0.01731   0.01031   0.00240   0.00326   0.00000   0.16636   0.06786   0.05003   0.18012   0.21307   0.01566   0.03731   0.01523   0.14394   0.10078   0.30518   0.17940   0.47918   1.43160   0.04145   0.18583   0.20618  
 27 236.9656   4902.140075  x:  0.02804   0.05942   0.03967   0.01744   0.01019   0.00210   0.00349   0.00000   0.17623   0.06476   0.04245   0.17461   0.20628   0.01934   0.03165   0.01466   0.14603   0.10307   0.29361   0.17494   0.47009   1.44187   0.04245   0.18378   0.20511  
 28 95.8500   4901.069637  x:  0.02751   0.06021   0.04105   0.01738   0.01038   0.00222   0.00344   0.00000   0.18465   0.05858   0.05290   0.16829   0.19670   0.01715   0.03602   0.01472   0.14619   0.10399   0.26612   0.16648   0.44625   1.46238   0.04339   0.17872   0.20223  
 29 74.4466   4900.652534  x:  0.02597   0.05887   0.04148   0.01725   0.01032   0.00239   0.00337   0.00000   0.18295   0.06617   0.05381   0.16726   0.19437   0.01868   0.03222   0.01503   0.14473   0.09958   0.25345   0.16595   0.43133   1.47165   0.04387   0.17543   0.20030  
 30 80.5705   4900.331066  x:  0.02848   0.05834   0.04095   0.01673   0.01068   0.00239   0.00330   0.00000   0.17480   0.06454   0.04749   0.16846   0.19572   0.01699   0.03441   0.01478   0.14390   0.09799   0.24555   0.17168   0.41372   1.47959   0.04424   0.17088   0.19764  
 31 51.1117   4900.180422  x:  0.02619   0.05874   0.04121   0.01737   0.01026   0.00223   0.00340   0.00000   0.17323   0.06334   0.04945   0.17119   0.19881   0.01822   0.03333   0.01507   0.14467   0.10165   0.24493   0.17778   0.40170   1.48126   0.04442   0.16685   0.19519  
 32 31.9931   4900.100701  x:  0.02734   0.05888   0.04122   0.01700   0.01052   0.00236   0.00336   0.00000   0.17834   0.06484   0.04952   0.17092   0.20013   0.01760   0.03408   0.01489   0.14513   0.10157   0.24970   0.18114   0.39461   1.48463   0.04435   0.16125   0.19166  
 33 14.5638   4900.044759  x:  0.02684   0.05775   0.04138   0.01702   0.01046   0.00233   0.00334   0.00000   0.17948   0.06268   0.04978   0.17017   0.19966   0.01802   0.03318   0.01502   0.14427   0.09806   0.25357   0.18026   0.39087   1.48528   0.04438   0.15503   0.18754  
 34 14.4257   4899.821404  x:  0.02701   0.05822   0.04111   0.01695   0.01049   0.00231   0.00337   0.00000   0.17432   0.06409   0.05047   0.16789   0.19538   0.01805   0.03350   0.01494   0.14400   0.10090   0.26538   0.16891   0.38271   1.48828   0.04463   0.12556   0.16744  
 35 22.7498   4899.521114  x:  0.02645   0.05860   0.04140   0.01669   0.01061   0.00237   0.00334   0.00000   0.17654   0.06350   0.04863   0.17427   0.20177   0.01795   0.03363   0.01498   0.14679   0.09962   0.26048   0.16709   0.38815   1.49148   0.04444   0.08811   0.13716  
 36 20.2522   4899.344690  x:  0.02845   0.05697   0.04075   0.01653   0.01070   0.00233   0.00338   0.00000   0.17594   0.06370   0.05042   0.16860   0.19845   0.01839   0.03325   0.01481   0.14159   0.10129   0.25744   0.17537   0.39313   1.49303   0.04444   0.07465   0.11672  
 37 20.6049   4899.134634  x:  0.02293   0.06196   0.04256   0.01658   0.01057   0.00246   0.00332   0.00000   0.17397   0.06326   0.05028   0.16520   0.19440   0.01798   0.03385   0.01539   0.14511   0.09960   0.25739   0.18053   0.39593   1.49821   0.04423   0.07359   0.09173  
 38 19.8694   4898.623495  x:  0.02658   0.05827   0.04147   0.01608   0.01086   0.00245   0.00338   0.00000   0.17297   0.06321   0.05152   0.16662   0.19181   0.01869   0.03319   0.01496   0.15193   0.09890   0.25793   0.18188   0.39749   1.50684   0.04429   0.08150   0.04158  
 39 53.4775   4898.425683  x:  0.02511   0.06009   0.04204   0.01601   0.01085   0.00251   0.00337   0.00000   0.17403   0.06290   0.05013   0.16814   0.19515   0.01855   0.03353   0.01517   0.14444   0.10031   0.25827   0.17945   0.39751   1.51150   0.04426   0.08564   0.02691  
 40 29.1774   4891.951427  x:  0.02696   0.05724   0.04214   0.00927   0.01414   0.00333   0.00362   0.00000   0.16180   0.05949   0.05237   0.12447   0.25111   0.02315   0.03160   0.01520   0.14924   0.10308   0.26339   0.17246   0.41900   1.67194   0.04385   0.11302   0.04022  
 41  5.3871   4884.474412  x:  0.02817   0.05606   0.04327   0.00210   0.01774   0.00439   0.00380   0.00000   0.15855   0.05451   0.04998   0.15659   0.23234   0.02697   0.03071   0.01517   0.13650   0.10671   0.27272   0.18131   0.44240   1.83040   0.04312   0.13468   0.06459  
 42 180.1711   4878.373700  x:  0.02345   0.05414   0.04755   0.01067   0.01481   0.00555   0.00472   0.00000   0.15779   0.04957   0.04981   0.19520   0.20512   0.03286   0.02992   0.01648   0.12498   0.11407   0.28308   0.19224   0.47547   2.07349   0.04369   0.16181   0.10126  
 43  0.4441   4873.723336  x:  0.02764   0.04880   0.03662   0.00996   0.01484   0.00607   0.00510   0.00000   0.16525   0.06200   0.05659   0.19010   0.21082   0.03624   0.03129   0.01657   0.17044   0.10107   0.28295   0.19782   0.48423   2.36481   0.04375   0.14125   0.08416  
 44  0.2110   4870.942017  x:  0.02061   0.05836   0.02603   0.00855   0.01424   0.00642   0.00473   0.00000   0.16965   0.06205   0.05394   0.17486   0.22626   0.03483   0.03328   0.01826   0.14168   0.10090   0.28135   0.19334   0.48536   2.58771   0.04389   0.14400   0.11249  
 45  0.1579   4870.510747  x:  0.02055   0.05359   0.02573   0.00793   0.01364   0.00656   0.00424   0.00000   0.16108   0.05756   0.05369   0.17550   0.21667   0.03212   0.03214   0.01833   0.14095   0.10327   0.28678   0.20070   0.49284   2.65131   0.04432   0.14493   0.11323  
 46  0.0500   4870.360882  x:  0.02066   0.05420   0.02773   0.00758   0.01277   0.00662   0.00406   0.00000   0.16307   0.05908   0.05403   0.18023   0.21881   0.02850   0.03328   0.01822   0.14096   0.10277   0.28876   0.20167   0.49862   2.67925   0.04412   0.14167   0.11611  
 47  0.0168   4870.338669  x:  0.02183   0.05436   0.02659   0.00746   0.01243   0.00657   0.00417   0.00000   0.16373   0.05891   0.05419   0.18004   0.21948   0.02805   0.03343   0.01820   0.14203   0.10237   0.28779   0.20119   0.49864   2.68550   0.04396   0.14076   0.11560  
 48  0.0062   4870.326626  x:  0.02072   0.05450   0.02671   0.00741   0.01193   0.00648   0.00434   0.00000   0.16339   0.05891   0.05412   0.17914   0.21934   0.02817   0.03326   0.01864   0.14185   0.10261   0.28654   0.20023   0.49705   2.67777   0.04391   0.14134   0.11565  
 49  0.0036   4870.321374  x:  0.02121   0.05428   0.02687   0.00741   0.01175   0.00641   0.00436   0.00000   0.16323   0.05897   0.05410   0.17943   0.21870   0.02840   0.03324   0.01897   0.14158   0.10258   0.28731   0.20085   0.49680   2.67125   0.04401   0.14262   0.11541  
 50  0.0032   4870.315826  x:  0.02039   0.05435   0.02682   0.00731   0.01179   0.00634   0.00421   0.00000   0.16382   0.05875   0.05395   0.17980   0.21938   0.02855   0.03324   0.01988   0.14188   0.10248   0.28803   0.20114   0.49721   2.67452   0.04394   0.14227   0.11577  
 51  0.0012   4870.313843  x:  0.02025   0.05450   0.02676   0.00732   0.01187   0.00633   0.00423   0.00000   0.16311   0.05907   0.05408   0.17960   0.21924   0.02852   0.03329   0.02028   0.14165   0.10240   0.28735   0.20099   0.49718   2.67623   0.04395   0.14190   0.11597  
 52  0.0012   4870.313046  x:  0.02019   0.05439   0.02685   0.00736   0.01191   0.00633   0.00428   0.00000   0.16344   0.05890   0.05408   0.17946   0.21906   0.02839   0.03326   0.02048   0.14172   0.10245   0.28702   0.20095   0.49708   2.67641   0.04398   0.14169   0.11594  
 53  0.0004   4870.312886  x:  0.02012   0.05443   0.02681   0.00739   0.01191   0.00635   0.00429   0.00000   0.16338   0.05892   0.05403   0.17949   0.21923   0.02834   0.03327   0.02054   0.14173   0.10241   0.28743   0.20105   0.49707   2.67644   0.04397   0.14166   0.11601  
 54  0.0003   4870.312811  x:  0.02010   0.05440   0.02678   0.00740   0.01190   0.00638   0.00428   0.00000   0.16343   0.05896   0.05406   0.17946   0.21910   0.02835   0.03327   0.02056   0.14169   0.10245   0.28738   0.20107   0.49704   2.67554   0.04396   0.14187   0.11601  
 55  0.0003   4870.312777  x:  0.02010   0.05442   0.02680   0.00739   0.01189   0.00640   0.00428   0.00000   0.16338   0.05892   0.05406   0.17948   0.21915   0.02835   0.03328   0.02057   0.14173   0.10242   0.28731   0.20102   0.49703   2.67525   0.04397   0.14184   0.11598  
 56  0.0002   4870.312773  x:  0.02010   0.05442   0.02680   0.00738   0.01190   0.00640   0.00428   0.00000   0.16340   0.05893   0.05404   0.17947   0.21917   0.02835   0.03328   0.02057   0.14172   0.10242   0.28732   0.20102   0.49702   2.67543   0.04397   0.14181   0.11597  
 57  0.0001   4870.312772  x:  0.02010   0.05442   0.02680   0.00738   0.01190   0.00640   0.00428   0.00000   0.16340   0.05893   0.05405   0.17947   0.21916   0.02835   0.03327   0.02057   0.14172   0.10242   0.28733   0.20102   0.49701   2.67542   0.04397   0.14180   0.11595  
 58  0.0000   4870.312772  x:  0.02010   0.05442   0.02680   0.00738   0.01190   0.00640   0.00428   0.00000   0.16340   0.05893   0.05405   0.17947   0.21916   0.02835   0.03328   0.02057   0.14172   0.10242   0.28733   0.20103   0.49702   2.67543   0.04397   0.14180   0.11594  
 59  0.0000   4870.312772  x:  0.02010   0.05442   0.02680   0.00738   0.01190   0.00640   0.00428   0.00000   0.16340   0.05893   0.05405   0.17948   0.21916   0.02835   0.03327   0.02057   0.14172   0.10242   0.28732   0.20103   0.49702   2.67542   0.04397   0.14180   0.11589  
 60  0.0000   4870.312772  x:  0.02010   0.05442   0.02680   0.00738   0.01190   0.00640   0.00428   0.00000   0.16340   0.05893   0.05405   0.17947   0.21916   0.02835   0.03328   0.02057   0.14172   0.10242   0.28733   0.20103   0.49702   2.67542   0.04397   0.14180   0.11587  
 61  0.0000   4870.312772  x:  0.02010   0.05442   0.02680   0.00738   0.01190   0.00640   0.00428   0.00000   0.16340   0.05893   0.05405   0.17947   0.21916   0.02835   0.03328   0.02057   0.14172   0.10242   0.28733   0.20102   0.49702   2.67543   0.04397   0.14180   0.11587  
 62  0.0000   4870.312772  x:  0.02010   0.05442   0.02680   0.00738   0.01190   0.00640   0.00428   0.00000   0.16340   0.05893   0.05405   0.17947   0.21916   0.02835   0.03328   0.02057   0.14172   0.10242   0.28733   0.20102   0.49702   2.67543   0.04397   0.14181   0.11587  
 63  0.0000   4870.312772  x:  0.02010   0.05442   0.02680   0.00738   0.01190   0.00640   0.00428   0.00000   0.16340   0.05893   0.05405   0.17947   0.21916   0.02835   0.03328   0.02057   0.14172   0.10242   0.28733   0.20102   0.49702   2.67543   0.04397   0.14181   0.11587  