

TREE # 1

  0  0.0000   3954.183012  x:  0.03011   0.02727   0.03230   0.03612   0.01128   0.01988   0.02721   0.02644   0.01437   0.06389   0.04143   0.02202   0.06999   0.06441   0.04409   0.03429   0.00000   0.15836   0.07145   0.06237   0.12567   0.17220   0.23531   0.21874   0.22268  
  1 99.0000   3910.983482  x:  0.03117   0.02592   0.03160   0.02972   0.00467   0.01374   0.01407   0.01090   0.00000   0.06578   0.03456   0.02248   0.07351   0.06030   0.03834   0.02798   0.01651   0.16441   0.07122   0.06344   0.12989   0.17309   0.26484   0.19525   0.22141  
  2 1133.5127   3892.149322  x:  0.03185   0.02504   0.03119   0.02567   0.00080   0.00995   0.00573   0.00098   0.00134   0.06699   0.03021   0.02276   0.07575   0.05769   0.03470   0.02399   0.02643   0.16828   0.07104   0.06411   0.13258   0.17365   0.28371   0.18015   0.22059  
  3 10488.3791   3889.667316  x:  0.03193   0.02491   0.03116   0.02514   0.00182   0.00961   0.00479   0.00022   0.00144   0.06716   0.02962   0.02279   0.07606   0.05734   0.03422   0.02346   0.02751   0.16881   0.07099   0.06420   0.13296   0.17373   0.28635   0.17797   0.22048  
  4 6352.8997   3880.375196  x:  0.03231   0.02433   0.03103   0.02284   0.00429   0.00814   0.00086   0.00140   0.00190   0.06791   0.02708   0.02290   0.07738   0.05581   0.03215   0.02121   0.03218   0.17114   0.07081   0.06458   0.13459   0.17408   0.29777   0.16855   0.21998  
  5 12945.7406   3835.875434  x:  0.03472   0.02048   0.03065   0.00838   0.01463   0.00143   0.01156   0.00553   0.00449   0.07281   0.01079   0.02351   0.08592   0.04601   0.01910   0.00717   0.05932   0.18641   0.06931   0.06698   0.14537   0.17640   0.37283   0.10558   0.21668  
  6 8304.7198   3823.001665  x:  0.03570   0.01885   0.03100   0.00585   0.01699   0.01346   0.01396   0.00652   0.00529   0.07507   0.00590   0.02396   0.08952   0.04230   0.01536   0.00509   0.06898   0.19314   0.06846   0.06796   0.15014   0.17751   0.40592   0.07737   0.21517  
  7 7137.2787   3807.872519  x:  0.03662   0.01755   0.03227   0.01390   0.01863   0.01437   0.01553   0.00719   0.00573   0.07734   0.01354   0.02453   0.09267   0.04019   0.01753   0.01470   0.07383   0.19982   0.06712   0.06889   0.15491   0.17887   0.43830   0.05170   0.21354  
  8 2863.0442   3763.192605  x:  0.04543   0.01676   0.05649   0.00883   0.01535   0.01942   0.01519   0.00630   0.00361   0.09423   0.02133   0.02915   0.11130   0.06135   0.09483   0.01046   0.00000   0.26129   0.04489   0.07770   0.20052   0.20045   0.71711   0.09749   0.19500  
  9 655.4692   3762.174376  x:  0.04519   0.01793   0.05617   0.01162   0.01604   0.01996   0.01581   0.00657   0.00382   0.09405   0.02094   0.02900   0.11098   0.06249   0.09636   0.01032   0.00291   0.26255   0.04525   0.07745   0.20135   0.20099   0.72486   0.10132   0.19424  
 10 700.6464   3759.149269  x:  0.04223   0.02364   0.04943   0.02286   0.01623   0.01995   0.01616   0.00668   0.00380   0.09061   0.01601   0.02708   0.10687   0.06473   0.09144   0.00945   0.00000   0.26294   0.05015   0.07450   0.20085   0.20130   0.74276   0.10751   0.19161  
 11 532.2359   3759.149269  x:  0.04223   0.02364   0.04943   0.02286   0.01623   0.01995   0.01616   0.00668   0.00380   0.09061   0.01601   0.02708   0.10687   0.06473   0.09144   0.00945   0.00000   0.26294   0.05015   0.07450   0.20085   0.20130   0.74276   0.10751   0.19161  
 12 396.7955   3752.752429  x:  0.04116   0.02348   0.04610   0.02164   0.01080   0.01688   0.01072   0.00186   0.00086   0.08931   0.01783   0.02663   0.10549   0.06356   0.08593   0.01192   0.01786   0.26194   0.05217   0.07342   0.19972   0.20068   0.74514   0.10032   0.19103  
 13 958.7044   3749.817670  x:  0.04001   0.02284   0.04278   0.02067   0.00594   0.01438   0.00619   0.00271   0.00948   0.08794   0.01931   0.02599   0.10402   0.06228   0.07990   0.01369   0.02390   0.26082   0.05353   0.07227   0.19850   0.20003   0.74774   0.09292   0.19040  
 14 1126.4177   3742.703624  x:  0.03677   0.02022   0.03409   0.01916   0.00179   0.01110   0.00361   0.00814   0.00547   0.08398   0.02147   0.02406   0.09973   0.05852   0.06168   0.01615   0.02047   0.25746   0.05563   0.06903   0.19497   0.19825   0.75572   0.07338   0.18846  
 15 621.7428   3740.267451  x:  0.03504   0.01913   0.02950   0.01861   0.00624   0.01014   0.00364   0.00856   0.00525   0.08178   0.02261   0.02323   0.09734   0.05649   0.05134   0.01759   0.01996   0.25557   0.05692   0.06730   0.19299   0.19729   0.76035   0.06384   0.18731  
 16 1851.1980   3737.993261  x:  0.03338   0.01916   0.02593   0.01905   0.00468   0.01230   0.00893   0.00330   0.00631   0.07931   0.02309   0.02332   0.09456   0.05442   0.03866   0.01883   0.01854   0.25321   0.05833   0.06564   0.19063   0.19635   0.76664   0.06083   0.18570  
 17 570.1967   3736.331680  x:  0.03225   0.01988   0.02468   0.01989   0.00472   0.01353   0.00587   0.00129   0.00607   0.07730   0.02311   0.02404   0.09219   0.05291   0.02828   0.01980   0.01700   0.25100   0.05944   0.06451   0.18850   0.19564   0.77294   0.06386   0.18404  
 18 485.2310   3735.523664  x:  0.03153   0.02060   0.02419   0.02049   0.00491   0.01449   0.00581   0.00309   0.00590   0.07590   0.02313   0.02470   0.09052   0.05191   0.02151   0.02064   0.01762   0.24938   0.06034   0.06379   0.18695   0.19514   0.77769   0.06669   0.18278  
 19 1006.6797   3733.951574  x:  0.02981   0.02129   0.02776   0.01994   0.00514   0.00805   0.00733   0.00279   0.00574   0.07194   0.02362   0.02596   0.08526   0.04943   0.02042   0.02478   0.01669   0.24277   0.06267   0.06207   0.18101   0.19324   0.79782   0.06962   0.17738  
 20 175.5082   3730.195097  x:  0.02528   0.02180   0.03614   0.01771   0.00521   0.01468   0.00648   0.00311   0.00535   0.06172   0.02467   0.02770   0.07053   0.04303   0.02569   0.03348   0.01565   0.22196   0.06956   0.05755   0.16275   0.18730   0.86246   0.07180   0.15992  
 21 721.5272   3723.601289  x:  0.02817   0.01910   0.03060   0.02444   0.00525   0.01268   0.00667   0.00333   0.00569   0.06861   0.01973   0.01963   0.06791   0.04783   0.02945   0.01462   0.01719   0.19028   0.07509   0.06043   0.13970   0.17988   0.98249   0.07672   0.12591  
 22 439.9274   3718.625524  x:  0.03609   0.02351   0.02703   0.01563   0.00535   0.01380   0.00676   0.00324   0.00520   0.08286   0.02662   0.02470   0.08524   0.05935   0.02728   0.02307   0.01574   0.17617   0.06937   0.06836   0.13494   0.17729   1.09597   0.07842   0.09137  
 23 531.1443   3714.642718  x:  0.03820   0.01967   0.03660   0.02900   0.00502   0.01496   0.00636   0.00323   0.00547   0.08402   0.02025   0.02677   0.09969   0.05721   0.02433   0.02852   0.01701   0.18627   0.05774   0.07047   0.14871   0.17897   1.19885   0.07469   0.05699  
 24 470.4052   3709.600451  x:  0.03472   0.01724   0.03318   0.01856   0.00525   0.01469   0.00667   0.00330   0.00564   0.07636   0.01964   0.02206   0.10706   0.04677   0.02537   0.02161   0.01797   0.21223   0.04938   0.06698   0.17285   0.18356   1.31174   0.07924   0.01661  
 25 653.6240   3708.554693  x:  0.03287   0.02300   0.02863   0.02231   0.00518   0.01438   0.00651   0.00342   0.00543   0.07530   0.02271   0.02579   0.10405   0.04996   0.02758   0.02011   0.01717   0.22251   0.05425   0.06513   0.18003   0.18579   1.33945   0.07923   0.00962  
 26 268.5956   3707.795159  x:  0.03244   0.01862   0.02648   0.02140   0.00522   0.01436   0.00652   0.00345   0.00540   0.07773   0.02065   0.02798   0.09741   0.05642   0.02792   0.02119   0.01690   0.23321   0.05899   0.06470   0.18584   0.18890   1.36419   0.08009   0.01679  
 27 140.9131   3707.557740  x:  0.03321   0.02151   0.02900   0.02089   0.00519   0.01446   0.00651   0.00340   0.00540   0.07964   0.02226   0.02609   0.09419   0.05697   0.02714   0.01983   0.01689   0.23718   0.05833   0.06548   0.18705   0.19051   1.37278   0.07925   0.02186  
 28 93.5146   3707.527501  x:  0.03333   0.02209   0.02768   0.02152   0.00519   0.01441   0.00650   0.00343   0.00538   0.08001   0.02232   0.02563   0.09389   0.05590   0.02759   0.02054   0.01687   0.23788   0.05733   0.06560   0.18652   0.19101   1.37403   0.07956   0.02315  
 29 24.4809   3707.516145  x:  0.03334   0.02207   0.02736   0.02158   0.00519   0.01437   0.00649   0.00343   0.00539   0.07994   0.02252   0.02690   0.09411   0.05519   0.02773   0.02001   0.01693   0.23847   0.05661   0.06560   0.18555   0.19152   1.37459   0.07951   0.02387  
 30 12.4494   3707.510759  x:  0.03348   0.02232   0.02738   0.02145   0.00519   0.01437   0.00648   0.00343   0.00539   0.07955   0.02207   0.02683   0.09456   0.05536   0.02770   0.02005   0.01692   0.23947   0.05674   0.06574   0.18411   0.19224   1.37479   0.07943   0.02383  
 31  5.0982   3707.507640  x:  0.03351   0.02202   0.02745   0.02157   0.00519   0.01438   0.00649   0.00343   0.00539   0.07945   0.02247   0.02660   0.09476   0.05548   0.02768   0.02010   0.01690   0.24013   0.05683   0.06578   0.18321   0.19267   1.37488   0.07949   0.02370  
 32  9.7997   3707.502600  x:  0.03322   0.02194   0.02759   0.02147   0.00519   0.01439   0.00649   0.00343   0.00538   0.08053   0.02228   0.02667   0.09417   0.05544   0.02762   0.02020   0.01691   0.24077   0.05659   0.06548   0.18253   0.19274   1.37496   0.07948   0.02304  
 33  1.7050   3707.423729  x:  0.03681   0.02132   0.02723   0.02137   0.00519   0.01437   0.00644   0.00343   0.00526   0.08031   0.02209   0.02747   0.09085   0.05490   0.02752   0.02027   0.01667   0.24231   0.05609   0.06907   0.18167   0.19083   1.37863   0.07952   0.02120  
 34  1.3722   3706.435018  x:  0.03507   0.02204   0.02705   0.02127   0.00524   0.01406   0.00605   0.00353   0.00363   0.07477   0.02198   0.02638   0.08873   0.05952   0.02818   0.01905   0.01380   0.24818   0.05076   0.06732   0.17498   0.16797   1.42895   0.08290   0.02353  
 35 16.3368   3705.390202  x:  0.03457   0.02193   0.02940   0.02072   0.00529   0.01389   0.00561   0.00358   0.00180   0.07789   0.02128   0.02597   0.09140   0.04991   0.02849   0.01866   0.00976   0.24769   0.06171   0.06679   0.17299   0.16323   1.48127   0.08574   0.02627  
 36 106.7734   3704.704795  x:  0.03299   0.02162   0.02955   0.02044   0.00531   0.01369   0.00532   0.00363   0.00078   0.07551   0.02093   0.02561   0.08713   0.05181   0.02862   0.01814   0.00796   0.24134   0.05920   0.06520   0.17440   0.17542   1.51265   0.08725   0.02532  
 37 87.8314   3703.614712  x:  0.03036   0.02106   0.03144   0.02026   0.00560   0.01384   0.00616   0.00352   0.00221   0.07353   0.01961   0.02508   0.08202   0.05182   0.02936   0.01688   0.00663   0.22863   0.05815   0.06254   0.17612   0.19576   1.58440   0.09217   0.02489  
 38  0.1755   3703.381893  x:  0.03150   0.02159   0.03198   0.02133   0.00564   0.01426   0.00682   0.00356   0.00220   0.07530   0.01978   0.02563   0.08526   0.05164   0.02902   0.01798   0.00423   0.22582   0.05992   0.06367   0.17228   0.19132   1.62119   0.09317   0.02614  
 39  0.0408   3703.341838  x:  0.03218   0.02179   0.03127   0.02113   0.00572   0.01445   0.00659   0.00383   0.00234   0.07631   0.02015   0.02571   0.08617   0.05268   0.02883   0.01762   0.00480   0.22640   0.05915   0.06435   0.17198   0.18885   1.63807   0.09249   0.02652  
 40  0.0126   3703.334869  x:  0.03194   0.02177   0.03126   0.02100   0.00576   0.01444   0.00651   0.00395   0.00242   0.07593   0.02005   0.02571   0.08552   0.05236   0.02881   0.01785   0.00460   0.22588   0.05937   0.06411   0.17208   0.18909   1.64987   0.09239   0.02660  
 41  0.0093   3703.334228  x:  0.03190   0.02170   0.03136   0.02106   0.00576   0.01442   0.00657   0.00398   0.00244   0.07584   0.02001   0.02569   0.08555   0.05228   0.02887   0.01781   0.00470   0.22591   0.05940   0.06407   0.17200   0.18933   1.65068   0.09239   0.02658  
 42  0.0009   3703.334153  x:  0.03190   0.02169   0.03137   0.02106   0.00575   0.01439   0.00657   0.00399   0.00246   0.07586   0.02004   0.02567   0.08556   0.05232   0.02885   0.01778   0.00469   0.22592   0.05940   0.06407   0.17200   0.18935   1.65053   0.09238   0.02651  
 43  0.0001   3703.334131  x:  0.03191   0.02171   0.03137   0.02106   0.00575   0.01439   0.00657   0.00399   0.00247   0.07587   0.02002   0.02568   0.08557   0.05230   0.02885   0.01781   0.00469   0.22593   0.05939   0.06408   0.17202   0.18933   1.65003   0.09238   0.02649  
 44  0.0004   3703.334128  x:  0.03191   0.02171   0.03136   0.02106   0.00575   0.01440   0.00657   0.00399   0.00247   0.07586   0.02003   0.02568   0.08557   0.05230   0.02885   0.01780   0.00468   0.22593   0.05939   0.06407   0.17202   0.18932   1.64994   0.09239   0.02650  
 45  0.0001   3703.334128  x:  0.03191   0.02171   0.03136   0.02106   0.00575   0.01440   0.00657   0.00399   0.00247   0.07586   0.02003   0.02568   0.08557   0.05230   0.02885   0.01780   0.00468   0.22593   0.05939   0.06407   0.17202   0.18932   1.64993   0.09239   0.02650  
 46  0.0000   3703.334128  x:  0.03191   0.02171   0.03136   0.02106   0.00575   0.01440   0.00657   0.00399   0.00247   0.07586   0.02003   0.02568   0.08557   0.05230   0.02885   0.01780   0.00468   0.22593   0.05939   0.06407   0.17202   0.18932   1.64993   0.09239   0.02650  
 47  0.0000   3703.334128  x:  0.03191   0.02171   0.03136   0.02106   0.00575   0.01440   0.00657   0.00399   0.00247   0.07586   0.02003   0.02568   0.08557   0.05230   0.02885   0.01780   0.00468   0.22593   0.05939   0.06407   0.17202   0.18932   1.64993   0.09239   0.02651  
 48  0.0000   3703.334128  x:  0.03191   0.02171   0.03136   0.02106   0.00575   0.01440   0.00657   0.00399   0.00247   0.07586   0.02003   0.02568   0.08557   0.05230   0.02885   0.01780   0.00468   0.22593   0.05939   0.06407   0.17202   0.18932   1.64993   0.09239   0.02651  
 49  0.0000   3703.334128  x:  0.03191   0.02171   0.03136   0.02106   0.00575   0.01440   0.00657   0.00399   0.00247   0.07586   0.02003   0.02568   0.08557   0.05230   0.02885   0.01780   0.00468   0.22593   0.05939   0.06407   0.17202   0.18932   1.64993   0.09239   0.02651  
 50  0.0000   3703.334128  x:  0.03191   0.02171   0.03136   0.02106   0.00575   0.01440   0.00657   0.00399   0.00247   0.07586   0.02003   0.02568   0.08557   0.05230   0.02885   0.01780   0.00468   0.22593   0.05939   0.06407   0.17202   0.18932   1.64993   0.09239   0.02651  
 51  0.0000   3703.334128  x:  0.03191   0.02171   0.03136   0.02106   0.00575   0.01440   0.00657   0.00399   0.00247   0.07586   0.02003   0.02568   0.08557   0.05230   0.02885   0.01780   0.00468   0.22593   0.05939   0.06407   0.17202   0.18932   1.64993   0.09239   0.02651  
 52  0.0014   3703.334128  x:  0.03191   0.02171   0.03136   0.02106   0.00575   0.01440   0.00657   0.00399   0.00247   0.07586   0.02003   0.02568   0.08557   0.05230   0.02885   0.01780   0.00468   0.22593   0.05939   0.06407   0.17202   0.18932   1.64993   0.09239   0.02651  
 53  6.3035   3703.334128  x:  0.03191   0.02171   0.03136   0.02106   0.00575   0.01440   0.00657   0.00399   0.00247   0.07586   0.02003   0.02568   0.08557   0.05230   0.02885   0.01780   0.00468   0.22593   0.05939   0.06407   0.17202   0.18932   1.64993   0.09239   0.02651  
check convergence!
