

TREE # 1

  0  0.0000   5637.570111  x:  0.08863   0.01479   0.08529   0.06841   0.01856   0.04342   0.02688   0.03421   0.00000   0.10172   0.09038   0.02900   0.11716   0.11575   0.03919   0.02694   0.04519   0.10149   0.09359   0.06666   0.11627   0.22039   0.16112   0.17035   0.21950  
  1 99.0000   5335.704657  x:  0.09849   0.01297   0.08380   0.05308   0.00000   0.02283   0.00482   0.00803   0.06385   0.11730   0.08417   0.04973   0.12621   0.12787   0.02836   0.03150   0.03703   0.11400   0.09731   0.07651   0.12164   0.23067   0.29639   0.09108   0.20139  
  2 2636.6106   5292.265760  x:  0.10052   0.01260   0.08349   0.04992   0.00087   0.01860   0.00031   0.00264   0.07693   0.12051   0.08288   0.05399   0.12808   0.13037   0.02613   0.03244   0.03535   0.11658   0.09808   0.07855   0.12275   0.23280   0.32424   0.07471   0.19765  
  3 165576.1500   5269.162723  x:  0.10158   0.01245   0.08332   0.04825   0.00126   0.01648   0.00316   0.00019   0.08318   0.12214   0.08221   0.05611   0.12905   0.13164   0.02503   0.03290   0.03446   0.11791   0.09848   0.07961   0.12334   0.23392   0.33837   0.06607   0.19568  
  4 33963.5549   5208.766423  x:  0.10615   0.01194   0.08254   0.04102   0.00280   0.00774   0.01337   0.01129   0.10804   0.12903   0.07926   0.06482   0.13323   0.13701   0.02053   0.03482   0.03061   0.12355   0.10017   0.08418   0.12593   0.23884   0.39768   0.02879   0.18715  
  5 33363.6356   5163.979014  x:  0.12210   0.02009   0.07920   0.01693   0.00399   0.03483   0.02119   0.01907   0.08795   0.14063   0.07018   0.07156   0.14713   0.14591   0.02676   0.03690   0.01699   0.13726   0.10534   0.10013   0.13877   0.26058   0.49514   0.07832   0.15732  
  6 1293.9023   5100.086296  x:  0.13475   0.03106   0.07358   0.00202   0.00333   0.04544   0.01796   0.01623   0.00880   0.14684   0.05940   0.06308   0.15790   0.15197   0.03498   0.03262   0.01071   0.14567   0.10830   0.11277   0.15021   0.28343   0.55556   0.06568   0.11801  
  7 1334.8504   5094.296691  x:  0.13625   0.03234   0.07293   0.00433   0.00326   0.04673   0.01765   0.01597   0.00000   0.14757   0.05827   0.06212   0.15919   0.15271   0.03587   0.03216   0.01001   0.14666   0.10865   0.11428   0.15158   0.28618   0.56280   0.06455   0.11324  
  8 7704.8989   5077.107531  x:  0.14862   0.04750   0.06275   0.00676   0.00317   0.06152   0.01711   0.01537   0.00285   0.14792   0.05799   0.03093   0.16950   0.15508   0.05103   0.02116   0.01179   0.14979   0.10837   0.12665   0.16555   0.31875   0.56579   0.05663   0.04878  
  9 425.5045   5075.111086  x:  0.15064   0.04573   0.06227   0.00655   0.00316   0.06011   0.01704   0.01530   0.00228   0.14849   0.06221   0.03514   0.17263   0.16071   0.04866   0.02874   0.01236   0.14921   0.10754   0.12867   0.16853   0.32959   0.56301   0.05630   0.03594  
 10 249.1925   5070.912572  x:  0.16248   0.03727   0.05775   0.00657   0.00311   0.05594   0.01674   0.01501   0.00151   0.15494   0.07375   0.03531   0.18882   0.18986   0.03542   0.02222   0.01783   0.14781   0.10428   0.14050   0.18506   0.38976   0.55513   0.05457   0.03851  
 11 180.0342   5069.837807  x:  0.16500   0.03475   0.05894   0.00703   0.00308   0.05577   0.01655   0.01481   0.00218   0.15648   0.06971   0.03195   0.19286   0.19588   0.03994   0.03027   0.01514   0.14792   0.10424   0.14303   0.18934   0.41130   0.55262   0.05265   0.04351  
 12 198.5517   5069.169075  x:  0.16284   0.03417   0.06586   0.00731   0.00308   0.05392   0.01652   0.01478   0.00295   0.15539   0.06008   0.03743   0.19330   0.19427   0.04110   0.02781   0.01306   0.14847   0.10620   0.14086   0.18897   0.42974   0.55045   0.05237   0.04310  
 13 93.0334   5068.570008  x:  0.15549   0.03625   0.06830   0.00710   0.00310   0.05187   0.01661   0.01487   0.00280   0.15215   0.06184   0.03789   0.18827   0.18383   0.04050   0.02959   0.01883   0.15011   0.10923   0.13352   0.18383   0.45337   0.55290   0.05316   0.04463  
 14 69.8288   5068.186980  x:  0.15003   0.03338   0.06731   0.00703   0.00310   0.05149   0.01662   0.01488   0.00256   0.15035   0.06494   0.03737   0.18398   0.17647   0.03924   0.02917   0.01449   0.15048   0.10976   0.12806   0.17973   0.46806   0.55437   0.05331   0.04485  
 15 143.4801   5068.063278  x:  0.14824   0.03400   0.06394   0.00714   0.00309   0.05555   0.01658   0.01483   0.00264   0.15242   0.06401   0.03994   0.18118   0.17587   0.03962   0.02910   0.01499   0.14903   0.10609   0.12627   0.17759   0.47171   0.55455   0.05223   0.04518  
 16 20.3748   5067.710559  x:  0.14799   0.03663   0.06929   0.00706   0.00310   0.05389   0.01663   0.01489   0.00253   0.15794   0.06401   0.03657   0.17184   0.18003   0.03781   0.02928   0.01409   0.14560   0.09997   0.12602   0.17318   0.47369   0.55666   0.05328   0.04423  
 17  8.9766   5065.416307  x:  0.15361   0.03069   0.06643   0.00735   0.00311   0.04560   0.01665   0.01493   0.00239   0.16327   0.06854   0.04074   0.14566   0.19797   0.05499   0.02342   0.01675   0.14314   0.11416   0.13164   0.15410   0.47514   0.56554   0.05514   0.04188  
 18 20.0653   5052.668328  x:  0.17445   0.03034   0.05607   0.00890   0.00294   0.04770   0.01580   0.01420   0.00451   0.14396   0.05214   0.03466   0.13255   0.21436   0.01888   0.03416   0.01536   0.14932   0.13584   0.15248   0.10145   0.46850   0.60261   0.05270   0.04243  
 19 45.5783   5026.390952  x:  0.20296   0.04036   0.08416   0.01271   0.00257   0.03207   0.01373   0.01230   0.00604   0.12152   0.08676   0.05736   0.16891   0.20696   0.02565   0.03377   0.00576   0.14884   0.10905   0.18099   0.03854   0.44860   0.69458   0.04465   0.05318  
 20 200.6214   5007.770515  x:  0.20619   0.02762   0.08121   0.01439   0.00246   0.00558   0.01311   0.01182   0.00671   0.12793   0.08620   0.06389   0.16877   0.19103   0.02250   0.03550   0.01173   0.14594   0.09691   0.18422   0.05635   0.43454   0.74381   0.04783   0.05448  
 21 335.7855   4990.641618  x:  0.20312   0.00000   0.10673   0.01651   0.00220   0.01556   0.01178   0.01057   0.00736   0.13826   0.09820   0.07075   0.15882   0.17784   0.01399   0.03817   0.02222   0.14352   0.10206   0.18115   0.09440   0.41597   0.79971   0.03932   0.05680  
 22 678.2661   4984.954709  x:  0.17169   0.02714   0.10741   0.01762   0.00209   0.01541   0.01121   0.01004   0.00841   0.14165   0.10666   0.07310   0.16356   0.20323   0.01008   0.03908   0.00797   0.14385   0.12092   0.14972   0.12037   0.40623   0.82237   0.03673   0.05905  
 23 178.2885   4980.287364  x:  0.12998   0.01512   0.11093   0.01789   0.00209   0.01485   0.01127   0.01014   0.00866   0.13187   0.10224   0.05934   0.18323   0.24121   0.01342   0.03663   0.01604   0.14241   0.12014   0.10801   0.12510   0.39589   0.84610   0.03919   0.05345  
 24 189.9239   4980.220940  x:  0.12919   0.01446   0.11101   0.01791   0.00209   0.01470   0.01125   0.01013   0.00859   0.13725   0.10210   0.05869   0.18566   0.24059   0.01307   0.03669   0.01632   0.14386   0.12173   0.10721   0.12320   0.39571   0.84580   0.03923   0.05306  
 25 10.6170   4951.722398  x:  0.15538   0.02431   0.08033   0.01978   0.00150   0.01262   0.00804   0.00717   0.00629   0.16509   0.07750   0.05613   0.18570   0.21374   0.04372   0.03085   0.01602   0.16484   0.10365   0.13342   0.13907   0.44952   1.01528   0.02429   0.04662  
 26  0.6277   4950.188099  x:  0.15715   0.02484   0.07817   0.01975   0.00149   0.01245   0.00800   0.00713   0.00620   0.16836   0.07525   0.05422   0.19296   0.20813   0.04411   0.03108   0.01674   0.13053   0.11333   0.13520   0.13765   0.45255   1.02717   0.02438   0.04614  
 27 75.5551   4920.933922  x:  0.15001   0.03145   0.03084   0.02455   0.00150   0.01297   0.00864   0.00804   0.00651   0.18071   0.04710   0.06038   0.17263   0.18356   0.05024   0.02980   0.02091   0.13629   0.07428   0.12808   0.16916   0.39762   1.26502   0.03991   0.04277  
 28  0.5711   4902.674271  x:  0.12989   0.01068   0.07805   0.02960   0.00123   0.00496   0.00745   0.00714   0.00665   0.16611   0.05507   0.05693   0.14355   0.19751   0.04140   0.03148   0.02937   0.13958   0.10812   0.10796   0.20012   0.38384   1.53514   0.04554   0.04614  
 29  0.2669   4888.417011  x:  0.13138   0.00240   0.08359   0.03447   0.00097   0.02306   0.00629   0.00614   0.00316   0.14333   0.05152   0.04076   0.18950   0.21651   0.02506   0.03156   0.03749   0.13989   0.10885   0.10945   0.21682   0.48036   1.89734   0.04689   0.04863  
 30  0.2753   4881.159355  x:  0.14928   0.02323   0.04841   0.03794   0.00081   0.02282   0.00527   0.00512   0.00000   0.16486   0.06523   0.06114   0.17418   0.20183   0.02993   0.03368   0.02073   0.13983   0.10652   0.12735   0.23154   0.49050   2.13577   0.04527   0.05754  
 31  0.1653   4878.485290  x:  0.15138   0.01952   0.04126   0.03899   0.00075   0.01764   0.00470   0.00442   0.00000   0.16181   0.05251   0.05368   0.18204   0.21177   0.02389   0.03297   0.01851   0.14292   0.09459   0.12945   0.22553   0.50374   2.30710   0.04271   0.05335  
 32  0.1412   4876.048562  x:  0.15274   0.01972   0.06389   0.03938   0.00110   0.01425   0.00609   0.00531   0.00000   0.16831   0.05109   0.04800   0.18020   0.21183   0.02621   0.03251   0.01999   0.14419   0.09400   0.13082   0.21824   0.49292   2.49207   0.04263   0.04908  
 33  0.1137   4874.930490  x:  0.15402   0.02123   0.05668   0.03935   0.00137   0.01243   0.00710   0.00590   0.00000   0.16751   0.05874   0.05363   0.17792   0.21384   0.02828   0.03412   0.01651   0.14229   0.10892   0.13211   0.21275   0.49647   2.61357   0.04235   0.05200  
 34  0.0874   4874.331473  x:  0.15480   0.02216   0.05210   0.03722   0.00168   0.01283   0.00801   0.00635   0.00000   0.15947   0.05726   0.05720   0.17940   0.21214   0.02813   0.03383   0.02092   0.14119   0.09991   0.13288   0.20068   0.50929   2.67708   0.04221   0.05468  
 35  0.0270   4873.853973  x:  0.15735   0.02159   0.05336   0.03274   0.00204   0.01402   0.00872   0.00649   0.00000   0.16197   0.05409   0.05324   0.18386   0.21607   0.03131   0.03170   0.01869   0.14500   0.10355   0.13544   0.18896   0.49976   2.69785   0.04306   0.05245  
 36  0.0089   4873.443015  x:  0.15634   0.02069   0.05635   0.02814   0.00230   0.01429   0.00866   0.00592   0.00000   0.16241   0.06118   0.05396   0.18219   0.21473   0.02943   0.03201   0.01673   0.14203   0.09861   0.13442   0.18618   0.49191   2.69809   0.04363   0.05258  
 37  0.0067   4873.042385  x:  0.15629   0.02137   0.05446   0.02416   0.00241   0.01302   0.00777   0.00467   0.00000   0.16159   0.05977   0.05520   0.17652   0.20930   0.02695   0.03432   0.01879   0.14020   0.10344   0.13439   0.19097   0.49316   2.67987   0.04353   0.05354  
 38  0.0103   4872.912868  x:  0.15562   0.02262   0.05349   0.02480   0.00239   0.01240   0.00727   0.00418   0.00000   0.16336   0.05874   0.05515   0.18037   0.21379   0.02825   0.03390   0.01882   0.14430   0.10189   0.13371   0.20087   0.49711   2.68462   0.04321   0.05332  
 39  0.0072   4872.797382  x:  0.15382   0.02208   0.05454   0.02366   0.00273   0.01304   0.00760   0.00405   0.00000   0.16189   0.05958   0.05507   0.18237   0.21653   0.02990   0.03226   0.01894   0.14121   0.10149   0.13193   0.20541   0.50590   2.72405   0.04336   0.05301  
 40  0.0116   4872.620783  x:  0.15332   0.01978   0.05474   0.02628   0.00310   0.01235   0.00787   0.00402   0.00000   0.16062   0.05949   0.05576   0.17800   0.21201   0.02874   0.03282   0.02024   0.14181   0.10378   0.13144   0.21513   0.51643   2.74939   0.04271   0.05302  
 41  0.0077   4872.348443  x:  0.15621   0.01899   0.05376   0.02432   0.00410   0.01273   0.00845   0.00362   0.00000   0.16450   0.05813   0.05389   0.17986   0.21070   0.02761   0.03419   0.02036   0.14549   0.10153   0.13436   0.21438   0.50233   2.69615   0.04245   0.05252  
 42  0.0142   4872.176912  x:  0.15444   0.02067   0.05376   0.02689   0.00474   0.01286   0.00927   0.00412   0.00000   0.16376   0.05881   0.05434   0.18095   0.21478   0.02812   0.03382   0.01991   0.14076   0.10163   0.13261   0.21040   0.49948   2.67001   0.04249   0.05306  
 43  0.0120   4872.057681  x:  0.15309   0.02208   0.05442   0.02636   0.00541   0.01150   0.00908   0.00342   0.00000   0.16230   0.05923   0.05501   0.17873   0.21432   0.02770   0.03345   0.01880   0.14172   0.10296   0.13129   0.20613   0.50202   2.65298   0.04272   0.05314  
 44  0.0077   4872.000422  x:  0.15514   0.02208   0.05465   0.02723   0.00565   0.01229   0.00893   0.00335   0.00000   0.16225   0.05876   0.05516   0.17967   0.21266   0.02883   0.03282   0.01861   0.14341   0.10248   0.13334   0.19967   0.50045   2.64933   0.04334   0.05295  
 45  0.0037   4871.959003  x:  0.15587   0.02063   0.05421   0.02814   0.00564   0.01202   0.00831   0.00311   0.00000   0.16197   0.05850   0.05498   0.18027   0.21319   0.02849   0.03339   0.01931   0.14118   0.10184   0.13407   0.19856   0.49864   2.67243   0.04340   0.05274  
 46  0.0090   4871.874253  x:  0.15369   0.02057   0.05429   0.02877   0.00546   0.01246   0.00740   0.00360   0.00000   0.16209   0.05892   0.05504   0.17729   0.21453   0.02819   0.03444   0.01946   0.14321   0.10261   0.13190   0.19823   0.49158   2.68402   0.04344   0.05326  
 47  0.0024   4871.705962  x:  0.15311   0.02260   0.05489   0.02699   0.00633   0.01194   0.00593   0.00378   0.00000   0.16266   0.05859   0.05462   0.18070   0.21307   0.02859   0.03329   0.01849   0.14299   0.10283   0.13136   0.20057   0.49795   2.66828   0.04325   0.05334  
 48  0.0050   4871.663819  x:  0.15492   0.02176   0.05451   0.02659   0.00688   0.01172   0.00647   0.00416   0.00000   0.16204   0.05884   0.05484   0.18052   0.21301   0.02848   0.03294   0.01873   0.14194   0.10234   0.13318   0.20075   0.50165   2.66685   0.04305   0.05306  
 49  0.0039   4871.656145  x:  0.15515   0.02115   0.05441   0.02681   0.00709   0.01181   0.00622   0.00422   0.00000   0.16201   0.05906   0.05511   0.17946   0.21337   0.02840   0.03326   0.01911   0.14200   0.10238   0.13343   0.20160   0.50086   2.67138   0.04309   0.05298  
 50  0.0044   4871.655514  x:  0.15491   0.02121   0.05449   0.02677   0.00719   0.01178   0.00626   0.00420   0.00000   0.16216   0.05901   0.05514   0.17950   0.21353   0.02845   0.03333   0.01912   0.14219   0.10247   0.13319   0.20165   0.50035   2.67187   0.04312   0.05292  
 51  0.0006   4871.655480  x:  0.15489   0.02120   0.05447   0.02678   0.00720   0.01179   0.00626   0.00419   0.00000   0.16215   0.05900   0.05514   0.17957   0.21345   0.02842   0.03334   0.01913   0.14212   0.10243   0.13317   0.20166   0.50038   2.67244   0.04313   0.05293  
 52  0.0005   4871.655479  x:  0.15489   0.02120   0.05447   0.02678   0.00720   0.01179   0.00626   0.00419   0.00000   0.16215   0.05900   0.05514   0.17956   0.21345   0.02841   0.03334   0.01912   0.14213   0.10243   0.13317   0.20168   0.50039   2.67250   0.04313   0.05293  
 53  0.0001   4871.655479  x:  0.15489   0.02120   0.05447   0.02678   0.00720   0.01179   0.00626   0.00419   0.00000   0.16215   0.05900   0.05514   0.17956   0.21346   0.02841   0.03334   0.01912   0.14212   0.10243   0.13317   0.20167   0.50038   2.67253   0.04313   0.05293  
 54  0.0000   4871.655479  x:  0.15489   0.02120   0.05447   0.02678   0.00720   0.01179   0.00626   0.00419   0.00000   0.16215   0.05900   0.05514   0.17956   0.21345   0.02841   0.03334   0.01912   0.14212   0.10243   0.13317   0.20168   0.50038   2.67252   0.04313   0.05293  