

TREE # 1

  0  0.0000   3972.597820  x:  0.04844   0.04459   0.04586   0.00946   0.03450   0.01178   0.02387   0.01648   0.07283   0.02896   0.02522   0.06474   0.06992   0.02425   0.04512   0.00000   0.15888   0.07270   0.05653   0.10826   0.14260   0.21565   0.21612   0.16895  
  1 99.0000   3920.269587  x:  0.04069   0.04024   0.03540   0.00361   0.02270   0.00336   0.00689   0.00000   0.07278   0.02543   0.02269   0.07051   0.06446   0.02655   0.03627   0.01743   0.16510   0.07327   0.06753   0.11689   0.14763   0.25250   0.19333   0.16402  
  2 1186.1006   3908.819509  x:  0.03798   0.03875   0.03178   0.00188   0.01862   0.00087   0.00103   0.00115   0.07276   0.02423   0.02182   0.07251   0.06256   0.02733   0.03319   0.02310   0.16727   0.07344   0.07133   0.11990   0.14938   0.26537   0.18532   0.16229  
  3 10295.7873   3905.603852  x:  0.03733   0.03841   0.03093   0.00190   0.01769   0.00175   0.00019   0.00127   0.07276   0.02395   0.02161   0.07298   0.06210   0.02751   0.03246   0.02424   0.16779   0.07346   0.07221   0.12061   0.14980   0.26845   0.18335   0.16186  
  4 8872.8430   3865.162834  x:  0.02621   0.03268   0.01640   0.00203   0.00194   0.00972   0.00328   0.00361   0.07276   0.01931   0.01816   0.08097   0.05441   0.03055   0.02000   0.04364   0.17665   0.07387   0.08721   0.13279   0.15696   0.32089   0.14989   0.15466  
  5 17790.2044   3834.665837  x:  0.01486   0.02786   0.00361   0.01445   0.01341   0.01275   0.00455   0.00521   0.07296   0.01533   0.01539   0.08897   0.04674   0.03337   0.00818   0.05942   0.18614   0.07369   0.10210   0.14546   0.16453   0.37645   0.11266   0.14668  
  6 6151.7487   3806.406950  x:  0.00554   0.02685   0.03268   0.02170   0.02121   0.01586   0.00580   0.00647   0.07386   0.01469   0.01598   0.09750   0.03992   0.03608   0.00743   0.06869   0.19833   0.07176   0.11823   0.16055   0.17400   0.44591   0.06258   0.13573  
  7 3260.3639   3793.614561  x:  0.02379   0.03186   0.02973   0.01962   0.02354   0.01664   0.00612   0.00647   0.07528   0.02250   0.02239   0.09957   0.04263   0.03566   0.02614   0.05969   0.20631   0.06786   0.12450   0.16834   0.17985   0.48654   0.04549   0.12757  
  8 1094.4352   3757.464889  x:  0.02878   0.04353   0.03135   0.00586   0.03066   0.01675   0.00633   0.00507   0.08014   0.03159   0.03470   0.10101   0.05210   0.02620   0.03247   0.00000   0.23262   0.05297   0.13557   0.19105   0.19849   0.61548   0.08079   0.09784  
  9 906.0171   3756.923574  x:  0.02986   0.04379   0.03207   0.00624   0.03110   0.01706   0.00644   0.00519   0.08026   0.03164   0.03518   0.10012   0.05314   0.02571   0.03320   0.00208   0.23341   0.05267   0.13438   0.19110   0.19882   0.61978   0.08350   0.09630  
 10 423.6574   3752.671872  x:  0.03911   0.03531   0.03490   0.01977   0.02512   0.01388   0.00539   0.00489   0.07868   0.02129   0.03230   0.08432   0.06273   0.02534   0.03401   0.00102   0.23503   0.05664   0.10827   0.18191   0.19575   0.64828   0.08965   0.08076  
 11 325.5908   3749.724583  x:  0.03934   0.03175   0.03408   0.00952   0.02995   0.01625   0.00619   0.00507   0.07740   0.02427   0.02898   0.07237   0.06703   0.02692   0.03173   0.00131   0.23320   0.05912   0.08136   0.16998   0.19083   0.66693   0.08800   0.06836  
 12 283.0817   3749.339707  x:  0.03697   0.03846   0.03328   0.01148   0.02856   0.01560   0.00597   0.00498   0.07685   0.02572   0.03012   0.07533   0.06538   0.02548   0.03234   0.00135   0.22972   0.05918   0.07533   0.16395   0.18864   0.67117   0.08776   0.06694  
 13 71.4969   3749.206808  x:  0.03688   0.03903   0.03322   0.01053   0.02923   0.01592   0.00608   0.00503   0.07690   0.02297   0.02902   0.07782   0.06364   0.02629   0.03449   0.00137   0.22585   0.06042   0.07506   0.15971   0.18729   0.67388   0.08877   0.06753  
 14 42.4701   3749.128841  x:  0.03738   0.03756   0.03350   0.01098   0.02917   0.01587   0.00606   0.00503   0.07731   0.02477   0.02777   0.07834   0.06272   0.02536   0.03479   0.00133   0.22153   0.06146   0.07645   0.15612   0.18599   0.67617   0.08960   0.06858  
 15 36.1554   3749.092025  x:  0.03781   0.03791   0.03359   0.01086   0.02923   0.01591   0.00608   0.00503   0.07707   0.02459   0.02925   0.07699   0.06368   0.02596   0.03380   0.00134   0.21815   0.06082   0.07790   0.15453   0.18492   0.67743   0.08955   0.06957  
 16 18.6896   3749.079922  x:  0.03766   0.03815   0.03352   0.01071   0.02928   0.01593   0.00609   0.00503   0.07695   0.02418   0.02871   0.07651   0.06392   0.02505   0.03401   0.00137   0.21709   0.06007   0.07795   0.15504   0.18445   0.67769   0.08939   0.06979  
 17  5.9133   3749.048819  x:  0.03700   0.03849   0.03342   0.01104   0.02911   0.01583   0.00605   0.00502   0.07690   0.02457   0.02747   0.07611   0.06422   0.02611   0.03479   0.00140   0.21499   0.05935   0.07754   0.15712   0.18335   0.67829   0.08958   0.07012  
 18 10.3853   3748.930644  x:  0.03707   0.03806   0.03339   0.01080   0.02920   0.01585   0.00606   0.00500   0.07711   0.02458   0.02907   0.07747   0.06435   0.02535   0.03467   0.00136   0.21005   0.06264   0.07551   0.16344   0.18056   0.67985   0.08971   0.07045  
 19 13.9332   3748.146728  x:  0.04595   0.04123   0.03469   0.01012   0.02916   0.01561   0.00598   0.00486   0.07688   0.02396   0.02578   0.07909   0.05607   0.02693   0.02627   0.00133   0.20610   0.06139   0.07478   0.16824   0.18022   0.68585   0.08938   0.06729  
 20  7.4160   3736.124529  x:  0.02564   0.02406   0.02588   0.01015   0.02111   0.00936   0.00386   0.00263   0.07709   0.02251   0.04106   0.08082   0.03018   0.02880   0.02741   0.00264   0.19707   0.04854   0.08365   0.17136   0.19745   0.77143   0.07513   0.05007  
 21 35.2137   3728.082821  x:  0.01686   0.02991   0.02078   0.00702   0.01703   0.00569   0.00262   0.00107   0.07700   0.02177   0.02749   0.09199   0.05135   0.02972   0.01745   0.00317   0.20098   0.06010   0.09293   0.16907   0.20703   0.83747   0.06173   0.05699  
 22 321.6811   3726.845062  x:  0.01641   0.03087   0.02010   0.00679   0.01633   0.00506   0.00241   0.00082   0.07156   0.02196   0.02773   0.08619   0.04368   0.02959   0.01694   0.00319   0.21248   0.06276   0.09035   0.16931   0.19706   0.85366   0.06117   0.08013  
 23 89.4459   3726.734796  x:  0.01687   0.02944   0.02016   0.00679   0.01626   0.00499   0.00239   0.00080   0.07514   0.02176   0.02839   0.08834   0.04435   0.02980   0.01618   0.00323   0.21520   0.06013   0.09046   0.16882   0.19061   0.85488   0.06097   0.08085  
 24 25.7312   3726.677062  x:  0.01648   0.03004   0.02009   0.00674   0.01629   0.00500   0.00239   0.00080   0.07399   0.02182   0.02816   0.08782   0.04416   0.02976   0.01657   0.00321   0.21746   0.06107   0.09309   0.16843   0.18430   0.85515   0.06109   0.07801  
 25 17.2583   3726.646529  x:  0.01679   0.02907   0.02021   0.00671   0.01634   0.00502   0.00240   0.00080   0.07140   0.02208   0.02831   0.08928   0.04478   0.02980   0.01636   0.00322   0.21759   0.06010   0.09292   0.16839   0.18378   0.85569   0.06124   0.07794  
 26  2.0417   3716.708997  x:  0.02467   0.03397   0.02304   0.00134   0.02036   0.00587   0.00283   0.00046   0.07799   0.02158   0.02248   0.09013   0.05246   0.02944   0.01851   0.00302   0.22558   0.06327   0.09944   0.17000   0.18696   1.03085   0.08366   0.08667  
 27  2.6333   3713.822179  x:  0.02831   0.03558   0.02515   0.00779   0.01829   0.00469   0.00250   0.00034   0.08022   0.02034   0.02091   0.08991   0.05700   0.02912   0.02019   0.00279   0.22921   0.06464   0.10347   0.17111   0.18808   1.11935   0.09485   0.09024  
 28  0.5919   3709.807787  x:  0.01995   0.03065   0.02541   0.00818   0.02089   0.00967   0.00422   0.00243   0.07786   0.02199   0.03201   0.08465   0.05944   0.02834   0.02235   0.00362   0.23281   0.05648   0.09570   0.16784   0.18504   1.27676   0.09878   0.10097  
 29  0.1233   3706.291581  x:  0.02290   0.03171   0.02233   0.00761   0.01741   0.00907   0.00404   0.00240   0.07158   0.01936   0.02796   0.08048   0.05297   0.02899   0.01113   0.00436   0.22447   0.06130   0.09631   0.16870   0.18767   1.44135   0.09362   0.08898  
 30  0.1449   3705.028042  x:  0.01799   0.02926   0.01875   0.00711   0.01504   0.00799   0.00370   0.00209   0.07226   0.01830   0.02423   0.08581   0.05134   0.02923   0.01676   0.00486   0.22086   0.05880   0.09430   0.17052   0.19040   1.53340   0.09218   0.08601  
 31  0.1478   3704.530629  x:  0.02204   0.03258   0.01842   0.00680   0.01419   0.00766   0.00364   0.00206   0.07783   0.02053   0.02432   0.08689   0.05072   0.02919   0.01728   0.00499   0.22607   0.05988   0.09629   0.17346   0.18889   1.61004   0.09163   0.08704  
 32  0.0516   3704.409389  x:  0.02214   0.03117   0.01922   0.00642   0.01416   0.00747   0.00362   0.00204   0.07654   0.01946   0.02710   0.08493   0.05251   0.02876   0.01775   0.00503   0.22692   0.05935   0.09620   0.17271   0.18975   1.64630   0.09079   0.08997  
 33  0.0242   3704.371038  x:  0.02190   0.03117   0.02020   0.00616   0.01440   0.00742   0.00363   0.00207   0.07548   0.02019   0.02540   0.08565   0.05299   0.02876   0.01785   0.00502   0.22646   0.05910   0.09601   0.17183   0.18986   1.65757   0.09002   0.09138  
 34  0.0084   3704.356260  x:  0.02152   0.03168   0.02084   0.00599   0.01439   0.00717   0.00358   0.00207   0.07598   0.01996   0.02586   0.08580   0.05208   0.02898   0.01777   0.00491   0.22608   0.05930   0.09619   0.17264   0.18963   1.65496   0.08973   0.09059  
 35  0.0015   3704.348951  x:  0.02170   0.03106   0.02118   0.00598   0.01435   0.00700   0.00357   0.00212   0.07617   0.02006   0.02567   0.08522   0.05219   0.02886   0.01782   0.00477   0.22650   0.05978   0.09598   0.17236   0.18970   1.64957   0.09002   0.09016  
 36  0.0022   3704.338711  x:  0.02180   0.03135   0.02111   0.00595   0.01406   0.00676   0.00357   0.00226   0.07577   0.02004   0.02572   0.08582   0.05257   0.02875   0.01777   0.00460   0.22655   0.05891   0.09572   0.17209   0.18994   1.64834   0.09032   0.09000  
 37  0.0007   3704.330845  x:  0.02186   0.03145   0.02077   0.00591   0.01401   0.00679   0.00366   0.00246   0.07588   0.01991   0.02566   0.08566   0.05239   0.02892   0.01784   0.00453   0.22609   0.05962   0.09624   0.17237   0.18950   1.65101   0.09010   0.09052  
 38  0.0012   3704.329267  x:  0.02164   0.03131   0.02078   0.00590   0.01410   0.00676   0.00369   0.00251   0.07595   0.02013   0.02585   0.08558   0.05233   0.02889   0.01780   0.00453   0.22627   0.05941   0.09613   0.17243   0.18975   1.65004   0.09006   0.09057  
 39  0.0007   3704.327738  x:  0.02168   0.03132   0.02083   0.00592   0.01428   0.00671   0.00373   0.00256   0.07598   0.01991   0.02571   0.08565   0.05230   0.02884   0.01780   0.00458   0.22649   0.05923   0.09603   0.17233   0.18983   1.64938   0.09000   0.09048  
 40  0.0004   3704.326202  x:  0.02173   0.03134   0.02069   0.00596   0.01435   0.00658   0.00374   0.00254   0.07592   0.02000   0.02577   0.08563   0.05232   0.02887   0.01779   0.00468   0.22627   0.05938   0.09604   0.17234   0.18971   1.65215   0.09001   0.09016  
 41  0.0012   3704.325735  x:  0.02170   0.03141   0.02073   0.00598   0.01438   0.00655   0.00375   0.00251   0.07596   0.02002   0.02573   0.08562   0.05240   0.02889   0.01780   0.00472   0.22626   0.05939   0.09610   0.17240   0.18972   1.65071   0.09011   0.09058  
 42  0.0005   3704.324891  x:  0.02164   0.03131   0.02070   0.00593   0.01426   0.00649   0.00381   0.00251   0.07590   0.01995   0.02571   0.08558   0.05230   0.02888   0.01775   0.00476   0.22639   0.05937   0.09615   0.17234   0.18967   1.65075   0.09002   0.09089  
 43  0.0001   3704.323910  x:  0.02174   0.03139   0.02074   0.00592   0.01423   0.00654   0.00392   0.00251   0.07591   0.02002   0.02577   0.08561   0.05231   0.02886   0.01778   0.00479   0.22637   0.05938   0.09613   0.17230   0.18966   1.64956   0.09008   0.09050  
 44  0.0004   3704.323718  x:  0.02170   0.03136   0.02079   0.00592   0.01422   0.00652   0.00393   0.00249   0.07596   0.02001   0.02573   0.08562   0.05237   0.02888   0.01781   0.00478   0.22625   0.05933   0.09605   0.17237   0.18975   1.65041   0.09006   0.09033  
 45  0.0005   3704.323521  x:  0.02168   0.03135   0.02074   0.00597   0.01422   0.00653   0.00396   0.00249   0.07593   0.01999   0.02575   0.08563   0.05237   0.02889   0.01782   0.00473   0.22629   0.05937   0.09608   0.17240   0.18969   1.65098   0.09007   0.09043  
 46  0.0001   3704.323471  x:  0.02171   0.03137   0.02076   0.00596   0.01424   0.00651   0.00396   0.00248   0.07593   0.02001   0.02575   0.08562   0.05233   0.02887   0.01780   0.00470   0.22631   0.05938   0.09608   0.17235   0.18971   1.65088   0.09005   0.09044  
 47  0.0001   3704.323461  x:  0.02171   0.03136   0.02075   0.00595   0.01425   0.00651   0.00396   0.00248   0.07594   0.02000   0.02575   0.08562   0.05235   0.02888   0.01779   0.00470   0.22629   0.05937   0.09608   0.17236   0.18972   1.65082   0.09004   0.09045  
 48  0.0000   3704.323460  x:  0.02171   0.03136   0.02074   0.00595   0.01425   0.00651   0.00396   0.00248   0.07594   0.02000   0.02575   0.08562   0.05235   0.02888   0.01780   0.00470   0.22630   0.05937   0.09608   0.17236   0.18971   1.65078   0.09005   0.09044  
 49  0.0000   3704.323460  x:  0.02171   0.03136   0.02074   0.00595   0.01425   0.00651   0.00396   0.00248   0.07594   0.02000   0.02575   0.08562   0.05235   0.02888   0.01780   0.00470   0.22630   0.05937   0.09608   0.17236   0.18971   1.65083   0.09005   0.09044  
 50  0.0000   3704.323460  x:  0.02171   0.03136   0.02074   0.00595   0.01425   0.00651   0.00396   0.00248   0.07594   0.02000   0.02575   0.08562   0.05235   0.02888   0.01779   0.00470   0.22629   0.05937   0.09608   0.17236   0.18971   1.65082   0.09005   0.09044  
 51  0.0000   3704.323460  x:  0.02171   0.03136   0.02074   0.00595   0.01425   0.00651   0.00396   0.00248   0.07594   0.02000   0.02575   0.08562   0.05235   0.02888   0.01779   0.00470   0.22629   0.05937   0.09608   0.17236   0.18971   1.65083   0.09005   0.09044  