

TREE # 1

  0  0.0000   4008.865914  x:  0.02544   0.05126   0.04791   0.02442   0.01669   0.01927   0.01536   0.00000   0.06830   0.02921   0.03860   0.06248   0.06453   0.03198   0.04364   0.01414   0.16088   0.07690   0.08627   0.10641   0.16667   0.18239   0.23934   0.23316   0.21208  
  1 99.0000   4006.048129  x:  0.02542   0.05116   0.04774   0.02420   0.01660   0.01905   0.01508   0.00600   0.06833   0.02915   0.03847   0.06257   0.06445   0.03195   0.04348   0.01397   0.16098   0.07687   0.08631   0.10656   0.16670   0.18317   0.23888   0.23314   0.21208  
  2 6956.4053   3947.239541  x:  0.02377   0.04538   0.03751   0.01181   0.01155   0.00732   0.00000   0.00598   0.06960   0.02544   0.03181   0.06818   0.05947   0.03000   0.03474   0.00512   0.16656   0.07506   0.08833   0.11471   0.16827   0.22555   0.21374   0.23206   0.21182  
  3 1264.9078   3923.501639  x:  0.02282   0.04203   0.03158   0.00464   0.00866   0.00057   0.00020   0.00597   0.07034   0.02329   0.02796   0.07143   0.05659   0.02887   0.02968   0.00000   0.16979   0.07402   0.08950   0.11943   0.16918   0.25009   0.19916   0.23144   0.21168  
  4 17410.9279   3923.501639  x:  0.02282   0.04203   0.03158   0.00464   0.00866   0.00057   0.00020   0.00597   0.07034   0.02329   0.02796   0.07143   0.05659   0.02887   0.02968   0.00000   0.16979   0.07402   0.08950   0.11943   0.16918   0.25009   0.19916   0.23144   0.21168  
  5 13113.6173   3916.128869  x:  0.02285   0.04195   0.03141   0.00491   0.00893   0.00669   0.00673   0.00569   0.07036   0.02327   0.02789   0.07152   0.05651   0.02887   0.02955   0.00046   0.16993   0.07400   0.08955   0.11958   0.16922   0.25087   0.19849   0.23141   0.21167  
  6 6999.4296   3899.320337  x:  0.02337   0.04019   0.02785   0.00960   0.01385   0.00967   0.00385   0.00000   0.07092   0.02279   0.02647   0.07335   0.05501   0.02873   0.02697   0.00725   0.17263   0.07354   0.09049   0.12269   0.16997   0.26703   0.18465   0.23086   0.21158  
  7 958.9794   3880.876023  x:  0.02407   0.03780   0.02302   0.01580   0.02041   0.01366   0.00000   0.00082   0.07169   0.02215   0.02453   0.07584   0.05297   0.02855   0.02345   0.01624   0.17630   0.07291   0.09178   0.12693   0.17099   0.28906   0.16575   0.23011   0.21145  
  8 14859.0469   3834.548967  x:  0.02672   0.02844   0.00405   0.03938   0.04569   0.00957   0.00264   0.00358   0.07473   0.01965   0.01691   0.08570   0.04494   0.02786   0.00966   0.05048   0.19085   0.07033   0.09686   0.14371   0.17503   0.37626   0.09074   0.22713   0.21092  
  9 22028.5774   3817.688014  x:  0.02611   0.02805   0.02354   0.04057   0.04862   0.00894   0.00306   0.00397   0.07621   0.01931   0.01668   0.08962   0.04373   0.02899   0.01285   0.05672   0.19758   0.06842   0.09906   0.15117   0.17725   0.41519   0.05749   0.22553   0.21060  
 10 2330.7999   3784.865270  x:  0.01803   0.03779   0.00956   0.00549   0.02141   0.01085   0.00204   0.00247   0.07991   0.02526   0.02915   0.09752   0.05139   0.03550   0.03212   0.03969   0.21686   0.06043   0.10545   0.17079   0.18604   0.51441   0.04242   0.22012   0.20941  
 11 776.4039   3764.939114  x:  0.01674   0.03869   0.01364   0.00064   0.00939   0.01126   0.00195   0.00212   0.08207   0.02454   0.03100   0.10254   0.05313   0.03554   0.03105   0.02981   0.23051   0.05597   0.10979   0.18445   0.19219   0.58741   0.06007   0.21606   0.20860  
 12 1619.7955   3759.927572  x:  0.01576   0.03993   0.01456   0.00326   0.00374   0.01141   0.00193   0.00200   0.08284   0.02481   0.03268   0.10424   0.05447   0.03599   0.03254   0.02421   0.23553   0.05416   0.11135   0.18940   0.19454   0.61392   0.06591   0.21451   0.20828  
 13 10872.2503   3750.805910  x:  0.01397   0.04422   0.01563   0.00544   0.01425   0.01183   0.00187   0.00174   0.08372   0.02601   0.03813   0.10581   0.05901   0.03711   0.03934   0.00363   0.24421   0.05090   0.11354   0.19735   0.19892   0.66129   0.07717   0.21126   0.20759  
 14 2002.1785   3750.220256  x:  0.01659   0.04388   0.01545   0.00540   0.01400   0.01194   0.00183   0.00167   0.08315   0.02541   0.03819   0.10461   0.05935   0.03620   0.03900   0.00107   0.24409   0.05196   0.11295   0.19673   0.19895   0.66393   0.07691   0.21072   0.20747  
 15 262.4993   3749.220780  x:  0.02385   0.04522   0.01535   0.00560   0.01463   0.01181   0.00191   0.00176   0.08016   0.02436   0.04170   0.09761   0.06345   0.03319   0.04350   0.00270   0.24274   0.05706   0.10957   0.19243   0.19913   0.67182   0.07878   0.20795   0.20683  
 16 229.6330   3747.865304  x:  0.01780   0.04380   0.01512   0.00556   0.01442   0.01183   0.00190   0.00174   0.07439   0.02273   0.04270   0.08265   0.06740   0.02724   0.04526   0.00195   0.23746   0.06475   0.10132   0.18094   0.19834   0.68337   0.07956   0.20163   0.20538  
 17 183.4484   3747.343241  x:  0.01847   0.04499   0.01525   0.00556   0.01441   0.01183   0.00190   0.00173   0.07414   0.02733   0.04014   0.07675   0.06699   0.03303   0.04496   0.00198   0.23156   0.06338   0.09594   0.17086   0.19747   0.68954   0.08033   0.19496   0.20386  
 18 92.7919   3746.961837  x:  0.01870   0.04847   0.01486   0.00556   0.01437   0.01184   0.00190   0.00174   0.07645   0.02274   0.03924   0.07882   0.06593   0.03248   0.04636   0.00217   0.22405   0.05931   0.09322   0.16055   0.19681   0.69400   0.08078   0.18459   0.20149  
 19 67.8901   3746.695834  x:  0.01867   0.04919   0.01493   0.00557   0.01441   0.01184   0.00190   0.00173   0.07772   0.02657   0.03952   0.08343   0.06513   0.02865   0.04689   0.00212   0.21759   0.06069   0.09446   0.15446   0.19648   0.69673   0.08116   0.17137   0.19850  
 20 65.6591   3746.143338  x:  0.01770   0.04649   0.01484   0.00563   0.01455   0.01184   0.00190   0.00174   0.07561   0.02446   0.03964   0.08889   0.06489   0.03389   0.04857   0.00184   0.20636   0.06850   0.10149   0.14989   0.19585   0.70026   0.08192   0.13167   0.18960  
 21 80.9236   3743.400387  x:  0.01834   0.04613   0.01481   0.00564   0.01458   0.01188   0.00188   0.00173   0.07139   0.02468   0.03718   0.08438   0.06522   0.03254   0.04942   0.00207   0.18969   0.06424   0.11374   0.15167   0.19348   0.70452   0.08227   0.00010   0.16050  
 22 183.2319   3743.146922  x:  0.01796   0.04595   0.01519   0.00568   0.01467   0.01194   0.00185   0.00172   0.07789   0.02414   0.03992   0.08434   0.06586   0.03378   0.04633   0.00198   0.18397   0.06759   0.11395   0.15043   0.18973   0.70836   0.08244   0.00010   0.11647  
 23 22.1570   3742.801594  x:  0.01789   0.04561   0.01533   0.00573   0.01482   0.01199   0.00182   0.00172   0.07350   0.02408   0.03844   0.08946   0.06403   0.03467   0.04608   0.00194   0.18330   0.07006   0.11148   0.14558   0.18758   0.71254   0.08298   0.00010   0.06294  
 24 114.1631   3742.749498  x:  0.01799   0.04441   0.01520   0.00574   0.01486   0.01200   0.00181   0.00172   0.07526   0.02395   0.03601   0.08890   0.06405   0.03443   0.04748   0.00195   0.18455   0.07061   0.11300   0.14363   0.19103   0.71288   0.08304   0.00010   0.05772  
 25 13.1136   3742.630600  x:  0.01784   0.04556   0.01547   0.00573   0.01483   0.01201   0.00180   0.00171   0.07500   0.02383   0.03726   0.08832   0.06470   0.03484   0.04482   0.00195   0.18563   0.07066   0.11526   0.14093   0.19787   0.71342   0.08260   0.00869   0.05423  
 26 14.0170   3742.362955  x:  0.01842   0.03825   0.01542   0.00576   0.01489   0.01201   0.00180   0.00171   0.07545   0.02392   0.03870   0.08933   0.06251   0.03458   0.04746   0.00203   0.18272   0.06861   0.11036   0.14364   0.19931   0.71562   0.08306   0.01579   0.05701  
 27  6.6810   3740.573038  x:  0.01866   0.04745   0.01525   0.00587   0.01515   0.01205   0.00172   0.00165   0.07753   0.02325   0.02271   0.09104   0.05430   0.03277   0.04872   0.00207   0.17539   0.07793   0.09746   0.15763   0.19817   0.73064   0.08385   0.02666   0.07535  
 28 19.4591   3730.414390  x:  0.02085   0.03504   0.02023   0.00592   0.01517   0.01233   0.00131   0.00134   0.07276   0.02168   0.01139   0.09888   0.07132   0.03381   0.01537   0.00300   0.18543   0.07362   0.09447   0.15290   0.19656   0.80359   0.08132   0.00010   0.14450  
 29 55.7555   3728.137362  x:  0.02168   0.03340   0.02129   0.00601   0.01535   0.01238   0.00121   0.00128   0.07203   0.02070   0.01848   0.09400   0.05104   0.03384   0.00940   0.00317   0.19249   0.07414   0.10031   0.14797   0.19543   0.82356   0.08148   0.00010   0.16186  
 30 178.6800   3727.636288  x:  0.02199   0.03181   0.02119   0.00603   0.01539   0.01237   0.00120   0.00127   0.07337   0.02052   0.01698   0.09206   0.04834   0.03328   0.01123   0.00320   0.20014   0.07376   0.10765   0.14315   0.17781   0.82765   0.08198   0.00010   0.16788  
 31 43.3726   3725.982826  x:  0.02281   0.03241   0.02125   0.00586   0.01507   0.01213   0.00129   0.00126   0.07908   0.02076   0.01896   0.08224   0.05106   0.02976   0.01076   0.00343   0.21465   0.06563   0.10197   0.16336   0.17326   0.82971   0.08110   0.00010   0.06318  
 32  2.7498   3725.927509  x:  0.02287   0.03244   0.02125   0.00585   0.01505   0.01212   0.00129   0.00126   0.07943   0.02077   0.01910   0.08163   0.05122   0.02954   0.01075   0.00345   0.21558   0.06511   0.10159   0.16464   0.17302   0.83005   0.08105   0.00896   0.05672  
 33 14.9259   3716.703236  x:  0.02509   0.02632   0.02406   0.00647   0.01604   0.01140   0.00133   0.00138   0.07279   0.01787   0.03158   0.08490   0.03993   0.02586   0.02483   0.00382   0.23058   0.06110   0.08140   0.17296   0.21273   1.00738   0.08946   0.00010   0.12406  
 34  0.3637   3716.703236  x:  0.02509   0.02632   0.02406   0.00647   0.01604   0.01140   0.00133   0.00138   0.07279   0.01787   0.03158   0.08490   0.03993   0.02586   0.02483   0.00382   0.23058   0.06110   0.08140   0.17296   0.21273   1.00738   0.08946   0.00010   0.12406  
 35  0.2753   3715.936608  x:  0.02487   0.02673   0.02380   0.00693   0.01556   0.01053   0.00419   0.00350   0.07291   0.01831   0.03135   0.08496   0.04053   0.02612   0.02429   0.00386   0.23054   0.06107   0.08168   0.17298   0.21254   1.00768   0.08893   0.00011   0.12406  
 36 559.2123   3715.366707  x:  0.02452   0.02737   0.02340   0.00741   0.01475   0.00908   0.00444   0.00311   0.07309   0.01892   0.03098   0.08504   0.04147   0.02652   0.02343   0.00392   0.23046   0.06102   0.08216   0.17301   0.21222   1.00819   0.08808   0.00010   0.12406  
 37 280.3183   3714.952213  x:  0.02375   0.02863   0.02262   0.00564   0.01379   0.00871   0.00295   0.00483   0.07365   0.01927   0.02978   0.08531   0.04387   0.02737   0.02148   0.00397   0.23022   0.06096   0.08367   0.17312   0.21113   1.01002   0.08611   0.00010   0.12405  
 38 209.8599   3714.478700  x:  0.02261   0.03024   0.02179   0.00569   0.01436   0.01247   0.00363   0.00387   0.07485   0.01826   0.02715   0.08591   0.04822   0.02862   0.01861   0.00405   0.22965   0.06092   0.08717   0.17338   0.20843   1.01470   0.08301   0.00010   0.12402  
 39 177.3585   3714.309711  x:  0.02271   0.03017   0.02210   0.00732   0.01518   0.01252   0.00282   0.00469   0.07553   0.01764   0.02604   0.08627   0.04966   0.02876   0.01903   0.00420   0.22930   0.06098   0.08935   0.17354   0.20645   1.01840   0.08299   0.00010   0.12400  
 40 111.2602   3713.703799  x:  0.02379   0.02890   0.02373   0.00580   0.01751   0.01035   0.00349   0.00406   0.07802   0.01625   0.02266   0.08768   0.05366   0.02846   0.02238   0.00434   0.22783   0.06128   0.09801   0.17413   0.19797   1.03475   0.08499   0.00010   0.12390  
 41 243.6311   3712.969842  x:  0.02426   0.02754   0.02339   0.00613   0.01450   0.01231   0.00341   0.00409   0.07945   0.02047   0.02386   0.08907   0.05313   0.02605   0.02297   0.00243   0.22594   0.06124   0.10700   0.17432   0.18621   1.06009   0.08848   0.00010   0.12377  
 42 202.9226   3712.582430  x:  0.02421   0.02717   0.02278   0.00614   0.01322   0.01282   0.00343   0.00407   0.07937   0.02081   0.02589   0.08959   0.05112   0.02523   0.02215   0.00613   0.22484   0.06116   0.11136   0.17413   0.17893   1.07783   0.08972   0.00010   0.12368  
 43 425.0344   3711.608003  x:  0.02245   0.02791   0.02147   0.00613   0.01469   0.01094   0.00350   0.00411   0.07700   0.01634   0.03105   0.08954   0.04423   0.02654   0.01881   0.00435   0.22292   0.05983   0.11640   0.17299   0.16544   1.11787   0.08924   0.00010   0.12348  
 44 390.5223   3710.659212  x:  0.02360   0.02877   0.02419   0.00592   0.01687   0.01161   0.00342   0.00408   0.07300   0.02075   0.03107   0.08661   0.04220   0.03234   0.02214   0.00495   0.22269   0.05776   0.11182   0.17053   0.16021   1.16743   0.08541   0.00010   0.12324  
 45 200.5294   3708.226058  x:  0.02561   0.02563   0.02530   0.00629   0.01059   0.01189   0.00366   0.00402   0.06703   0.01649   0.02504   0.07944   0.04833   0.02894   0.02216   0.00451   0.22437   0.05578   0.09325   0.16510   0.16176   1.29154   0.08841   0.00010   0.12271  
 46 423.8488   3706.950572  x:  0.02435   0.02732   0.02238   0.00601   0.01673   0.01081   0.00353   0.00405   0.06801   0.01940   0.02412   0.07783   0.05183   0.02438   0.01889   0.00498   0.22576   0.05700   0.08393   0.16321   0.16773   1.36415   0.09344   0.00010   0.12241  
 47 782.2612   3705.666351  x:  0.02094   0.03323   0.02123   0.00613   0.01481   0.01159   0.00361   0.00398   0.07658   0.01757   0.02711   0.08243   0.05105   0.02859   0.02183   0.00480   0.22740   0.06249   0.08141   0.16474   0.18388   1.43799   0.09787   0.00010   0.12217  
 48 375.8336   3705.032943  x:  0.02408   0.03032   0.02316   0.00609   0.01473   0.01099   0.00364   0.00399   0.07968   0.01784   0.02563   0.08621   0.04612   0.02694   0.01953   0.00460   0.22783   0.06427   0.08485   0.16774   0.19636   1.47414   0.09364   0.00010   0.12212  
 49 233.6318   3704.886358  x:  0.02239   0.02822   0.02138   0.00608   0.01495   0.01094   0.00365   0.00399   0.07701   0.01797   0.02671   0.08657   0.04652   0.02661   0.02077   0.00476   0.22766   0.06195   0.08769   0.16997   0.20096   1.48258   0.09267   0.00010   0.12217  
 50 67.9465   3704.839167  x:  0.02267   0.02889   0.02260   0.00606   0.01498   0.01096   0.00366   0.00398   0.07529   0.01795   0.02757   0.08629   0.04709   0.02666   0.02021   0.00479   0.22758   0.06033   0.08917   0.17131   0.20286   1.48535   0.09345   0.00010   0.12223  
 51 43.5154   3704.756444  x:  0.02350   0.02877   0.02169   0.00608   0.01498   0.01099   0.00365   0.00398   0.07521   0.01798   0.02695   0.08532   0.04673   0.02776   0.01973   0.00479   0.22757   0.05999   0.08949   0.17243   0.20317   1.48582   0.09434   0.00734   0.12238  
 52 23.6207   3704.735637  x:  0.02274   0.02886   0.02236   0.00607   0.01496   0.01096   0.00365   0.00398   0.07560   0.01796   0.02734   0.08522   0.04687   0.02691   0.02011   0.00480   0.22757   0.06037   0.08916   0.17256   0.20283   1.48553   0.09360   0.00964   0.12231  
 53 23.7601   3704.734548  x:  0.02299   0.02887   0.02227   0.00607   0.01498   0.01096   0.00366   0.00397   0.07557   0.01793   0.02757   0.08543   0.04703   0.02686   0.02018   0.00477   0.22758   0.06045   0.08907   0.17261   0.20276   1.48552   0.09348   0.00977   0.12215  
 54  3.6558   3704.732294  x:  0.02288   0.02866   0.02239   0.00607   0.01499   0.01095   0.00366   0.00397   0.07536   0.01797   0.02753   0.08622   0.04713   0.02700   0.02006   0.00478   0.22763   0.06052   0.08875   0.17293   0.20256   1.48553   0.09357   0.00995   0.12119  
 55  2.4614   3704.727067  x:  0.02289   0.02921   0.02220   0.00608   0.01494   0.01095   0.00366   0.00397   0.07518   0.01795   0.02705   0.08686   0.04687   0.02670   0.02030   0.00480   0.22775   0.06024   0.08845   0.17365   0.20232   1.48572   0.09351   0.01015   0.11838  
 56  5.8223   3704.663461  x:  0.02296   0.02884   0.02217   0.00616   0.01487   0.01073   0.00367   0.00389   0.07636   0.01797   0.02746   0.08512   0.04714   0.02701   0.02003   0.00477   0.22849   0.06018   0.08747   0.17985   0.20121   1.48862   0.09326   0.01157   0.08311  
 57 16.8796   3704.588507  x:  0.02280   0.02926   0.02203   0.00624   0.01479   0.01052   0.00368   0.00381   0.07502   0.01808   0.02711   0.08530   0.04727   0.02695   0.02004   0.00470   0.22832   0.06176   0.08873   0.17679   0.20134   1.49082   0.09332   0.01457   0.04432  
 58 42.9047   3704.577363  x:  0.02286   0.02901   0.02206   0.00626   0.01477   0.01047   0.00369   0.00379   0.07599   0.01805   0.02735   0.08575   0.04736   0.02700   0.01997   0.00475   0.22809   0.06027   0.08865   0.17572   0.20134   1.49114   0.09329   0.01511   0.03853  
 59 23.9762   3704.039452  x:  0.02238   0.03069   0.02143   0.00635   0.01433   0.00802   0.00382   0.00283   0.07634   0.01875   0.02596   0.08602   0.04920   0.02737   0.01919   0.00465   0.20779   0.06110   0.08938   0.17559   0.19905   1.52683   0.09320   0.01455   0.05547  
 60  0.3578   3703.512403  x:  0.02176   0.03100   0.02096   0.00642   0.01398   0.00558   0.00396   0.00189   0.07702   0.01940   0.02591   0.08663   0.05120   0.02796   0.01808   0.00446   0.22255   0.05984   0.09426   0.17223   0.19455   1.56153   0.09241   0.01441   0.07368  
 61 34.8349   3703.348056  x:  0.02148   0.03153   0.02072   0.00670   0.01352   0.00610   0.00431   0.00298   0.07686   0.02005   0.02564   0.08645   0.05254   0.02856   0.01756   0.00453   0.22660   0.05942   0.09636   0.17126   0.19146   1.59511   0.09186   0.01336   0.08659  
 62  0.0617   3703.294437  x:  0.02155   0.03160   0.02079   0.00670   0.01341   0.00710   0.00400   0.00252   0.07637   0.02020   0.02556   0.08600   0.05281   0.02886   0.01763   0.00461   0.22737   0.05939   0.09665   0.17163   0.18998   1.61705   0.09181   0.01346   0.08823  
 63  0.0449   3703.273004  x:  0.02175   0.03149   0.02098   0.00674   0.01341   0.00661   0.00398   0.00248   0.07569   0.02012   0.02562   0.08541   0.05252   0.02900   0.01786   0.00466   0.22595   0.05950   0.09600   0.17254   0.18917   1.64020   0.09206   0.01377   0.08675  
 64  0.0240   3703.271714  x:  0.02172   0.03138   0.02096   0.00672   0.01346   0.00659   0.00400   0.00247   0.07585   0.02003   0.02570   0.08559   0.05232   0.02887   0.01779   0.00468   0.22588   0.05938   0.09600   0.17191   0.18931   1.64301   0.09228   0.01402   0.08710  
 65  0.0028   3703.271632  x:  0.02171   0.03137   0.02094   0.00668   0.01350   0.00660   0.00401   0.00247   0.07588   0.02002   0.02568   0.08558   0.05229   0.02884   0.01781   0.00468   0.22595   0.05941   0.09598   0.17205   0.18932   1.64342   0.09228   0.01422   0.08635  
 66  0.0007   3703.271621  x:  0.02171   0.03138   0.02095   0.00667   0.01351   0.00660   0.00401   0.00247   0.07587   0.02002   0.02568   0.08558   0.05230   0.02885   0.01781   0.00468   0.22594   0.05940   0.09600   0.17201   0.18932   1.64354   0.09227   0.01430   0.08607  
 67  0.0002   3703.271621  x:  0.02171   0.03138   0.02095   0.00667   0.01351   0.00660   0.00401   0.00247   0.07587   0.02002   0.02568   0.08558   0.05230   0.02886   0.01781   0.00468   0.22593   0.05940   0.09599   0.17202   0.18932   1.64352   0.09227   0.01431   0.08604  
 68  0.0000   3703.271621  x:  0.02171   0.03138   0.02095   0.00667   0.01351   0.00660   0.00401   0.00247   0.07587   0.02002   0.02568   0.08558   0.05230   0.02886   0.01781   0.00468   0.22593   0.05940   0.09599   0.17202   0.18932   1.64352   0.09227   0.01431   0.08603  
 69  0.0000   3703.271621  x:  0.02171   0.03138   0.02095   0.00667   0.01351   0.00660   0.00401   0.00247   0.07587   0.02002   0.02568   0.08558   0.05230   0.02886   0.01781   0.00468   0.22593   0.05940   0.09599   0.17202   0.18932   1.64352   0.09227   0.01431   0.08603  
 70  0.0000   3703.271621  x:  0.02171   0.03138   0.02095   0.00667   0.01351   0.00660   0.00401   0.00247   0.07587   0.02002   0.02568   0.08558   0.05230   0.02886   0.01781   0.00468   0.22593   0.05940   0.09599   0.17202   0.18932   1.64352   0.09227   0.01431   0.08603  
 71  0.0000   3703.271621  x:  0.02171   0.03138   0.02095   0.00667   0.01351   0.00660   0.00401   0.00247   0.07587   0.02002   0.02568   0.08558   0.05230   0.02886   0.01781   0.00468   0.22593   0.05940   0.09599   0.17202   0.18932   1.64352   0.09227   0.01431   0.08603  