

TREE # 1

  0  0.0000   5641.222697  x:  0.08524   0.00000   0.09648   0.05078   0.04955   0.01834   0.02531   0.03231   0.00000   0.08045   0.06591   0.02561   0.12161   0.12812   0.05222   0.02999   0.02336   0.08644   0.07473   0.07354   0.07905   0.16709   0.19482   0.20845   0.17080  
  1 99.0000   5373.633157  x:  0.09732   0.12794   0.09351   0.03715   0.02137   0.00413   0.00000   0.00210   0.09339   0.11173   0.06715   0.05688   0.13020   0.13862   0.03378   0.03035   0.04041   0.10872   0.08735   0.08562   0.09959   0.19139   0.32538   0.11665   0.15778  
  2 3024.6890   5357.970094  x:  0.09806   0.13577   0.09333   0.03632   0.01965   0.00326   0.00007   0.00025   0.09910   0.11365   0.06723   0.05880   0.13073   0.13927   0.03265   0.03037   0.04146   0.11009   0.08812   0.08636   0.10085   0.19288   0.33338   0.11103   0.15698  
  3 250947.1313   5263.563961  x:  0.10538   0.20595   0.09098   0.02733   0.00263   0.00031   0.00055   0.03420   0.14935   0.13216   0.06768   0.07619   0.13596   0.14577   0.02178   0.03054   0.04982   0.12327   0.09576   0.09369   0.11327   0.20796   0.41185   0.05110   0.14873  
  4 20962.7318   5246.983435  x:  0.10670   0.21804   0.09052   0.02567   0.00058   0.00583   0.00062   0.03936   0.15793   0.13541   0.06772   0.07918   0.13690   0.14695   0.01994   0.03058   0.05117   0.12559   0.09711   0.09500   0.11548   0.21069   0.42577   0.04031   0.14722  
  5 46106.1676   5237.636727  x:  0.10783   0.22620   0.08994   0.02406   0.00963   0.00788   0.00067   0.04292   0.16338   0.13793   0.06757   0.08117   0.13772   0.14804   0.01889   0.03068   0.05169   0.12740   0.09821   0.09613   0.11735   0.21314   0.43697   0.03185   0.14582  
  6 8362.3132   5179.243064  x:  0.11998   0.21575   0.07655   0.00000   0.01179   0.00905   0.00068   0.04361   0.13814   0.15063   0.05811   0.07707   0.14696   0.16248   0.03316   0.03481   0.03050   0.13748   0.10656   0.10828   0.13471   0.24282   0.51597   0.05010   0.12690  
  7 950.2572   5127.508600  x:  0.13692   0.19906   0.05775   0.00692   0.01422   0.01036   0.00068   0.04390   0.10093   0.16815   0.04481   0.07082   0.15986   0.18273   0.05264   0.04024   0.00000   0.15136   0.11808   0.12522   0.15890   0.28450   0.62664   0.07158   0.10006  
  8 10580.5694   5127.508600  x:  0.13692   0.19906   0.05775   0.00692   0.01422   0.01036   0.00068   0.04390   0.10093   0.16815   0.04481   0.07082   0.15986   0.18273   0.05264   0.04024   0.00000   0.15136   0.11808   0.12522   0.15890   0.28450   0.62664   0.07158   0.10006  
  9 3766.0609   5108.422804  x:  0.13684   0.19413   0.05692   0.01111   0.01057   0.01222   0.06711   0.03587   0.09463   0.16796   0.04596   0.06978   0.15986   0.18297   0.04880   0.03777   0.00030   0.15077   0.11734   0.12514   0.15874   0.28594   0.63338   0.04677   0.09761  
 10 3523.5955   5094.147917  x:  0.13717   0.18831   0.05587   0.01260   0.00752   0.01182   0.06420   0.02602   0.08696   0.16776   0.04700   0.06877   0.16014   0.18363   0.04469   0.03536   0.00221   0.15029   0.11658   0.12548   0.15899   0.28819   0.64112   0.02949   0.09465  
 11 1054.8203   5070.945731  x:  0.13850   0.17376   0.05338   0.01576   0.00390   0.01194   0.06402   0.00150   0.06765   0.16727   0.04936   0.06652   0.16120   0.18572   0.03514   0.03015   0.00529   0.14932   0.11486   0.12681   0.16018   0.29449   0.66023   0.03112   0.08722  
 12 1211.9952   5042.915466  x:  0.14157   0.13776   0.04773   0.02153   0.01741   0.01562   0.06341   0.00000   0.02035   0.16591   0.05473   0.06132   0.16378   0.19073   0.01552   0.02111   0.00710   0.14706   0.11066   0.12987   0.16297   0.30968   0.70676   0.03175   0.06946  
 13 1434.0177   5036.560393  x:  0.14265   0.12530   0.04575   0.02366   0.02048   0.01665   0.06320   0.00020   0.00394   0.16545   0.05662   0.05949   0.16467   0.19247   0.00849   0.01774   0.00813   0.14626   0.10920   0.13095   0.16394   0.31496   0.72292   0.03214   0.06327  
 14 128636.8877   5033.369083  x:  0.14296   0.12117   0.04534   0.02433   0.02047   0.01660   0.06316   0.00019   0.00000   0.16529   0.05726   0.05902   0.16499   0.19300   0.01009   0.01877   0.00797   0.14604   0.10876   0.13127   0.16423   0.31662   0.72812   0.03221   0.06146  
 15 1759.9797   5000.099643  x:  0.14914   0.03699   0.04018   0.04222   0.02417   0.01574   0.06192   0.00029   0.00462   0.16371   0.07464   0.05098   0.17167   0.20343   0.01414   0.03119   0.00279   0.14188   0.10008   0.13744   0.16987   0.35005   0.83391   0.03355   0.02496  
 16 1396.9999   4986.196183  x:  0.15188   0.00000   0.04711   0.04017   0.02964   0.01387   0.06232   0.00036   0.00766   0.16373   0.07718   0.05004   0.17536   0.20848   0.01769   0.03508   0.02119   0.14135   0.09796   0.14018   0.17234   0.36795   0.89404   0.03430   0.04075  
 17 1032.8401   4965.509321  x:  0.15829   0.02507   0.08784   0.02338   0.04095   0.00537   0.06362   0.00052   0.01506   0.16096   0.07069   0.05529   0.18594   0.22278   0.02488   0.04695   0.05185   0.14328   0.09695   0.14659   0.17864   0.42447   1.09500   0.03524   0.03559  
 18 624.2418   4955.069644  x:  0.15761   0.03889   0.09753   0.01064   0.03248   0.03808   0.06210   0.00048   0.01876   0.15883   0.05696   0.05596   0.18767   0.22630   0.02822   0.04403   0.02912   0.14488   0.10020   0.14591   0.17932   0.45328   1.21241   0.03536   0.05664  
 19 885.8078   4945.492842  x:  0.15416   0.04996   0.09645   0.02407   0.03081   0.02936   0.06099   0.00049   0.01910   0.15776   0.04590   0.05500   0.18573   0.22482   0.02962   0.03762   0.00261   0.14642   0.10433   0.14247   0.17785   0.46722   1.28355   0.03591   0.08136  
 20 797.1375   4944.127346  x:  0.15188   0.05200   0.08837   0.01940   0.03084   0.02560   0.06116   0.00049   0.01974   0.15762   0.04668   0.05397   0.18358   0.22227   0.03016   0.03643   0.00000   0.14656   0.10582   0.14018   0.17653   0.46716   1.29526   0.03610   0.08408  
 21 258.8013   4940.086173  x:  0.14181   0.06227   0.05232   0.01612   0.03314   0.02120   0.06121   0.00054   0.02301   0.15638   0.04617   0.04884   0.17387   0.21104   0.03543   0.03180   0.00158   0.14717   0.11245   0.13011   0.17064   0.46497   1.33730   0.03712   0.09189  
 22 968.7886   4939.319324  x:  0.13728   0.06474   0.04851   0.01825   0.03280   0.02239   0.06094   0.00053   0.02203   0.15625   0.05534   0.05662   0.16962   0.20437   0.03239   0.03800   0.00143   0.14606   0.11228   0.12558   0.16872   0.45596   1.34863   0.03762   0.09523  
 23 95.6335   4938.357509  x:  0.12997   0.06153   0.05154   0.01688   0.03244   0.02145   0.06078   0.00052   0.02184   0.15446   0.04783   0.06794   0.16095   0.18977   0.03113   0.03930   0.00166   0.14314   0.10906   0.11827   0.16689   0.42914   1.36558   0.03856   0.09241  
 24 83.4649   4937.846596  x:  0.12965   0.06120   0.05621   0.01704   0.03283   0.02205   0.06056   0.00053   0.02189   0.15499   0.05250   0.06519   0.15767   0.18353   0.03468   0.03257   0.00169   0.14336   0.10838   0.11796   0.16858   0.40652   1.37665   0.03915   0.09159  
 25 77.7155   4937.368844  x:  0.13384   0.06170   0.05583   0.01710   0.03241   0.02211   0.06045   0.00052   0.02162   0.15622   0.05116   0.05760   0.15909   0.18475   0.03179   0.03811   0.00162   0.14532   0.10962   0.12215   0.17230   0.37843   1.38838   0.03954   0.09244  
 26 68.9294   4937.196770  x:  0.13594   0.06191   0.05286   0.01718   0.03251   0.02197   0.06043   0.00052   0.02178   0.15605   0.05085   0.06226   0.16400   0.19115   0.03282   0.03615   0.00160   0.14507   0.10989   0.12424   0.17238   0.36719   1.39288   0.03958   0.09254  
 27 34.7693   4937.026727  x:  0.13413   0.06210   0.05405   0.01707   0.03227   0.02190   0.06034   0.00052   0.02173   0.15341   0.05144   0.05905   0.16285   0.19813   0.03253   0.03638   0.00166   0.14140   0.10586   0.12243   0.16321   0.36412   1.39555   0.03984   0.09283  
 28  5.4472   4936.029107  x:  0.13770   0.05846   0.05903   0.01669   0.03051   0.02147   0.06006   0.00050   0.02057   0.15814   0.05175   0.05983   0.15839   0.20268   0.03103   0.03627   0.00168   0.14733   0.12367   0.12600   0.13926   0.36342   1.40843   0.04026   0.08949  
 29  9.3423   4925.468519  x:  0.19517   0.05401   0.04908   0.01673   0.01405   0.01700   0.05762   0.00034   0.01448   0.16827   0.05368   0.06972   0.15456   0.17575   0.02139   0.03245   0.00226   0.13972   0.08931   0.18347   0.09901   0.38948   1.53566   0.04256   0.08684  
 30 30.3799   4917.831294  x:  0.18573   0.04762   0.05329   0.01556   0.00357   0.01393   0.05615   0.00024   0.01043   0.14895   0.05790   0.06619   0.15922   0.18665   0.01403   0.03137   0.00272   0.13503   0.10050   0.17404   0.12417   0.40366   1.61001   0.04397   0.08282  
 31 119.5065   4917.313686  x:  0.17944   0.04713   0.05379   0.01555   0.00272   0.01395   0.05600   0.00023   0.00986   0.16465   0.05726   0.06514   0.16143   0.19060   0.01360   0.03122   0.00282   0.13951   0.09569   0.16774   0.12701   0.40472   1.61644   0.04414   0.08192  
 32 49.5691   4917.048914  x:  0.17747   0.04713   0.05452   0.01575   0.00289   0.01387   0.05585   0.00023   0.00966   0.16909   0.05708   0.06277   0.17028   0.18691   0.01341   0.03146   0.00287   0.12949   0.09933   0.16577   0.12640   0.40542   1.62082   0.04424   0.08178  
 33  2.0384   4912.361120  x:  0.15237   0.04266   0.05791   0.01838   0.00616   0.01116   0.05336   0.00022   0.00762   0.16269   0.05767   0.05235   0.21418   0.18182   0.01170   0.02989   0.00327   0.16526   0.08871   0.14068   0.13244   0.41866   1.70510   0.04479   0.07924  
 34 11.8430   4905.961758  x:  0.14141   0.03911   0.05755   0.02182   0.01149   0.00705   0.05026   0.00022   0.00604   0.19194   0.05562   0.05624   0.16682   0.22439   0.01297   0.02485   0.00384   0.15143   0.09376   0.12972   0.17938   0.43747   1.81652   0.04490   0.07693  
 35 86.5718   4895.050116  x:  0.12765   0.03955   0.04924   0.04241   0.00911   0.02484   0.03769   0.00030   0.00686   0.16880   0.04420   0.04547   0.17529   0.23049   0.02495   0.01572   0.00420   0.14603   0.10768   0.11596   0.20549   0.47096   2.11081   0.04509   0.07052  
 36  0.6462   4879.722871  x:  0.14024   0.02426   0.06050   0.04117   0.00746   0.01726   0.01342   0.00054   0.00711   0.13003   0.05903   0.05005   0.19776   0.22613   0.02818   0.04899   0.00757   0.13671   0.11408   0.12855   0.23322   0.51660   2.54223   0.03952   0.07034  
 37  0.3933   4875.433424  x:  0.14657   0.02166   0.05587   0.03541   0.00856   0.01201   0.00456   0.00060   0.00494   0.15419   0.06103   0.05361   0.19269   0.21905   0.03095   0.04611   0.00877   0.13878   0.10895   0.13488   0.22872   0.52186   2.66557   0.03933   0.06811  
 38  0.1607   4873.958585  x:  0.15085   0.02464   0.05261   0.02864   0.00884   0.00944   0.00848   0.00059   0.00356   0.16605   0.06052   0.05560   0.18482   0.21564   0.03116   0.03919   0.00900   0.14203   0.10349   0.13916   0.21440   0.51247   2.62593   0.04093   0.06847  
 39  0.0726   4873.111337  x:  0.15202   0.02646   0.05293   0.02554   0.00829   0.01180   0.00656   0.00058   0.00043   0.16434   0.05892   0.05575   0.17683   0.21928   0.02982   0.03348   0.00978   0.14296   0.10065   0.14035   0.20387   0.50868   2.66040   0.04236   0.06688  
 40  0.0384   4872.921806  x:  0.15119   0.02793   0.05318   0.02663   0.00734   0.01069   0.00575   0.00062   0.00071   0.15889   0.05798   0.05426   0.18042   0.21845   0.03098   0.03211   0.01013   0.14277   0.10274   0.13952   0.19939   0.50753   2.67749   0.04248   0.06896  
 41  0.0250   4872.720445  x:  0.14906   0.02893   0.05593   0.02814   0.00689   0.01276   0.00617   0.00068   0.00152   0.15861   0.05716   0.05395   0.18218   0.22162   0.03115   0.03379   0.01090   0.14196   0.10490   0.13738   0.19945   0.50586   2.68166   0.04209   0.07067  
 42  0.0064   4872.087234  x:  0.15215   0.02420   0.05728   0.02268   0.00642   0.01190   0.00631   0.00102   0.00131   0.16218   0.05764   0.05675   0.18085   0.22389   0.03183   0.03274   0.01574   0.14019   0.10298   0.14048   0.19876   0.50066   2.74547   0.04118   0.07149  
 43  0.0139   4871.558825  x:  0.15450   0.02078   0.05122   0.02805   0.00638   0.01192   0.00676   0.00131   0.00084   0.16169   0.05514   0.05530   0.17670   0.22276   0.02969   0.03472   0.01966   0.14109   0.10196   0.14283   0.20402   0.50533   2.79846   0.04181   0.07332  
 44  0.0306   4871.297178  x:  0.15059   0.01584   0.05592   0.02761   0.00690   0.01179   0.00679   0.00156   0.00089   0.16032   0.05884   0.05293   0.18237   0.22258   0.02956   0.03354   0.02294   0.14392   0.10224   0.13891   0.20893   0.51097   2.81175   0.04232   0.07157  
 45  0.0121   4871.074287  x:  0.14970   0.01785   0.05361   0.02648   0.00752   0.01195   0.00623   0.00190   0.00102   0.16128   0.05868   0.05522   0.17949   0.22022   0.02868   0.03204   0.02691   0.14177   0.10147   0.13801   0.20503   0.51280   2.78305   0.04210   0.07241  
 46  0.0097   4870.949631  x:  0.15178   0.01550   0.05529   0.02698   0.00768   0.01134   0.00660   0.00209   0.00142   0.15896   0.05685   0.05399   0.18026   0.21883   0.02774   0.03334   0.02857   0.14116   0.10310   0.14009   0.20353   0.50986   2.72029   0.04181   0.06968  
 47  0.0293   4870.885823  x:  0.15053   0.01588   0.05411   0.02683   0.00756   0.01174   0.00614   0.00216   0.00148   0.15936   0.05812   0.05328   0.18099   0.22078   0.02814   0.03397   0.02844   0.14212   0.10156   0.13884   0.20364   0.50321   2.67090   0.04220   0.06914  
 48  0.0212   4870.854802  x:  0.15048   0.01542   0.05451   0.02713   0.00706   0.01173   0.00625   0.00218   0.00074   0.16048   0.05809   0.05447   0.17937   0.22040   0.02864   0.03305   0.02790   0.14201   0.10210   0.13879   0.20274   0.49865   2.65642   0.04234   0.06937  
 49  0.0070   4870.811806  x:  0.15014   0.01519   0.05488   0.02745   0.00698   0.01151   0.00628   0.00233   0.00070   0.16128   0.05839   0.05335   0.17884   0.21978   0.02968   0.03366   0.02773   0.14138   0.10169   0.13848   0.20693   0.50280   2.66128   0.04186   0.07188  
 50  0.0017   4870.719697  x:  0.14877   0.01482   0.05450   0.02706   0.00734   0.01220   0.00618   0.00273   0.00027   0.15870   0.05740   0.05458   0.18163   0.22025   0.02998   0.03309   0.02757   0.14351   0.10306   0.13717   0.20817   0.51223   2.65735   0.04184   0.07234  
 51  0.0025   4870.498460  x:  0.15157   0.01976   0.05486   0.02637   0.00781   0.01165   0.00645   0.00334   0.00123   0.15921   0.05689   0.05315   0.17876   0.22127   0.03084   0.03248   0.02157   0.14024   0.10125   0.14013   0.20088   0.51054   2.66142   0.04247   0.07206  
 52  0.0024   4870.395677  x:  0.14995   0.01972   0.05420   0.02719   0.00761   0.01167   0.00620   0.00375   0.00075   0.15989   0.05794   0.05478   0.17975   0.21958   0.02917   0.03356   0.01958   0.14189   0.10358   0.13860   0.20048   0.50417   2.68696   0.04226   0.07024  
 53  0.0139   4870.371709  x:  0.15060   0.01970   0.05462   0.02734   0.00741   0.01177   0.00625   0.00401   0.00071   0.15960   0.05825   0.05415   0.18102   0.21926   0.02828   0.03335   0.02085   0.14203   0.10224   0.13927   0.20163   0.50313   2.68302   0.04211   0.06998  
 54  0.0030   4870.365415  x:  0.15027   0.02004   0.05443   0.02706   0.00728   0.01170   0.00627   0.00419   0.00085   0.16029   0.05804   0.05404   0.18031   0.22023   0.02845   0.03335   0.02047   0.14194   0.10243   0.13898   0.20284   0.50428   2.68413   0.04218   0.07016  
 55  0.0015   4870.365056  x:  0.15027   0.01991   0.05442   0.02707   0.00725   0.01172   0.00625   0.00420   0.00089   0.16013   0.05796   0.05422   0.18035   0.22021   0.02842   0.03334   0.02058   0.14200   0.10249   0.13897   0.20304   0.50484   2.68491   0.04216   0.07000  
 56  0.0008   4870.365027  x:  0.15025   0.01993   0.05441   0.02707   0.00723   0.01173   0.00626   0.00419   0.00089   0.16016   0.05796   0.05416   0.18031   0.22021   0.02842   0.03332   0.02056   0.14200   0.10247   0.13896   0.20304   0.50500   2.68489   0.04215   0.06995  
 57  0.0001   4870.365023  x:  0.15025   0.01994   0.05441   0.02707   0.00724   0.01172   0.00625   0.00419   0.00089   0.16018   0.05797   0.05418   0.18031   0.22022   0.02842   0.03333   0.02055   0.14200   0.10247   0.13896   0.20306   0.50505   2.68487   0.04215   0.06994  
 58  0.0000   4870.365022  x:  0.15024   0.01995   0.05441   0.02707   0.00724   0.01172   0.00626   0.00419   0.00089   0.16017   0.05797   0.05418   0.18032   0.22022   0.02841   0.03333   0.02055   0.14200   0.10247   0.13896   0.20307   0.50505   2.68486   0.04215   0.06994  
 59  0.0000   4870.365022  x:  0.15024   0.01995   0.05441   0.02707   0.00724   0.01172   0.00626   0.00419   0.00089   0.16017   0.05797   0.05418   0.18032   0.22022   0.02841   0.03333   0.02055   0.14200   0.10247   0.13896   0.20308   0.50505   2.68486   0.04215   0.06994  
 60  0.0000   4870.365022  x:  0.15024   0.01995   0.05441   0.02707   0.00724   0.01172   0.00626   0.00419   0.00089   0.16017   0.05797   0.05418   0.18032   0.22022   0.02841   0.03333   0.02055   0.14200   0.10247   0.13896   0.20308   0.50505   2.68486   0.04215   0.06994  
 61  0.0000   4870.365022  x:  0.15025   0.01995   0.05441   0.02707   0.00724   0.01172   0.00626   0.00419   0.00089   0.16017   0.05797   0.05418   0.18032   0.22022   0.02841   0.03333   0.02055   0.14200   0.10247   0.13896   0.20308   0.50505   2.68486   0.04215   0.06994  
 62  0.0000   4870.365022  x:  0.15025   0.01995   0.05441   0.02707   0.00724   0.01172   0.00626   0.00419   0.00089   0.16017   0.05797   0.05418   0.18032   0.22022   0.02841   0.03333   0.02055   0.14200   0.10247   0.13895   0.20308   0.50505   2.68486   0.04215   0.06994  
 63  0.0000   4870.365022  x:  0.15025   0.01995   0.05441   0.02707   0.00724   0.01172   0.00626   0.00419   0.00089   0.16017   0.05797   0.05418   0.18032   0.22022   0.02841   0.03333   0.02055   0.14200   0.10247   0.13895   0.20308   0.50505   2.68486   0.04215   0.06994  
 64  0.0000   4870.365022  x:  0.15025   0.01995   0.05441   0.02707   0.00724   0.01172   0.00626   0.00419   0.00089   0.16017   0.05797   0.05418   0.18032   0.22022   0.02841   0.03333   0.02055   0.14200   0.10247   0.13895   0.20308   0.50505   2.68486   0.04215   0.06994  