

TREE # 1

  0  0.0000   5629.274296  x:  0.00000   0.07798   0.04437   0.03063   0.04944   0.04859   0.03309   0.00016   0.10505   0.08858   0.00153   0.12502   0.10298   0.02705   0.06001   0.02080   0.11678   0.06819   0.12865   0.11762   0.17527   0.21554   0.19551   0.23550   0.19644  
  1 99.0000   5427.565911  x:  0.26140   0.08521   0.03188   0.00143   0.02193   0.01636   0.00000   0.08461   0.12316   0.08038   0.33565   0.13919   0.13076   0.01826   0.04412   0.05878   0.12699   0.08454   0.14889   0.12409   0.19855   0.34265   0.09813   0.22445   0.18932  
  2 5425.5217   5421.397336  x:  0.27060   0.08545   0.03142   0.00052   0.02096   0.01522   0.00206   0.08756   0.12381   0.08009   0.34742   0.13969   0.13175   0.01796   0.04355   0.06010   0.12736   0.08512   0.14961   0.12432   0.19939   0.34720   0.09459   0.22405   0.18906  
  3 143439.5476   5366.833957  x:  0.31782   0.08247   0.02416   0.09771   0.01229   0.00284   0.00836   0.09674   0.13042   0.07602   0.41017   0.14335   0.14019   0.01936   0.03783   0.06222   0.13020   0.09055   0.15775   0.12773   0.20936   0.39201   0.04056   0.21883   0.18564  
  4 6002.4790   5351.119726  x:  0.31680   0.07921   0.02043   0.09657   0.00826   0.01330   0.00827   0.09147   0.13273   0.07451   0.41070   0.14434   0.14299   0.02181   0.03662   0.05855   0.13063   0.09205   0.16136   0.12991   0.21421   0.40589   0.02615   0.21628   0.18390  
  5 1390.1344   5317.794718  x:  0.31417   0.07109   0.01159   0.09663   0.00000   0.01719   0.00826   0.07782   0.13865   0.07086   0.41208   0.14713   0.15042   0.02712   0.03369   0.04924   0.13168   0.09579   0.17087   0.13582   0.22697   0.44069   0.03039   0.20962   0.17937  
  6 1688.2877   5282.379027  x:  0.31055   0.05980   0.00000   0.09618   0.00309   0.02184   0.00820   0.05882   0.14685   0.06583   0.41410   0.15096   0.16074   0.03421   0.02963   0.03621   0.13312   0.10095   0.18410   0.14400   0.24473   0.48917   0.03508   0.20030   0.17301  
  7 16930.4325   5206.919205  x:  0.30025   0.02851   0.00224   0.09488   0.00965   0.03448   0.00803   0.00614   0.16951   0.05194   0.41942   0.16156   0.18932   0.05373   0.01844   0.00000   0.13709   0.11522   0.22074   0.16666   0.29392   0.62356   0.04735   0.17443   0.15536  
  8 22351.6007   5161.154784  x:  0.28417   0.01052   0.00205   0.08360   0.00841   0.00240   0.00734   0.00051   0.17790   0.05369   0.41109   0.16493   0.20182   0.05332   0.01936   0.00000   0.13789   0.11908   0.23898   0.17658   0.31861   0.69512   0.03278   0.15713   0.14360  
  9 1987.5532   5152.426595  x:  0.27847   0.00680   0.00213   0.08238   0.00868   0.00051   0.00726   0.00994   0.17973   0.05636   0.40793   0.16554   0.20503   0.05118   0.02063   0.00000   0.13791   0.11942   0.24409   0.17909   0.32564   0.71649   0.03242   0.15118   0.13961  
 10 2144.8635   5140.118605  x:  0.27247   0.00000   0.00217   0.08185   0.00881   0.00133   0.00721   0.01214   0.17709   0.06665   0.40685   0.16405   0.20621   0.03310   0.03013   0.00000   0.13672   0.11604   0.24854   0.17920   0.33161   0.74225   0.03320   0.14078   0.13255  
 11 1237.6868   5126.974816  x:  0.26328   0.00795   0.00220   0.08086   0.00883   0.00175   0.00713   0.01284   0.17282   0.08048   0.40489   0.16161   0.20767   0.00749   0.04289   0.00000   0.13498   0.11083   0.25488   0.17914   0.34025   0.78036   0.03384   0.12486   0.12186  
 12 4229.6363   5111.808591  x:  0.24468   0.01710   0.00238   0.07974   0.00965   0.00222   0.00705   0.01098   0.13951   0.11875   0.40988   0.14459   0.19427   0.02765   0.09211   0.00000   0.12779   0.08245   0.25387   0.16205   0.34076   0.84787   0.03621   0.07221   0.08836  
 13 582.7102   5099.798295  x:  0.22842   0.01591   0.00237   0.07849   0.00965   0.00217   0.00695   0.01208   0.11805   0.11121   0.41493   0.13018   0.17632   0.02611   0.08016   0.00000   0.13242   0.07551   0.24264   0.14261   0.32818   0.87856   0.03750   0.01857   0.06148  
 14 362.7492   5099.315075  x:  0.22689   0.01585   0.00237   0.07839   0.00965   0.00217   0.00695   0.01216   0.11688   0.11071   0.41540   0.12913   0.17480   0.02602   0.07930   0.00420   0.13304   0.07514   0.24158   0.14097   0.32682   0.88110   0.03761   0.01650   0.05930  
 15 434.9559   5095.598469  x:  0.20668   0.01548   0.00237   0.07727   0.00970   0.00220   0.00686   0.01298   0.11179   0.10651   0.42177   0.11962   0.15781   0.02567   0.07145   0.00552   0.14242   0.07324   0.22720   0.12264   0.30777   0.90909   0.03879   0.03237   0.03623  
 16 186.1853   5091.035843  x:  0.16529   0.01723   0.00239   0.07628   0.00992   0.00244   0.00679   0.01333   0.13627   0.11096   0.43628   0.12648   0.14520   0.02772   0.07465   0.00573   0.14219   0.09009   0.20609   0.11340   0.26476   0.93863   0.03981   0.02842   0.04519  
 17 108.2418   5085.382107  x:  0.11119   0.01787   0.00236   0.07595   0.01002   0.00267   0.00676   0.01564   0.12549   0.10343   0.45350   0.14406   0.15151   0.02817   0.06397   0.00701   0.13129   0.07149   0.20059   0.14019   0.22892   0.96010   0.03966   0.03201   0.05256  
 18 108.8480   5077.120251  x:  0.05646   0.02108   0.00231   0.07655   0.01037   0.00331   0.00678   0.02027   0.10233   0.10000   0.45269   0.14019   0.15341   0.03162   0.06500   0.00747   0.14109   0.10925   0.21604   0.16063   0.23908   0.96475   0.03837   0.03407   0.04195  
 19 71.7688   5061.185757  x:  0.01715   0.02512   0.00222   0.07756   0.01095   0.00434   0.00683   0.02710   0.14036   0.09135   0.40417   0.12699   0.15223   0.03676   0.05457   0.00742   0.14494   0.09407   0.23528   0.16291   0.26994   0.97295   0.03602   0.02850   0.01552  
 20 123.9358   5030.474533  x:  0.00000   0.03128   0.00207   0.07777   0.01217   0.00622   0.00680   0.04185   0.14701   0.06992   0.25798   0.10320   0.14007   0.04541   0.02424   0.00772   0.16045   0.07482   0.25306   0.14630   0.30658   1.03552   0.03345   0.03032   0.05612  
 21 412.2384   5000.502101  x:  0.01504   0.03771   0.00193   0.07804   0.01341   0.00807   0.00677   0.05721   0.14988   0.04304   0.08956   0.11186   0.14130   0.05325   0.00808   0.00742   0.16568   0.07832   0.25933   0.15333   0.30762   1.09908   0.03092   0.02953   0.05060  
 22 1223.7630   4999.234329  x:  0.01490   0.03807   0.00192   0.07808   0.01347   0.00817   0.00677   0.05876   0.14999   0.03413   0.08105   0.11369   0.14318   0.05281   0.01326   0.00742   0.16826   0.07738   0.25807   0.15179   0.30893   1.10247   0.03077   0.02930   0.05107  
 23 338.2926   4997.846605  x:  0.01218   0.03863   0.00192   0.07815   0.01355   0.00827   0.00677   0.05928   0.14669   0.03588   0.07338   0.13144   0.15990   0.05342   0.01206   0.00748   0.17981   0.07520   0.24422   0.13874   0.31785   1.10421   0.03049   0.02795   0.04990  
 24 91.1629   4997.495204  x:  0.01238   0.03866   0.00191   0.07814   0.01358   0.00826   0.00677   0.05917   0.14755   0.03676   0.07157   0.12579   0.16255   0.05342   0.01221   0.00768   0.18083   0.07547   0.22282   0.14869   0.32627   1.10637   0.03051   0.02771   0.05020  
 25 19.5487   4997.223833  x:  0.01194   0.03858   0.00191   0.07810   0.01359   0.00825   0.00677   0.05913   0.14689   0.03604   0.07127   0.13348   0.15281   0.05323   0.01227   0.00784   0.17452   0.07631   0.21631   0.15044   0.33430   1.10813   0.03053   0.02837   0.05023  
 26 10.4535   4982.358608  x:  0.00995   0.03812   0.00162   0.07421   0.01475   0.00761   0.00648   0.05259   0.14915   0.05321   0.03203   0.13011   0.17094   0.05045   0.01654   0.00919   0.11207   0.09527   0.23982   0.13518   0.34134   1.18838   0.03351   0.03802   0.04993  
 27  3.3117   4979.292799  x:  0.01194   0.03844   0.00158   0.07333   0.01510   0.00749   0.00641   0.05038   0.15375   0.06337   0.02198   0.13949   0.15660   0.05069   0.01972   0.00888   0.13841   0.09082   0.25048   0.14975   0.33947   1.20595   0.03412   0.03583   0.05151  
 28 100.6353   4943.685807  x:  0.04450   0.03608   0.00000   0.04532   0.02168   0.00533   0.00446   0.02757   0.19572   0.10820   0.10820   0.20289   0.18427   0.04267   0.04108   0.01162   0.16508   0.10339   0.30243   0.19789   0.44444   1.62140   0.05558   0.04577   0.07502  
 29  2.0098   4902.657861  x:  0.04992   0.04108   0.00663   0.00636   0.02607   0.00557   0.00182   0.02739   0.13871   0.07742   0.09931   0.18207   0.23097   0.02598   0.03912   0.01377   0.14086   0.11638   0.23911   0.17139   0.40111   1.95801   0.06191   0.02616   0.04584  
 30  0.1563   4890.924604  x:  0.03893   0.03858   0.00678   0.00775   0.02446   0.00453   0.00196   0.01451   0.15403   0.04640   0.05966   0.15917   0.22166   0.02110   0.03035   0.01608   0.12285   0.10194   0.25846   0.18359   0.39602   1.97754   0.05426   0.03710   0.04130  
 31  0.0457   4885.860273  x:  0.03398   0.04133   0.00723   0.00653   0.02296   0.00405   0.00194   0.00168   0.16675   0.06577   0.05393   0.16720   0.20134   0.02378   0.03587   0.01750   0.13388   0.09719   0.28628   0.19158   0.41425   2.00169   0.04593   0.04075   0.04529  
 32  0.0561   4883.331453  x:  0.02663   0.05011   0.00767   0.00459   0.02276   0.00565   0.00185   0.01016   0.16901   0.06168   0.04813   0.17494   0.20829   0.03262   0.03444   0.01852   0.15175   0.10497   0.28734   0.19712   0.43808   2.07992   0.04398   0.03801   0.04441  
 33  0.0773   4880.619944  x:  0.02016   0.05615   0.00841   0.01137   0.02159   0.00616   0.00237   0.00631   0.15608   0.05940   0.04368   0.18138   0.21449   0.03357   0.03352   0.01962   0.15943   0.10332   0.27480   0.18407   0.48658   2.21332   0.04342   0.02892   0.04577  
 34  0.0761   4878.679447  x:  0.01957   0.05839   0.00914   0.00713   0.02136   0.00598   0.00214   0.00000   0.15061   0.05935   0.04662   0.18485   0.22029   0.02963   0.03423   0.02089   0.15231   0.10157   0.27047   0.18328   0.51059   2.36060   0.04557   0.02810   0.04741  
 35  0.1834   4877.079695  x:  0.02032   0.06357   0.00998   0.00616   0.02032   0.00679   0.00214   0.00392   0.15841   0.06336   0.05518   0.18810   0.22191   0.02862   0.03603   0.02276   0.13705   0.09942   0.27871   0.19703   0.52367   2.47851   0.04578   0.03563   0.05162  
 36  0.1039   4875.845455  x:  0.01311   0.06841   0.01110   0.00734   0.01767   0.00725   0.00235   0.00193   0.16290   0.05962   0.05103   0.17910   0.22006   0.02691   0.03454   0.02459   0.13940   0.10147   0.28750   0.21230   0.51202   2.61834   0.04298   0.03911   0.04878  
 37  0.0853   4875.061365  x:  0.01670   0.06875   0.01205   0.00787   0.01540   0.00735   0.00250   0.00266   0.15951   0.06061   0.05769   0.16983   0.21858   0.02362   0.03417   0.02423   0.14631   0.10047   0.28394   0.20179   0.49486   2.72545   0.04554   0.03480   0.04852  
 38  0.0541   4874.365892  x:  0.02184   0.06538   0.01288   0.00754   0.01222   0.00697   0.00262   0.00134   0.16475   0.06154   0.05149   0.17397   0.21282   0.02729   0.03328   0.02329   0.14021   0.10063   0.28487   0.18726   0.47345   2.74613   0.04557   0.03592   0.04985  
 39  0.0096   4873.965689  x:  0.02160   0.06124   0.01324   0.00818   0.01103   0.00656   0.00276   0.00151   0.16279   0.06180   0.05194   0.18331   0.21653   0.03045   0.03249   0.02212   0.14434   0.10562   0.28355   0.19743   0.46835   2.71267   0.04698   0.03733   0.04863  
 40  0.0152   4873.545955  x:  0.02122   0.05688   0.01426   0.00714   0.00923   0.00611   0.00286   0.00144   0.15948   0.06092   0.05207   0.18153   0.21980   0.02915   0.03215   0.02118   0.14286   0.09848   0.28406   0.20359   0.49216   2.71328   0.04644   0.03680   0.04989  
 41  0.0085   4873.344032  x:  0.02051   0.05473   0.01456   0.00833   0.00988   0.00595   0.00300   0.00208   0.16037   0.06179   0.05512   0.17648   0.21997   0.02773   0.03323   0.02058   0.14440   0.10005   0.28616   0.20335   0.50297   2.67111   0.04519   0.03505   0.04978  
 42  0.0195   4873.103657  x:  0.02103   0.05134   0.01612   0.00751   0.00910   0.00568   0.00317   0.00157   0.16454   0.06016   0.05549   0.17421   0.21891   0.02754   0.03352   0.01987   0.14314   0.10691   0.28897   0.19836   0.49741   2.70358   0.04511   0.03489   0.04812  
 43  0.0115   4872.705294  x:  0.02117   0.05032   0.01819   0.00666   0.01229   0.00580   0.00339   0.00116   0.16638   0.05808   0.05591   0.18059   0.21840   0.02846   0.03492   0.01999   0.13964   0.10569   0.29117   0.19465   0.50937   2.74359   0.04584   0.03696   0.04728  
 44  0.0110   4872.430404  x:  0.02167   0.04919   0.02038   0.00815   0.01201   0.00588   0.00380   0.00070   0.16330   0.06010   0.05604   0.18014   0.21648   0.02905   0.03507   0.01962   0.14438   0.10000   0.29155   0.19799   0.50168   2.79123   0.04540   0.03695   0.04717  
 45  0.0242   4872.298685  x:  0.02197   0.04809   0.02175   0.00684   0.01240   0.00592   0.00391   0.00059   0.16168   0.05927   0.05352   0.17851   0.21979   0.02910   0.03405   0.01929   0.14469   0.10138   0.28826   0.20395   0.49186   2.79380   0.04532   0.03625   0.04787  
 46  0.0055   4872.148729  x:  0.02427   0.04934   0.02299   0.00738   0.01292   0.00624   0.00411   0.00024   0.16388   0.06088   0.05384   0.18096   0.22232   0.02922   0.03305   0.01947   0.14180   0.10163   0.28428   0.20501   0.49143   2.75882   0.04539   0.03556   0.05363  
 47  0.0097   4872.063533  x:  0.02353   0.04991   0.02340   0.00730   0.01282   0.00634   0.00416   0.00000   0.16352   0.06049   0.05415   0.18048   0.22140   0.02890   0.03252   0.01954   0.14316   0.10137   0.28463   0.20429   0.49269   2.74256   0.04534   0.03523   0.05362  
 48  0.0148   4871.896107  x:  0.02059   0.05248   0.02541   0.00707   0.01210   0.00675   0.00442   0.00000   0.16302   0.05981   0.05525   0.17989   0.21612   0.02833   0.03088   0.01993   0.14567   0.10109   0.28693   0.19940   0.49329   2.67736   0.04539   0.03523   0.05174  
 49  0.0585   4871.853641  x:  0.02043   0.05306   0.02573   0.00716   0.01183   0.00679   0.00446   0.00000   0.16287   0.05883   0.05465   0.17899   0.21675   0.02885   0.03172   0.02011   0.14289   0.10158   0.28645   0.19775   0.48929   2.67427   0.04586   0.03632   0.04842  
 50  0.0028   4871.838168  x:  0.02078   0.05344   0.02622   0.00716   0.01183   0.00680   0.00452   0.00000   0.16338   0.05977   0.05485   0.17860   0.21806   0.02866   0.03271   0.02019   0.14275   0.10137   0.28533   0.19910   0.48974   2.66305   0.04569   0.03608   0.04871  
 51  0.0061   4871.831063  x:  0.02051   0.05375   0.02626   0.00714   0.01175   0.00675   0.00452   0.00000   0.16324   0.05896   0.05421   0.17871   0.21812   0.02836   0.03330   0.02028   0.14410   0.10128   0.28496   0.19939   0.49014   2.66168   0.04571   0.03573   0.04884  
 52  0.0010   4871.828111  x:  0.02058   0.05381   0.02624   0.00717   0.01174   0.00666   0.00451   0.00000   0.16302   0.05899   0.05406   0.17952   0.21753   0.02805   0.03360   0.02034   0.14337   0.10139   0.28526   0.19924   0.48962   2.66229   0.04573   0.03584   0.04948  
 53  0.0006   4871.823407  x:  0.01992   0.05404   0.02649   0.00716   0.01173   0.00646   0.00452   0.00000   0.16277   0.05917   0.05416   0.17910   0.21730   0.02803   0.03349   0.02043   0.14368   0.10137   0.28590   0.19862   0.48717   2.66010   0.04580   0.03604   0.04921  
 54  0.0005   4871.819451  x:  0.02003   0.05424   0.02644   0.00717   0.01185   0.00627   0.00448   0.00000   0.16330   0.05902   0.05413   0.17893   0.21824   0.02829   0.03330   0.02049   0.14353   0.10112   0.28528   0.19859   0.48856   2.66185   0.04579   0.03585   0.04964  
 55  0.0011   4871.818157  x:  0.02014   0.05450   0.02645   0.00717   0.01176   0.00623   0.00447   0.00000   0.16317   0.05899   0.05430   0.17904   0.21779   0.02836   0.03322   0.02052   0.14347   0.10131   0.28510   0.19907   0.48945   2.66275   0.04571   0.03579   0.04924  
 56  0.0007   4871.817885  x:  0.02031   0.05438   0.02652   0.00717   0.01179   0.00621   0.00447   0.00000   0.16304   0.05897   0.05423   0.17905   0.21769   0.02835   0.03316   0.02046   0.14356   0.10132   0.28510   0.19918   0.48939   2.66157   0.04572   0.03585   0.04921  
 57  0.0006   4871.817583  x:  0.02040   0.05444   0.02653   0.00716   0.01183   0.00623   0.00446   0.00000   0.16317   0.05901   0.05418   0.17889   0.21769   0.02826   0.03320   0.02039   0.14355   0.10137   0.28532   0.19908   0.48991   2.66426   0.04572   0.03589   0.04912  
 58  0.0006   4871.816652  x:  0.02044   0.05454   0.02655   0.00719   0.01177   0.00621   0.00441   0.00000   0.16323   0.05911   0.05394   0.17919   0.21783   0.02828   0.03319   0.02008   0.14350   0.10149   0.28537   0.19902   0.49026   2.66193   0.04576   0.03584   0.04905  
 59  0.0004   4871.815627  x:  0.02064   0.05456   0.02659   0.00718   0.01177   0.00624   0.00435   0.00000   0.16311   0.05900   0.05411   0.17911   0.21781   0.02828   0.03315   0.01982   0.14356   0.10133   0.28496   0.19912   0.48912   2.66348   0.04572   0.03582   0.04923  
 60  0.0006   4871.815127  x:  0.02063   0.05450   0.02666   0.00718   0.01180   0.00623   0.00433   0.00000   0.16316   0.05886   0.05439   0.17907   0.21775   0.02830   0.03325   0.01980   0.14350   0.10136   0.28504   0.19892   0.48970   2.66154   0.04571   0.03594   0.04922  
 61  0.0009   4871.813577  x:  0.02044   0.05447   0.02679   0.00717   0.01179   0.00625   0.00425   0.00000   0.16300   0.05892   0.05427   0.17899   0.21768   0.02845   0.03324   0.02009   0.14355   0.10144   0.28533   0.19902   0.48958   2.66355   0.04574   0.03593   0.04937  
 62  0.0003   4871.813063  x:  0.02035   0.05435   0.02681   0.00720   0.01177   0.00627   0.00419   0.00000   0.16304   0.05893   0.05423   0.17886   0.21764   0.02839   0.03319   0.02031   0.14351   0.10135   0.28533   0.19910   0.48966   2.66266   0.04573   0.03583   0.04934  
 63  0.0006   4871.812960  x:  0.02034   0.05434   0.02678   0.00720   0.01178   0.00626   0.00420   0.00000   0.16313   0.05893   0.05424   0.17900   0.21773   0.02832   0.03320   0.02032   0.14352   0.10134   0.28516   0.19911   0.48949   2.66213   0.04573   0.03584   0.04922  
 64  0.0004   4871.812956  x:  0.02034   0.05435   0.02679   0.00720   0.01178   0.00626   0.00419   0.00000   0.16313   0.05893   0.05423   0.17904   0.21774   0.02832   0.03320   0.02032   0.14353   0.10134   0.28516   0.19909   0.48950   2.66227   0.04573   0.03585   0.04922  
 65  0.0001   4871.812956  x:  0.02034   0.05435   0.02679   0.00720   0.01178   0.00626   0.00419   0.00000   0.16313   0.05893   0.05423   0.17905   0.21775   0.02832   0.03320   0.02032   0.14353   0.10134   0.28516   0.19909   0.48951   2.66229   0.04573   0.03585   0.04922  
 66  0.0000   4871.812956  x:  0.02034   0.05435   0.02679   0.00720   0.01178   0.00626   0.00419   0.00000   0.16313   0.05893   0.05423   0.17905   0.21775   0.02832   0.03320   0.02032   0.14353   0.10134   0.28516   0.19909   0.48951   2.66229   0.04573   0.03585   0.04922  
 67  0.0000   4871.812956  x:  0.02034   0.05435   0.02679   0.00720   0.01178   0.00626   0.00419   0.00000   0.16313   0.05893   0.05423   0.17905   0.21775   0.02832   0.03320   0.02032   0.14353   0.10134   0.28516   0.19909   0.48951   2.66229   0.04573   0.03585   0.04922  
 68  0.0000   4871.812956  x:  0.02034   0.05435   0.02679   0.00720   0.01178   0.00626   0.00419   0.00000   0.16313   0.05893   0.05423   0.17905   0.21775   0.02832   0.03320   0.02032   0.14353   0.10134   0.28516   0.19909   0.48951   2.66229   0.04573   0.03585   0.04922  