

TREE # 1

  0  0.0000   4060.925994  x:  0.07712   0.08003   0.04650   0.04554   0.04826   0.01396   0.00888   0.02276   0.05893   0.07719   0.03674   0.09183   0.03326   0.04665   0.05366   0.00000   0.08595   0.04538   0.08703   0.10616   0.13087   0.18003   0.22313   0.23934   0.16362  
  1 99.0000   4003.302399  x:  0.07014   0.07276   0.03991   0.03487   0.03898   0.00772   0.00000   0.01154   0.06138   0.06886   0.03271   0.09132   0.03687   0.04215   0.04704   0.01903   0.10283   0.05326   0.08873   0.11207   0.13510   0.20960   0.20772   0.23836   0.16116  
  2 1545.5724   3957.883946  x:  0.06295   0.06528   0.03314   0.02387   0.02945   0.00148   0.00152   0.00000   0.06389   0.06027   0.02855   0.09079   0.04057   0.03752   0.04023   0.03818   0.12015   0.06132   0.09047   0.11815   0.13945   0.24001   0.19184   0.23735   0.15863  
  3 37265.6690   3930.039920  x:  0.05670   0.05893   0.02745   0.01444   0.02133   0.00009   0.00263   0.00472   0.06604   0.05290   0.02501   0.09032   0.04364   0.03363   0.03441   0.05291   0.13461   0.06788   0.09190   0.12331   0.14315   0.26581   0.17807   0.23647   0.15644  
  4 12126.0277   3893.794333  x:  0.04777   0.04986   0.01931   0.00098   0.00974   0.00231   0.00415   0.01031   0.06910   0.04236   0.01994   0.08965   0.04803   0.02807   0.02610   0.07394   0.15527   0.07725   0.09394   0.13068   0.14845   0.30269   0.15837   0.23522   0.15331  
  5 274985.3697   3865.517842  x:  0.03385   0.03807   0.01092   0.02886   0.00143   0.00445   0.00562   0.01592   0.07309   0.02673   0.01378   0.08858   0.05301   0.02218   0.01541   0.09068   0.18109   0.08650   0.09624   0.14073   0.15599   0.35409   0.12655   0.23324   0.14837  
  6 3572.3133   3846.100198  x:  0.02024   0.02854   0.00825   0.04487   0.02618   0.00601   0.00666   0.02017   0.07684   0.01217   0.01026   0.08753   0.05723   0.01886   0.00803   0.10135   0.20414   0.09331   0.09816   0.15011   0.16326   0.40298   0.09404   0.23120   0.14329  
  7 5126.0904   3821.455698  x:  0.00951   0.03166   0.03043   0.04838   0.02752   0.00635   0.00661   0.02078   0.07990   0.01591   0.01961   0.08649   0.05902   0.03049   0.02927   0.08944   0.22122   0.09059   0.09980   0.15887   0.17125   0.45299   0.05510   0.22838   0.13630  
  8 1331.2738   3776.024825  x:  0.03656   0.04616   0.02171   0.04080   0.02570   0.00506   0.00387   0.01512   0.08355   0.03579   0.03005   0.08360   0.05022   0.03579   0.01068   0.00000   0.24924   0.05967   0.10726   0.18042   0.19448   0.57823   0.04781   0.21881   0.11177  
  9 697.5271   3770.264697  x:  0.04258   0.05047   0.02416   0.04391   0.02820   0.00539   0.00409   0.01600   0.08286   0.03995   0.03519   0.08292   0.04612   0.03964   0.01750   0.00128   0.25004   0.04657   0.10844   0.18499   0.20062   0.61211   0.06645   0.21525   0.10271  
 10 529.2844   3769.571905  x:  0.04117   0.04935   0.02456   0.04371   0.02804   0.00536   0.00404   0.01589   0.08212   0.03815   0.03530   0.08295   0.04577   0.03939   0.01866   0.00000   0.24795   0.04601   0.10804   0.18474   0.20077   0.61561   0.06856   0.21455   0.10097  
 11 299.9185   3764.309422  x:  0.03780   0.04410   0.02914   0.04133   0.02569   0.00511   0.00388   0.01523   0.06931   0.02932   0.04070   0.08376   0.03624   0.03757   0.01259   0.00073   0.20241   0.03312   0.10159   0.17660   0.20031   0.65101   0.06861   0.20406   0.07462  
 12 338.6697   3761.360773  x:  0.04240   0.04209   0.02307   0.04150   0.02630   0.00511   0.00387   0.01521   0.06655   0.03227   0.04320   0.08422   0.04000   0.03796   0.01702   0.00067   0.16851   0.04405   0.09849   0.17004   0.19933   0.67544   0.06916   0.19504   0.05353  
 13 360.8339   3760.920557  x:  0.04024   0.04451   0.02665   0.04147   0.02617   0.00511   0.00386   0.01518   0.07242   0.03394   0.03885   0.08413   0.04314   0.03814   0.01428   0.00065   0.16396   0.04510   0.09804   0.16729   0.19739   0.67905   0.07073   0.19067   0.04760  
 14 86.0497   3760.752291  x:  0.03954   0.04653   0.02451   0.04130   0.02626   0.00509   0.00385   0.01512   0.07469   0.03388   0.03509   0.08403   0.04279   0.03817   0.01612   0.00071   0.16332   0.04308   0.09788   0.16495   0.19522   0.67980   0.06994   0.18623   0.04434  
 15 56.4257   3760.495835  x:  0.03933   0.05175   0.02445   0.04145   0.02625   0.00511   0.00386   0.01519   0.07268   0.03189   0.03552   0.08451   0.04002   0.03893   0.01574   0.00065   0.16657   0.04571   0.09823   0.15944   0.18905   0.68063   0.07050   0.16986   0.03984  
 16 37.3897   3760.168529  x:  0.03939   0.05091   0.02400   0.04154   0.02630   0.00512   0.00387   0.01521   0.07105   0.03239   0.03859   0.08551   0.04521   0.03719   0.01571   0.00067   0.16878   0.04328   0.09908   0.15484   0.18244   0.68139   0.07058   0.14180   0.03969  
 17 65.8698   3759.803970  x:  0.04010   0.04571   0.02487   0.04156   0.02640   0.00513   0.00387   0.01521   0.07251   0.03458   0.03742   0.08630   0.04217   0.03822   0.01572   0.00065   0.16871   0.04369   0.10110   0.15417   0.17930   0.68203   0.07075   0.10923   0.04285  
 18 110.4410   3759.688636  x:  0.04010   0.04886   0.02475   0.04141   0.02621   0.00511   0.00386   0.01517   0.07252   0.03198   0.03673   0.08704   0.04311   0.03808   0.01594   0.00067   0.16736   0.04391   0.10160   0.15794   0.18323   0.68097   0.07046   0.09812   0.04336  
 19 31.3419   3759.648505  x:  0.03799   0.04916   0.02400   0.04140   0.02628   0.00511   0.00386   0.01516   0.07207   0.03360   0.03725   0.08731   0.04271   0.03736   0.01577   0.00068   0.16784   0.04406   0.09966   0.15883   0.18546   0.68021   0.07060   0.09563   0.04205  
 20 11.4012   3759.554467  x:  0.04014   0.04692   0.02503   0.04136   0.02620   0.00510   0.00385   0.01515   0.07192   0.03282   0.03670   0.08738   0.04319   0.03777   0.01595   0.00068   0.16984   0.04404   0.09473   0.15822   0.18908   0.67894   0.07046   0.09358   0.03884  
 21  9.1682   3758.409621  x:  0.03435   0.04429   0.02019   0.04020   0.02519   0.00499   0.00377   0.01480   0.07995   0.02660   0.04318   0.08620   0.04388   0.04676   0.01413   0.00075   0.17142   0.04386   0.09404   0.14499   0.19998   0.68148   0.07113   0.09350   0.04206  
 22  4.7946   3754.323527  x:  0.02584   0.03906   0.02559   0.03794   0.02361   0.00475   0.00357   0.01400   0.07946   0.02127   0.03660   0.08437   0.04317   0.02717   0.01896   0.00101   0.17702   0.04862   0.10482   0.12095   0.21850   0.69292   0.07207   0.09746   0.04929  
 23 55.7134   3751.101078  x:  0.01515   0.03240   0.02602   0.03583   0.02244   0.00454   0.00339   0.01332   0.06716   0.01952   0.02365   0.08718   0.05012   0.03550   0.01781   0.00123   0.18125   0.05066   0.10705   0.12670   0.21259   0.70093   0.07431   0.10204   0.04932  
 24 83.5522   3749.141668  x:  0.01184   0.02896   0.02527   0.03446   0.02124   0.00439   0.00326   0.01285   0.07628   0.01291   0.02914   0.09004   0.04798   0.03068   0.01930   0.00136   0.18261   0.05206   0.09984   0.14289   0.19670   0.70512   0.07477   0.10547   0.04696  
 25 102.3734   3749.045405  x:  0.01164   0.03109   0.02521   0.03439   0.02122   0.00438   0.00325   0.01282   0.07602   0.01276   0.02775   0.08817   0.04808   0.03017   0.01945   0.00137   0.18177   0.05275   0.09405   0.14268   0.19507   0.70725   0.07501   0.10551   0.05169  
 26 20.6245   3748.838579  x:  0.01211   0.03174   0.02517   0.03430   0.02121   0.00437   0.00324   0.01278   0.07645   0.01292   0.02666   0.09934   0.04790   0.02991   0.01966   0.00138   0.18199   0.05305   0.09188   0.14166   0.19476   0.71039   0.07512   0.10615   0.05419  
 27  1.6740   3729.036626  x:  0.03469   0.01711   0.01806   0.02105   0.01584   0.00304   0.00188   0.00768   0.08082   0.01733   0.01273   0.07642   0.05753   0.02339   0.02051   0.00214   0.22134   0.06539   0.08405   0.19143   0.16617   0.90823   0.08068   0.13031   0.06397  
 28  6.3007   3718.064825  x:  0.03225   0.04301   0.01025   0.01220   0.01237   0.00223   0.00106   0.00442   0.08286   0.02107   0.02693   0.08145   0.05972   0.02532   0.01692   0.00257   0.24212   0.07032   0.10177   0.20146   0.18037   1.07500   0.08489   0.14711   0.05516  
 29  0.3287   3712.138104  x:  0.02749   0.03731   0.02845   0.00608   0.00953   0.00184   0.00077   0.00266   0.07574   0.02271   0.03191   0.08988   0.05662   0.03209   0.01333   0.00292   0.23641   0.06871   0.10120   0.18003   0.19540   1.22462   0.09001   0.13561   0.05903  
 30  0.1736   3708.551574  x:  0.01964   0.03065   0.02753   0.00949   0.01360   0.00254   0.00162   0.00457   0.07336   0.02679   0.03230   0.09002   0.04906   0.03285   0.01966   0.00333   0.22006   0.06214   0.09642   0.15664   0.19114   1.32462   0.09038   0.11918   0.05793  
 31  0.0851   3706.206197  x:  0.02199   0.03216   0.02248   0.00486   0.01318   0.00243   0.00177   0.00375   0.07169   0.01868   0.02318   0.08388   0.04942   0.03126   0.02230   0.00387   0.21583   0.05827   0.09876   0.15681   0.19171   1.44828   0.08928   0.12655   0.05470  
 32  0.1129   3704.778393  x:  0.02153   0.03118   0.02026   0.00539   0.01510   0.00281   0.00223   0.00412   0.07837   0.02231   0.02579   0.08162   0.05265   0.02594   0.02123   0.00449   0.22551   0.05736   0.09454   0.17760   0.18586   1.56340   0.08911   0.14269   0.05776  
 33  0.0852   3704.352147  x:  0.02306   0.03109   0.02037   0.00655   0.01592   0.00310   0.00257   0.00455   0.07688   0.01899   0.02669   0.08347   0.05427   0.03073   0.01898   0.00474   0.22834   0.05754   0.09557   0.17736   0.18823   1.62106   0.08950   0.14327   0.05998  
 34  0.0592   3704.156014  x:  0.02094   0.03023   0.02029   0.00557   0.01570   0.00317   0.00272   0.00425   0.07575   0.01986   0.02637   0.08623   0.05352   0.02999   0.01727   0.00496   0.22800   0.05815   0.09650   0.17285   0.19088   1.67585   0.09012   0.13977   0.06162  
 35  0.0526   3704.078339  x:  0.02135   0.03191   0.02139   0.00601   0.01550   0.00329   0.00287   0.00417   0.07569   0.01961   0.02582   0.08370   0.05247   0.02854   0.01693   0.00501   0.22674   0.05925   0.09712   0.17176   0.18997   1.69329   0.09043   0.13834   0.06082  
 36  0.0122   3703.952681  x:  0.02241   0.03098   0.02075   0.00588   0.01423   0.00342   0.00306   0.00343   0.07664   0.02009   0.02710   0.08208   0.05136   0.02944   0.01751   0.00503   0.22489   0.06091   0.09371   0.17101   0.18746   1.71019   0.09096   0.13750   0.06059  
 37  0.0062   3703.805203  x:  0.02228   0.03163   0.02037   0.00666   0.01307   0.00367   0.00336   0.00271   0.07654   0.02054   0.02512   0.08567   0.05236   0.02930   0.01854   0.00497   0.22554   0.06126   0.09563   0.17248   0.19115   1.70676   0.09083   0.13995   0.05988  
 38  0.0044   3703.692192  x:  0.02145   0.03077   0.02068   0.00717   0.01303   0.00394   0.00368   0.00261   0.07422   0.01975   0.02681   0.08423   0.05430   0.02913   0.01766   0.00487   0.22719   0.05811   0.09749   0.17261   0.18973   1.68644   0.09030   0.14030   0.06087  
 39  0.0080   3703.575356  x:  0.02084   0.03160   0.02071   0.00666   0.01322   0.00435   0.00420   0.00230   0.07816   0.01968   0.02587   0.08323   0.05246   0.02980   0.01721   0.00475   0.22797   0.05690   0.09649   0.17303   0.18863   1.66680   0.08996   0.13920   0.06143  
 40  0.0067   3703.460805  x:  0.02194   0.03100   0.02075   0.00593   0.01432   0.00481   0.00474   0.00248   0.07590   0.01973   0.02651   0.08519   0.05135   0.02883   0.01760   0.00464   0.22674   0.05865   0.09468   0.17327   0.19043   1.64905   0.09008   0.13854   0.06139  
 41  0.0074   3703.435374  x:  0.02172   0.03123   0.02075   0.00600   0.01449   0.00506   0.00500   0.00243   0.07553   0.02017   0.02611   0.08440   0.05280   0.02947   0.01764   0.00462   0.22681   0.05928   0.09657   0.17242   0.18949   1.64952   0.09026   0.13841   0.06035  
 42  0.0023   3703.429820  x:  0.02173   0.03118   0.02073   0.00598   0.01445   0.00522   0.00512   0.00245   0.07633   0.01985   0.02616   0.08432   0.05297   0.02917   0.01776   0.00464   0.22627   0.05932   0.09620   0.17201   0.18999   1.65328   0.09017   0.13882   0.06035  
 43  0.0017   3703.415974  x:  0.02140   0.03136   0.02085   0.00607   0.01405   0.00550   0.00513   0.00264   0.07595   0.02022   0.02628   0.08500   0.05273   0.02931   0.01781   0.00469   0.22595   0.05929   0.09561   0.17275   0.18872   1.65379   0.09003   0.13897   0.06055  
 44  0.0003   3703.398158  x:  0.02166   0.03124   0.02063   0.00587   0.01344   0.00570   0.00490   0.00267   0.07553   0.02004   0.02620   0.08395   0.05262   0.02941   0.01783   0.00474   0.22675   0.05923   0.09635   0.17292   0.19067   1.65451   0.08994   0.13922   0.06086  
 45  0.0010   3703.366384  x:  0.02207   0.03109   0.02064   0.00590   0.01378   0.00600   0.00428   0.00281   0.07642   0.01979   0.02589   0.08471   0.05294   0.02921   0.01754   0.00476   0.22779   0.05886   0.09750   0.17159   0.18890   1.64611   0.09032   0.13673   0.06027  
 46  0.0022   3703.342843  x:  0.02185   0.03099   0.02070   0.00600   0.01406   0.00641   0.00400   0.00251   0.07597   0.02028   0.02615   0.08446   0.05287   0.02915   0.01763   0.00478   0.22655   0.05919   0.09579   0.17162   0.18982   1.64879   0.09066   0.13843   0.06006  
 47  0.0020   3703.339101  x:  0.02168   0.03126   0.02069   0.00595   0.01425   0.00651   0.00400   0.00249   0.07588   0.01998   0.02608   0.08440   0.05280   0.02931   0.01769   0.00480   0.22643   0.05905   0.09616   0.17240   0.18969   1.65101   0.09040   0.13896   0.06031  
 48  0.0018   3703.338700  x:  0.02167   0.03120   0.02075   0.00596   0.01424   0.00652   0.00396   0.00249   0.07595   0.01999   0.02620   0.08444   0.05275   0.02931   0.01771   0.00479   0.22649   0.05912   0.09632   0.17238   0.18971   1.65057   0.09023   0.13862   0.06048  
 49  0.0004   3703.338615  x:  0.02167   0.03121   0.02074   0.00595   0.01425   0.00650   0.00397   0.00248   0.07593   0.02001   0.02616   0.08443   0.05278   0.02930   0.01771   0.00478   0.22647   0.05919   0.09625   0.17235   0.18969   1.65035   0.09014   0.13859   0.06047  
 50  0.0002   3703.338587  x:  0.02168   0.03121   0.02074   0.00595   0.01425   0.00650   0.00396   0.00249   0.07593   0.02000   0.02614   0.08442   0.05280   0.02931   0.01770   0.00477   0.22651   0.05917   0.09623   0.17235   0.18973   1.65019   0.09012   0.13867   0.06041  
 51  0.0001   3703.338536  x:  0.02169   0.03120   0.02074   0.00595   0.01424   0.00651   0.00396   0.00248   0.07593   0.02000   0.02617   0.08444   0.05278   0.02930   0.01769   0.00473   0.22652   0.05918   0.09625   0.17234   0.18968   1.65056   0.09013   0.13871   0.06036  
 52  0.0001   3703.338518  x:  0.02168   0.03120   0.02074   0.00595   0.01425   0.00651   0.00397   0.00249   0.07594   0.02001   0.02616   0.08443   0.05278   0.02930   0.01770   0.00471   0.22651   0.05919   0.09625   0.17235   0.18972   1.65061   0.09014   0.13867   0.06042  
 53  0.0001   3703.338517  x:  0.02169   0.03121   0.02074   0.00595   0.01425   0.00651   0.00396   0.00249   0.07593   0.02001   0.02616   0.08443   0.05278   0.02930   0.01771   0.00471   0.22650   0.05919   0.09625   0.17235   0.18970   1.65064   0.09015   0.13865   0.06044  
 54  0.0000   3703.338517  x:  0.02168   0.03121   0.02074   0.00595   0.01425   0.00651   0.00396   0.00249   0.07593   0.02001   0.02616   0.08443   0.05278   0.02930   0.01770   0.00471   0.22650   0.05919   0.09625   0.17235   0.18971   1.65062   0.09015   0.13865   0.06044  
 55  0.0000   3703.338517  x:  0.02168   0.03121   0.02074   0.00595   0.01425   0.00651   0.00396   0.00249   0.07593   0.02001   0.02616   0.08443   0.05278   0.02930   0.01770   0.00471   0.22650   0.05919   0.09625   0.17235   0.18970   1.65062   0.09015   0.13865   0.06044  
 56  0.0000   3703.338517  x:  0.02168   0.03121   0.02074   0.00595   0.01425   0.00651   0.00396   0.00249   0.07593   0.02001   0.02616   0.08443   0.05278   0.02930   0.01770   0.00471   0.22650   0.05919   0.09625   0.17235   0.18970   1.65062   0.09015   0.13865   0.06044  
 57  0.0000   3703.338517  x:  0.02168   0.03121   0.02074   0.00595   0.01425   0.00651   0.00396   0.00249   0.07593   0.02001   0.02616   0.08443   0.05278   0.02930   0.01770   0.00471   0.22650   0.05919   0.09625   0.17235   0.18970   1.65062   0.09015   0.13865   0.06044  
check convergence!
