

TREE # 1

  0  0.0000   4006.907088  x:  0.01735   0.06253   0.02392   0.02629   0.04968   0.03511   0.05391   0.01151   0.02310   0.04025   0.04567   0.02836   0.05161   0.04452   0.04268   0.02354   0.00000   0.13048   0.07285   0.05490   0.12078   0.15400   0.17901   0.17062   0.18406  
  1 99.0000   3947.974657  x:  0.02192   0.05561   0.02674   0.02521   0.03728   0.02599   0.04106   0.00000   0.01015   0.05088   0.03999   0.02768   0.05999   0.04531   0.03894   0.02249   0.01562   0.13947   0.07331   0.05946   0.12572   0.15691   0.21310   0.15192   0.18084  
  2 1392.2271   3912.723140  x:  0.02540   0.05010   0.02896   0.02434   0.02746   0.01899   0.03095   0.00360   0.00000   0.05897   0.03551   0.02711   0.06644   0.04592   0.03604   0.02168   0.02623   0.14650   0.07360   0.06294   0.12960   0.15920   0.23974   0.13709   0.17827  
  3 14703.3986   3858.611877  x:  0.03361   0.03685   0.03427   0.02229   0.00386   0.00241   0.00664   0.01164   0.00430   0.07806   0.02483   0.02569   0.08172   0.04739   0.02915   0.01979   0.05028   0.16332   0.07421   0.07115   0.13889   0.16469   0.30340   0.10144   0.17206  
  4 14921.8833   3845.291934  x:  0.03558   0.03217   0.03579   0.02159   0.00217   0.01429   0.00099   0.01302   0.00513   0.08260   0.02176   0.02506   0.08582   0.04782   0.02766   0.01961   0.05294   0.16884   0.07391   0.07313   0.14198   0.16659   0.32399   0.08927   0.16949  
  5 2770.0056   3826.100686  x:  0.04014   0.02019   0.03941   0.01984   0.00760   0.03186   0.01830   0.01589   0.00697   0.09290   0.01481   0.02334   0.09566   0.04886   0.02465   0.01954   0.05611   0.18304   0.07272   0.07768   0.14997   0.17159   0.37679   0.05860   0.16239  
  6 4117.4683   3787.963206  x:  0.03908   0.01180   0.03923   0.01900   0.01652   0.02720   0.01401   0.01126   0.00574   0.08631   0.03489   0.02107   0.09941   0.04974   0.03753   0.02597   0.00000   0.20721   0.06414   0.07663   0.16441   0.18260   0.46256   0.06547   0.14110  
  7 729.5641   3782.307064  x:  0.03503   0.01874   0.03629   0.01976   0.02469   0.02960   0.01404   0.01276   0.00648   0.07439   0.04675   0.02138   0.09600   0.04994   0.04582   0.02886   0.00494   0.21783   0.05937   0.07258   0.17085   0.18815   0.50038   0.08266   0.12786  
  8 765.0323   3775.185736  x:  0.02540   0.03970   0.02664   0.02390   0.01802   0.03207   0.01734   0.01244   0.00645   0.05353   0.03597   0.02712   0.08354   0.05007   0.04057   0.01940   0.00094   0.22291   0.05814   0.06294   0.17360   0.19176   0.53320   0.09097   0.10863  
  9 471.0153   3772.958358  x:  0.01929   0.02758   0.02433   0.02206   0.01491   0.03231   0.01820   0.01231   0.00638   0.04878   0.03026   0.02759   0.06744   0.05023   0.03755   0.02229   0.00195   0.21791   0.05876   0.05683   0.17091   0.19201   0.54217   0.09500   0.08730  
 10 162.9119   3771.452123  x:  0.01996   0.02868   0.03195   0.02472   0.01571   0.03271   0.01835   0.01243   0.00645   0.05555   0.02971   0.02787   0.05890   0.05073   0.03559   0.01873   0.00173   0.20909   0.06017   0.05750   0.16664   0.19198   0.54722   0.09835   0.05815  
 11 154.3985   3770.772673  x:  0.02112   0.03037   0.02919   0.02151   0.01572   0.03277   0.01837   0.01246   0.00647   0.05615   0.02920   0.02719   0.06185   0.05137   0.03642   0.02047   0.00157   0.20353   0.06124   0.05866   0.16393   0.19144   0.54830   0.09825   0.04105  
 12 158.5781   3770.716179  x:  0.02102   0.02931   0.02886   0.02356   0.01565   0.03278   0.01839   0.01246   0.00647   0.05515   0.02947   0.02770   0.06354   0.05158   0.03655   0.01987   0.00170   0.20251   0.06102   0.05856   0.16335   0.19111   0.54840   0.09820   0.03930  
 13 35.2731   3770.700695  x:  0.02097   0.02911   0.02905   0.02294   0.01517   0.03292   0.01858   0.01246   0.00647   0.05488   0.03019   0.02804   0.06382   0.05168   0.03639   0.01918   0.00175   0.20136   0.06032   0.05851   0.16258   0.19053   0.54895   0.09823   0.03952  
 14  7.7206   3770.660943  x:  0.02121   0.02963   0.02899   0.02347   0.01485   0.03304   0.01873   0.01247   0.00647   0.05503   0.03022   0.02804   0.06376   0.05181   0.03646   0.02041   0.00171   0.19802   0.05918   0.05876   0.16034   0.18871   0.55087   0.09842   0.04081  
 15 14.0980   3770.614422  x:  0.02165   0.02940   0.02826   0.02337   0.01622   0.03278   0.01827   0.01252   0.00649   0.05505   0.02952   0.02703   0.06378   0.05140   0.03657   0.01936   0.00171   0.19559   0.06022   0.05920   0.15866   0.18698   0.55266   0.09903   0.04200  
 16 17.2393   3770.475745  x:  0.02139   0.02934   0.03093   0.02238   0.01642   0.03274   0.01822   0.01254   0.00649   0.05379   0.02875   0.02859   0.06506   0.05146   0.03682   0.02026   0.00162   0.19435   0.06499   0.05894   0.15740   0.18390   0.55484   0.09969   0.04299  
 17 11.0481   3769.501090  x:  0.01810   0.03023   0.02970   0.02413   0.01044   0.03411   0.02040   0.01257   0.00641   0.05763   0.03318   0.02301   0.06713   0.05005   0.03386   0.02095   0.00160   0.19759   0.07210   0.05564   0.15769   0.17195   0.56106   0.09970   0.04338  
 18 17.1154   3763.117197  x:  0.02421   0.03114   0.02862   0.02293   0.01608   0.02808   0.01500   0.01272   0.00580   0.05801   0.02770   0.02848   0.06712   0.05418   0.02276   0.02102   0.00276   0.21899   0.06134   0.06174   0.16700   0.12561   0.59144   0.08593   0.04139  
 19 62.6077   3758.438862  x:  0.03013   0.02925   0.02973   0.02221   0.00551   0.02796   0.01708   0.01271   0.00535   0.06066   0.01597   0.02882   0.06839   0.05360   0.03765   0.01588   0.00329   0.22605   0.05677   0.06766   0.17006   0.11900   0.61351   0.08185   0.04342  
 20 172.6124   3748.382064  x:  0.02967   0.03063   0.02463   0.02265   0.00222   0.02213   0.01359   0.01295   0.00438   0.06827   0.01445   0.03674   0.07508   0.05131   0.02715   0.01624   0.00491   0.22063   0.06425   0.06717   0.16461   0.16178   0.66643   0.06007   0.05489  
 21 175.3352   3747.640678  x:  0.02599   0.03054   0.02634   0.02140   0.00346   0.02146   0.01291   0.01300   0.00434   0.07125   0.01051   0.03596   0.07932   0.05183   0.02541   0.01624   0.00489   0.22036   0.06207   0.06349   0.16414   0.16522   0.67054   0.06103   0.05580  
 22 178.5780   3747.613359  x:  0.02643   0.03034   0.02656   0.02133   0.00315   0.02161   0.01308   0.01300   0.00434   0.07108   0.01019   0.03547   0.07966   0.05241   0.02456   0.01636   0.00486   0.22025   0.06202   0.06394   0.16446   0.16551   0.67076   0.06176   0.05588  
 23 28.8728   3747.574186  x:  0.02630   0.03053   0.02755   0.02129   0.00320   0.02145   0.01295   0.01297   0.00432   0.06994   0.01026   0.03340   0.07957   0.05485   0.02461   0.01632   0.00490   0.21930   0.06205   0.06380   0.16570   0.16577   0.67099   0.06112   0.05598  
 24 14.4074   3747.389336  x:  0.02562   0.03027   0.02569   0.02138   0.00328   0.02155   0.01302   0.01303   0.00433   0.07227   0.01043   0.03564   0.07956   0.05814   0.02518   0.01584   0.00486   0.21403   0.06305   0.06313   0.17459   0.16541   0.67324   0.06183   0.05675  
 25  7.0794   3746.896314  x:  0.02554   0.03013   0.02820   0.02113   0.00332   0.02118   0.01276   0.01302   0.00428   0.07015   0.01054   0.03384   0.08078   0.04968   0.02416   0.01696   0.00490   0.20544   0.06204   0.06304   0.18907   0.16536   0.67832   0.06133   0.05707  
 26 29.5976   3725.384295  x:  0.04422   0.01090   0.03197   0.01943   0.00910   0.01482   0.00754   0.01568   0.00330   0.07372   0.02422   0.02153   0.09811   0.05618   0.01900   0.02105   0.00322   0.23642   0.06107   0.08167   0.17395   0.20110   0.91054   0.08299   0.06550  
 27 12.2073   3716.948783  x:  0.02922   0.02839   0.03802   0.01776   0.00707   0.01037   0.00498   0.01636   0.00236   0.08325   0.02402   0.02062   0.10241   0.05448   0.03614   0.01901   0.00037   0.23403   0.05799   0.06660   0.16883   0.20290   1.06856   0.08932   0.05650  
 28  0.2551   3711.632416  x:  0.03243   0.02413   0.02948   0.02671   0.00664   0.00982   0.00436   0.01689   0.00167   0.08033   0.02046   0.03522   0.07959   0.05113   0.03648   0.01558   0.00234   0.21418   0.06922   0.06976   0.16767   0.18979   1.24557   0.08850   0.04693  
 29  0.1209   3708.520392  x:  0.02215   0.01990   0.02935   0.02325   0.00443   0.01537   0.00823   0.01706   0.00165   0.07839   0.02112   0.02848   0.08243   0.05184   0.03282   0.01612   0.00363   0.21637   0.05845   0.05941   0.17043   0.18319   1.39498   0.09264   0.05256  
 30  0.1117   3707.132932  x:  0.03119   0.02310   0.02758   0.02100   0.00580   0.01583   0.00792   0.01678   0.00140   0.07366   0.02157   0.02380   0.08337   0.05340   0.02663   0.01792   0.00386   0.22476   0.05842   0.06845   0.17291   0.18508   1.48838   0.09364   0.05939  
 31  0.1155   3706.425406  x:  0.03004   0.02008   0.03139   0.01940   0.00573   0.01344   0.00585   0.01585   0.00090   0.07596   0.02042   0.02562   0.08611   0.05303   0.02840   0.01832   0.00450   0.22989   0.05761   0.06727   0.17299   0.18702   1.57509   0.09361   0.06247  
 32  0.0716   3705.634677  x:  0.02952   0.02287   0.03479   0.02305   0.00619   0.01551   0.00611   0.01350   0.00143   0.07682   0.01924   0.02838   0.08492   0.05264   0.02974   0.01706   0.00488   0.22434   0.06296   0.06674   0.16725   0.19262   1.67589   0.09603   0.06051  
 33  0.0411   3704.469589  x:  0.02683   0.02171   0.03185   0.02059   0.00621   0.01555   0.00481   0.00745   0.00203   0.07462   0.01742   0.02315   0.08599   0.05278   0.02977   0.01777   0.00595   0.22076   0.05675   0.06403   0.17461   0.19222   1.77576   0.09533   0.05733  
 34  0.0345   3703.863818  x:  0.02847   0.02199   0.02967   0.01953   0.00615   0.01604   0.00552   0.00386   0.00255   0.07665   0.01874   0.02753   0.08672   0.05292   0.02861   0.01774   0.00588   0.22629   0.05619   0.06567   0.17402   0.19022   1.73774   0.09479   0.05815  
 35  0.0282   3703.635049  x:  0.02983   0.02165   0.03015   0.02088   0.00589   0.01561   0.00629   0.00459   0.00258   0.07707   0.02006   0.02702   0.08616   0.05302   0.02905   0.01744   0.00533   0.22836   0.05860   0.06705   0.17203   0.18834   1.65321   0.09453   0.05946  
 36  0.0917   3703.599774  x:  0.02962   0.02154   0.03081   0.02126   0.00580   0.01515   0.00623   0.00387   0.00261   0.07681   0.02015   0.02592   0.08577   0.05304   0.02917   0.01741   0.00526   0.22702   0.05924   0.06684   0.17155   0.18845   1.64453   0.09460   0.05944  
 37  0.0118   3703.588444  x:  0.02936   0.02157   0.03128   0.02090   0.00573   0.01462   0.00621   0.00403   0.00252   0.07671   0.02011   0.02590   0.08537   0.05294   0.02888   0.01763   0.00514   0.22522   0.05898   0.06658   0.17154   0.18898   1.64439   0.09490   0.05943  
 38  0.0015   3703.583916  x:  0.02959   0.02154   0.03104   0.02097   0.00569   0.01439   0.00638   0.00394   0.00249   0.07659   0.01991   0.02614   0.08534   0.05282   0.02907   0.01759   0.00505   0.22594   0.05874   0.06682   0.17188   0.18904   1.64917   0.09519   0.05973  
 39  0.0025   3703.582784  x:  0.02949   0.02162   0.03100   0.02096   0.00573   0.01434   0.00647   0.00396   0.00248   0.07672   0.01992   0.02605   0.08554   0.05298   0.02891   0.01754   0.00502   0.22609   0.05899   0.06673   0.17154   0.18896   1.65017   0.09522   0.05970  
 40  0.0008   3703.582377  x:  0.02948   0.02156   0.03103   0.02097   0.00579   0.01432   0.00651   0.00396   0.00248   0.07676   0.01991   0.02602   0.08556   0.05293   0.02900   0.01759   0.00500   0.22594   0.05901   0.06672   0.17166   0.18886   1.64991   0.09511   0.05958  
 41  0.0002   3703.582307  x:  0.02948   0.02157   0.03105   0.02097   0.00581   0.01430   0.00651   0.00395   0.00249   0.07676   0.01992   0.02605   0.08554   0.05292   0.02898   0.01755   0.00499   0.22596   0.05894   0.06672   0.17165   0.18888   1.64997   0.09506   0.05961  
 42  0.0001   3703.582285  x:  0.02948   0.02158   0.03105   0.02095   0.00581   0.01430   0.00651   0.00396   0.00249   0.07672   0.01993   0.02605   0.08551   0.05294   0.02898   0.01757   0.00499   0.22599   0.05897   0.06672   0.17163   0.18891   1.65018   0.09503   0.05966  
 43  0.0001   3703.582269  x:  0.02948   0.02158   0.03105   0.02097   0.00580   0.01430   0.00651   0.00396   0.00250   0.07673   0.01993   0.02604   0.08553   0.05293   0.02899   0.01756   0.00497   0.22598   0.05897   0.06671   0.17166   0.18893   1.65026   0.09502   0.05968  
 44  0.0000   3703.582264  x:  0.02948   0.02158   0.03104   0.02096   0.00580   0.01430   0.00651   0.00396   0.00250   0.07674   0.01993   0.02605   0.08553   0.05293   0.02898   0.01756   0.00497   0.22597   0.05897   0.06671   0.17164   0.18891   1.65034   0.09503   0.05965  
 45  0.0001   3703.582263  x:  0.02949   0.02158   0.03104   0.02096   0.00580   0.01430   0.00650   0.00396   0.00250   0.07674   0.01993   0.02604   0.08553   0.05293   0.02898   0.01756   0.00497   0.22598   0.05897   0.06672   0.17164   0.18891   1.65037   0.09503   0.05965  
 46  0.0000   3703.582263  x:  0.02948   0.02158   0.03105   0.02096   0.00580   0.01430   0.00650   0.00396   0.00250   0.07674   0.01993   0.02604   0.08553   0.05293   0.02898   0.01756   0.00497   0.22598   0.05897   0.06672   0.17165   0.18891   1.65032   0.09503   0.05965  
 47  0.0000   3703.582263  x:  0.02949   0.02158   0.03105   0.02096   0.00580   0.01430   0.00650   0.00396   0.00250   0.07674   0.01993   0.02605   0.08553   0.05293   0.02898   0.01756   0.00497   0.22597   0.05897   0.06671   0.17165   0.18891   1.65033   0.09504   0.05965  
 48  0.0000   3703.582263  x:  0.02949   0.02158   0.03105   0.02096   0.00580   0.01430   0.00650   0.00396   0.00250   0.07674   0.01993   0.02605   0.08553   0.05293   0.02898   0.01756   0.00497   0.22597   0.05897   0.06671   0.17165   0.18891   1.65033   0.09503   0.05965  
 49  0.0000   3703.582263  x:  0.02949   0.02158   0.03105   0.02096   0.00580   0.01430   0.00650   0.00396   0.00250   0.07674   0.01993   0.02605   0.08553   0.05293   0.02898   0.01756   0.00497   0.22597   0.05897   0.06671   0.17165   0.18891   1.65033   0.09503   0.05965  
 50  0.0000   3703.582263  x:  0.02948   0.02158   0.03105   0.02096   0.00580   0.01430   0.00650   0.00396   0.00250   0.07674   0.01993   0.02605   0.08553   0.05293   0.02898   0.01756   0.00497   0.22597   0.05897   0.06672   0.17165   0.18891   1.65033   0.09503   0.05965  