

TREE # 1

  0  0.0000   4009.223010  x:  0.03313   0.05464   0.05182   0.02461   0.03916   0.02965   0.00668   0.01362   0.05405   0.04514   0.03645   0.06646   0.04424   0.02424   0.02363   0.00000   0.14320   0.07314   0.07637   0.11077   0.15354   0.16630   0.20054   0.16938  
  1 99.0000   3965.420740  x:  0.03113   0.05042   0.04585   0.01714   0.03202   0.02143   0.00000   0.00491   0.05755   0.04057   0.03361   0.06921   0.04461   0.02638   0.02324   0.01069   0.14840   0.07335   0.07917   0.11529   0.15559   0.19370   0.18620   0.16775  
  2 1389.9801   3944.743164  x:  0.02998   0.04802   0.04245   0.01289   0.02797   0.01677   0.00093   0.00000   0.05954   0.03797   0.03199   0.07077   0.04483   0.02758   0.02301   0.01650   0.15136   0.07345   0.08076   0.11787   0.15677   0.20930   0.17800   0.16683  
  3 30208.2864   3900.710847  x:  0.02646   0.04074   0.03209   0.00000   0.01564   0.00262   0.00343   0.00266   0.06557   0.03006   0.02703   0.07553   0.04551   0.03120   0.02231   0.03336   0.16039   0.07373   0.08559   0.12573   0.16034   0.25676   0.15285   0.16398  
  4 18838.4797   3894.875927  x:  0.02594   0.03966   0.03055   0.00032   0.01383   0.00060   0.00379   0.00303   0.06646   0.02889   0.02630   0.07623   0.04561   0.03174   0.02220   0.03583   0.16173   0.07377   0.08630   0.12690   0.16088   0.26381   0.14910   0.16355  
  5 23829.0220   3858.455046  x:  0.02208   0.03203   0.01935   0.00165   0.00160   0.00969   0.00599   0.00543   0.07288   0.02038   0.02092   0.08138   0.04643   0.03533   0.02139   0.05162   0.17168   0.07382   0.09151   0.13555   0.16485   0.31565   0.12062   0.16026  
  6 9985.8720   3825.971680  x:  0.01709   0.02331   0.00564   0.00283   0.02440   0.01871   0.00836   0.00819   0.08114   0.01012   0.01431   0.08828   0.04786   0.03914   0.02019   0.06750   0.18566   0.07320   0.09852   0.14757   0.17056   0.38725   0.07888   0.15518  
  7 6069.7112   3807.321833  x:  0.01709   0.02893   0.03526   0.00311   0.03040   0.02155   0.00883   0.00886   0.08429   0.02163   0.01655   0.09223   0.05044   0.03788   0.01968   0.06190   0.19595   0.07049   0.10284   0.15590   0.17530   0.43581   0.05157   0.14979  
  8 1579.3368   3771.619971  x:  0.02628   0.04688   0.03448   0.00302   0.03237   0.02143   0.00672   0.00758   0.07997   0.03370   0.03076   0.09711   0.05775   0.02660   0.01847   0.00000   0.21948   0.05952   0.11013   0.17367   0.18849   0.53468   0.08122   0.13277  
  9 722.2861   3771.262960  x:  0.02674   0.04765   0.03488   0.00305   0.03273   0.02165   0.00682   0.00767   0.07934   0.03429   0.03138   0.09694   0.05788   0.02608   0.01855   0.00109   0.22003   0.05920   0.11008   0.17397   0.18885   0.53681   0.08309   0.13203  
 10 430.0978   3769.580401  x:  0.02701   0.04430   0.03863   0.00308   0.03325   0.02188   0.00687   0.00776   0.06247   0.03002   0.03011   0.08612   0.05208   0.02550   0.02433   0.00093   0.21974   0.06057   0.10075   0.16951   0.18988   0.54583   0.08605   0.11850  
 11 127.0144   3768.947118  x:  0.02656   0.04260   0.03822   0.00308   0.03328   0.02189   0.00688   0.00777   0.06079   0.03202   0.03089   0.08052   0.05056   0.02491   0.01723   0.00091   0.21797   0.06166   0.09411   0.16529   0.19017   0.54896   0.08625   0.10652  
 12 105.8642   3768.240152  x:  0.02645   0.04142   0.03699   0.00310   0.03337   0.02196   0.00691   0.00779   0.06635   0.03540   0.03368   0.07577   0.05172   0.02870   0.01999   0.00089   0.21433   0.06243   0.08587   0.15870   0.19066   0.55193   0.08666   0.08428  
 13 129.2037   3767.792912  x:  0.02679   0.04191   0.03763   0.00309   0.03320   0.02186   0.00689   0.00777   0.06871   0.03226   0.03356   0.07799   0.05246   0.02393   0.02080   0.00085   0.21154   0.06204   0.08548   0.15565   0.19125   0.55201   0.08615   0.06543  
 14 101.0587   3767.639139  x:  0.02669   0.04259   0.03820   0.00309   0.03326   0.02188   0.00689   0.00778   0.06781   0.03114   0.03279   0.08007   0.05217   0.02677   0.01959   0.00084   0.21075   0.06192   0.08769   0.15560   0.19159   0.55165   0.08653   0.05714  
 15 74.6006   3767.608118  x:  0.02627   0.04159   0.03749   0.00309   0.03321   0.02186   0.00689   0.00778   0.06705   0.03299   0.03301   0.07974   0.05183   0.02640   0.01996   0.00083   0.21107   0.06220   0.08947   0.15661   0.19154   0.55118   0.08616   0.05518  
 16 15.7822   3767.579303  x:  0.02751   0.04006   0.03787   0.00309   0.03322   0.02185   0.00689   0.00778   0.06746   0.03226   0.03428   0.07825   0.05219   0.02657   0.01971   0.00082   0.21232   0.06204   0.09046   0.15823   0.19117   0.55074   0.08607   0.05418  
 17  6.9559   3767.519300  x:  0.02497   0.03951   0.03840   0.00308   0.03321   0.02182   0.00689   0.00778   0.06821   0.03130   0.03490   0.07716   0.05215   0.02662   0.01958   0.00084   0.21493   0.06063   0.09016   0.16024   0.19037   0.55035   0.08637   0.05328  
 18  9.0777   3767.152103  x:  0.02744   0.04231   0.03639   0.00304   0.03264   0.02148   0.00687   0.00774   0.06832   0.03227   0.03226   0.07856   0.04998   0.02659   0.01990   0.00088   0.22706   0.05758   0.08454   0.16545   0.18669   0.54951   0.08385   0.05066  
 19 15.3366   3766.068449  x:  0.02522   0.04120   0.03618   0.00297   0.03213   0.02102   0.00695   0.00781   0.06705   0.03112   0.03219   0.08529   0.05596   0.02650   0.01985   0.00070   0.24414   0.07375   0.07873   0.16755   0.18413   0.55500   0.08293   0.04936  
 20 28.1866   3755.699882  x:  0.02420   0.02846   0.03540   0.00236   0.02810   0.01724   0.00759   0.00832   0.08080   0.02513   0.01130   0.08037   0.04762   0.02797   0.01949   0.00100   0.27250   0.07531   0.10163   0.13823   0.20069   0.62443   0.07734   0.06116  
 21 36.1867   3749.374570  x:  0.02111   0.03140   0.02644   0.00188   0.02356   0.01394   0.00794   0.00856   0.07726   0.01814   0.02826   0.08284   0.04369   0.03010   0.01892   0.00153   0.28152   0.06908   0.11353   0.12156   0.20920   0.67237   0.06119   0.07017  
 22 442.6355   3743.939228  x:  0.02093   0.01776   0.02360   0.00152   0.02090   0.01162   0.00823   0.00879   0.07019   0.01850   0.02377   0.09403   0.06015   0.03143   0.01806   0.00204   0.25197   0.05699   0.10264   0.14707   0.19920   0.71565   0.05531   0.07683  
 23 147.3618   3741.411457  x:  0.02004   0.02826   0.02144   0.00135   0.01955   0.01054   0.00840   0.00892   0.07513   0.01454   0.02015   0.08831   0.05220   0.03089   0.01897   0.00215   0.22887   0.06716   0.10064   0.17127   0.18612   0.73898   0.05262   0.07942  
 24 184.3010   3741.083769  x:  0.02020   0.02535   0.02239   0.00135   0.01968   0.01054   0.00845   0.00898   0.07704   0.01431   0.02212   0.09175   0.04527   0.03092   0.01915   0.00214   0.22591   0.06853   0.09961   0.17331   0.18146   0.74280   0.05388   0.08005  
 25 76.7845   3740.964021  x:  0.02020   0.02550   0.02243   0.00134   0.01971   0.01054   0.00847   0.00900   0.07659   0.01442   0.02187   0.09137   0.04647   0.03092   0.01912   0.00214   0.22555   0.06800   0.10211   0.16999   0.17042   0.74552   0.05434   0.08028  
 26 16.6666   3722.045820  x:  0.02169   0.03778   0.01739   0.00050   0.01715   0.00562   0.01122   0.01164   0.07773   0.02548   0.02888   0.09249   0.06104   0.02943   0.01678   0.00178   0.20731   0.05400   0.09733   0.19652   0.19597   1.03621   0.08897   0.07638  
 27  0.5965   3717.280007  x:  0.02436   0.03251   0.02666   0.00060   0.01833   0.00635   0.01212   0.01258   0.07555   0.01425   0.02826   0.08106   0.05733   0.02853   0.01886   0.00186   0.23404   0.06242   0.09921   0.17142   0.18808   1.16094   0.09410   0.06578  
 28  0.0962   3714.646254  x:  0.02364   0.03007   0.02348   0.00071   0.01839   0.00685   0.01274   0.01321   0.07507   0.02524   0.02714   0.07990   0.04469   0.02867   0.01955   0.00237   0.23730   0.06776   0.09694   0.15733   0.17862   1.27772   0.09199   0.06770  
 29  0.1329   3711.873987  x:  0.02056   0.02974   0.02399   0.00090   0.01800   0.00760   0.01325   0.01371   0.07398   0.02202   0.02326   0.09453   0.05095   0.02927   0.01691   0.00351   0.21334   0.05440   0.09037   0.16265   0.18919   1.45475   0.09191   0.07715  
 30  0.0994   3710.334628  x:  0.02252   0.02998   0.02087   0.00106   0.01652   0.00791   0.01304   0.01341   0.07814   0.02035   0.02523   0.08473   0.05482   0.02904   0.01727   0.00404   0.22840   0.06102   0.10155   0.17830   0.19432   1.58093   0.08938   0.08245  
 31  0.0771   3709.011673  x:  0.02091   0.03292   0.02089   0.00165   0.01574   0.01018   0.01102   0.01123   0.07359   0.01675   0.02614   0.08289   0.05117   0.02804   0.01985   0.00494   0.22733   0.05718   0.09164   0.16978   0.18630   1.70072   0.08690   0.07204  
 32  0.0349   3706.335304  x:  0.02118   0.03488   0.02032   0.00269   0.01372   0.01342   0.00438   0.00403   0.07750   0.02354   0.02880   0.08979   0.05253   0.02972   0.01507   0.00555   0.22749   0.06240   0.09276   0.17506   0.18707   1.70998   0.08645   0.06740  
 33  0.0048   3705.674181  x:  0.02130   0.03293   0.02147   0.00274   0.01278   0.01298   0.00264   0.00211   0.07693   0.02211   0.02786   0.08737   0.05280   0.02968   0.01737   0.00551   0.22719   0.05990   0.09645   0.17417   0.18902   1.67286   0.08871   0.07342  
 34  0.0384   3705.384064  x:  0.02158   0.03096   0.02220   0.00244   0.01293   0.01161   0.00359   0.00310   0.07634   0.02034   0.02644   0.08522   0.05283   0.02930   0.01853   0.00522   0.22667   0.05819   0.09830   0.17273   0.19038   1.63979   0.09079   0.07797  
 35  0.0641   3705.272880  x:  0.02179   0.03018   0.02146   0.00230   0.01248   0.01034   0.00328   0.00267   0.07607   0.01935   0.02522   0.08520   0.05223   0.02865   0.01735   0.00509   0.22618   0.05883   0.09596   0.17076   0.18950   1.63021   0.09216   0.07711  
 36  0.0064   3705.110941  x:  0.02143   0.03211   0.02012   0.00220   0.01395   0.00885   0.00331   0.00249   0.07554   0.02093   0.02562   0.08688   0.05182   0.02864   0.01760   0.00498   0.22656   0.06004   0.09406   0.17331   0.18819   1.65551   0.09364   0.07502  
 37  0.0069   3705.008135  x:  0.02182   0.03124   0.02122   0.00217   0.01527   0.00790   0.00344   0.00247   0.07659   0.01994   0.02605   0.08483   0.05251   0.02917   0.01781   0.00500   0.22571   0.05850   0.09747   0.17239   0.18918   1.67817   0.09344   0.07645  
 38  0.0109   3704.957734  x:  0.02136   0.03064   0.02156   0.00227   0.01579   0.00783   0.00343   0.00237   0.07591   0.02007   0.02603   0.08638   0.05219   0.02894   0.01764   0.00504   0.22738   0.05906   0.09602   0.17096   0.19002   1.67646   0.09095   0.07713  
 39  0.0016   3704.884862  x:  0.02224   0.03113   0.02112   0.00239   0.01599   0.00700   0.00353   0.00228   0.07583   0.02039   0.02556   0.08465   0.05287   0.02848   0.01768   0.00484   0.22516   0.05930   0.09513   0.17409   0.19016   1.64013   0.08962   0.07746  
 40  0.0085   3704.686630  x:  0.02089   0.03292   0.02140   0.00315   0.01491   0.00752   0.00408   0.00254   0.07692   0.01963   0.02628   0.08570   0.05313   0.02916   0.01787   0.00466   0.22948   0.05769   0.09884   0.17517   0.18840   1.60530   0.08921   0.07658  
 41  0.0070   3704.394081  x:  0.02185   0.03196   0.02104   0.00423   0.01413   0.00605   0.00447   0.00212   0.07674   0.01923   0.02622   0.08612   0.05208   0.02944   0.01793   0.00455   0.22520   0.06024   0.09613   0.17059   0.18827   1.65606   0.09174   0.07355  
 42  0.0186   3704.317844  x:  0.02194   0.03117   0.02142   0.00492   0.01393   0.00691   0.00472   0.00217   0.07595   0.02037   0.02623   0.08520   0.05229   0.02908   0.01757   0.00459   0.22529   0.05950   0.09577   0.17196   0.19005   1.65796   0.09150   0.07724  
 43  0.0036   3704.300590  x:  0.02160   0.03106   0.02110   0.00521   0.01400   0.00642   0.00487   0.00215   0.07605   0.02026   0.02603   0.08565   0.05235   0.02886   0.01767   0.00453   0.22692   0.05884   0.09635   0.17235   0.18988   1.65467   0.09153   0.07855  
 44  0.0036   3704.289628  x:  0.02178   0.03123   0.02088   0.00554   0.01422   0.00656   0.00490   0.00215   0.07652   0.01984   0.02591   0.08565   0.05250   0.02881   0.01790   0.00453   0.22582   0.05934   0.09614   0.17215   0.18892   1.65373   0.09165   0.07732  
 45  0.0009   3704.276612  x:  0.02155   0.03115   0.02043   0.00567   0.01458   0.00672   0.00464   0.00217   0.07596   0.01981   0.02589   0.08555   0.05210   0.02919   0.01740   0.00463   0.22698   0.05910   0.09637   0.17199   0.18977   1.65033   0.09173   0.07768  
 46  0.0009   3704.254993  x:  0.02174   0.03076   0.02028   0.00560   0.01468   0.00663   0.00417   0.00242   0.07637   0.01985   0.02585   0.08568   0.05236   0.02892   0.01805   0.00485   0.22585   0.05907   0.09623   0.17215   0.19010   1.64761   0.09176   0.07785  
 47  0.0008   3704.243336  x:  0.02163   0.03111   0.02079   0.00577   0.01434   0.00650   0.00395   0.00246   0.07640   0.01989   0.02599   0.08554   0.05247   0.02883   0.01763   0.00495   0.22618   0.05903   0.09622   0.17215   0.18904   1.65290   0.09179   0.07757  
 48  0.0026   3704.242157  x:  0.02166   0.03118   0.02083   0.00589   0.01426   0.00650   0.00400   0.00248   0.07623   0.01996   0.02597   0.08563   0.05236   0.02892   0.01773   0.00494   0.22637   0.05907   0.09620   0.17215   0.18939   1.65168   0.09162   0.07761  
 49  0.0011   3704.242084  x:  0.02163   0.03117   0.02083   0.00590   0.01427   0.00650   0.00398   0.00248   0.07626   0.01996   0.02597   0.08559   0.05237   0.02894   0.01773   0.00493   0.22627   0.05909   0.09622   0.17215   0.18952   1.65123   0.09162   0.07756  
 50  0.0004   3704.241911  x:  0.02171   0.03117   0.02082   0.00591   0.01426   0.00650   0.00397   0.00248   0.07633   0.01995   0.02599   0.08565   0.05237   0.02894   0.01770   0.00487   0.22624   0.05904   0.09628   0.17208   0.18955   1.65158   0.09162   0.07749  
 51  0.0001   3704.241763  x:  0.02165   0.03116   0.02082   0.00590   0.01426   0.00650   0.00397   0.00248   0.07627   0.01995   0.02599   0.08560   0.05237   0.02893   0.01772   0.00480   0.22627   0.05911   0.09623   0.17213   0.18949   1.65190   0.09161   0.07758  
 52  0.0002   3704.241756  x:  0.02166   0.03117   0.02082   0.00590   0.01426   0.00651   0.00396   0.00248   0.07626   0.01995   0.02598   0.08561   0.05236   0.02893   0.01773   0.00480   0.22630   0.05911   0.09622   0.17215   0.18948   1.65183   0.09161   0.07763  
 53  0.0001   3704.241756  x:  0.02166   0.03117   0.02082   0.00590   0.01426   0.00651   0.00396   0.00249   0.07626   0.01995   0.02598   0.08560   0.05236   0.02893   0.01773   0.00480   0.22629   0.05911   0.09622   0.17215   0.18948   1.65185   0.09161   0.07764  
 54  0.0000   3704.241756  x:  0.02166   0.03117   0.02082   0.00590   0.01426   0.00651   0.00396   0.00249   0.07626   0.01995   0.02598   0.08560   0.05236   0.02893   0.01773   0.00480   0.22629   0.05911   0.09622   0.17215   0.18948   1.65184   0.09161   0.07764  
 55  0.0000   3704.241756  x:  0.02166   0.03117   0.02082   0.00590   0.01426   0.00651   0.00396   0.00248   0.07626   0.01995   0.02598   0.08560   0.05236   0.02893   0.01773   0.00480   0.22629   0.05911   0.09622   0.17215   0.18948   1.65185   0.09161   0.07764  
 56  0.0000   3704.241756  x:  0.02166   0.03117   0.02082   0.00590   0.01426   0.00651   0.00396   0.00248   0.07626   0.01995   0.02598   0.08560   0.05236   0.02893   0.01773   0.00480   0.22629   0.05911   0.09622   0.17215   0.18948   1.65185   0.09161   0.07764  
 57  0.0000   3704.241756  x:  0.02166   0.03117   0.02082   0.00590   0.01426   0.00651   0.00396   0.00248   0.07626   0.01995   0.02598   0.08560   0.05236   0.02893   0.01773   0.00480   0.22629   0.05911   0.09622   0.17215   0.18948   1.65185   0.09161   0.07764  
 58  0.0000   3704.241756  x:  0.02166   0.03117   0.02082   0.00590   0.01426   0.00651   0.00396   0.00248   0.07626   0.01995   0.02598   0.08560   0.05236   0.02893   0.01773   0.00480   0.22629   0.05911   0.09622   0.17215   0.18948   1.65185   0.09161   0.07764  