

TREE # 1

  0  0.0000   3955.432770  x:  0.03560   0.03889   0.04352   0.01637   0.01114   0.00914   0.01265   0.00000   0.05690   0.03650   0.01044   0.06381   0.06143   0.03227   0.01930   0.00035   0.17099   0.06737   0.07843   0.12605   0.17059   0.22574   0.22646   0.21685   0.21917  
  1 99.0000   3952.936240  x:  0.03555   0.03886   0.04342   0.01625   0.01117   0.00909   0.01247   0.00423   0.05696   0.03644   0.01061   0.06388   0.06140   0.03225   0.01932   0.00054   0.17105   0.06739   0.07848   0.12611   0.17060   0.22616   0.22620   0.21682   0.21913  
  2 6990.1127   3921.801152  x:  0.03115   0.03648   0.03568   0.00715   0.01332   0.00531   0.00000   0.00415   0.06104   0.03119   0.02249   0.06917   0.05869   0.03068   0.02089   0.01265   0.17511   0.06837   0.08167   0.13019   0.17167   0.25613   0.20776   0.21435   0.21659  
  3 1053.4348   3905.397558  x:  0.02803   0.03478   0.03018   0.00072   0.01484   0.00268   0.00021   0.00410   0.06394   0.02747   0.03088   0.07292   0.05676   0.02957   0.02199   0.02119   0.17800   0.06906   0.08394   0.13309   0.17243   0.27742   0.19464   0.21260   0.21478  
  4 12211.8026   3850.143271  x:  0.01311   0.02709   0.00415   0.01949   0.02177   0.00501   0.00082   0.00391   0.07765   0.01006   0.06615   0.09045   0.04725   0.02471   0.02634   0.05474   0.19207   0.07165   0.09477   0.14719   0.17614   0.38068   0.12927   0.20390   0.20572  
  5 7223.2008   3816.569496  x:  0.00992   0.02542   0.04024   0.02495   0.01988   0.01612   0.00104   0.00371   0.08730   0.01480   0.08183   0.10214   0.03974   0.02473   0.02537   0.06561   0.20448   0.07052   0.10353   0.15907   0.17972   0.46813   0.06716   0.19562   0.19629  
  6 2543.9270   3796.756187  x:  0.03005   0.02777   0.03201   0.02483   0.00531   0.00531   0.00095   0.00378   0.08786   0.02960   0.06715   0.10341   0.03916   0.03417   0.01555   0.04328   0.21440   0.06277   0.10938   0.16712   0.18420   0.52502   0.04986   0.18760   0.18603  
  7 775.9237   3769.495991  x:  0.04357   0.02828   0.02460   0.01695   0.02396   0.01194   0.00061   0.00396   0.08749   0.03878   0.03989   0.10413   0.04093   0.04388   0.00692   0.00000   0.23088   0.05094   0.11746   0.18024   0.19190   0.61969   0.05816   0.17347   0.16769  
  8 1425.7690   3761.616049  x:  0.05135   0.02905   0.02611   0.01696   0.02309   0.01290   0.00060   0.00392   0.08426   0.04394   0.01654   0.10098   0.04529   0.04869   0.01181   0.00561   0.23904   0.04554   0.12024   0.18599   0.19599   0.66558   0.07494   0.16501   0.15648  
  9 986.7018   3756.902999  x:  0.04732   0.02942   0.02931   0.01766   0.01336   0.00926   0.00060   0.00394   0.07999   0.03921   0.01066   0.09676   0.05132   0.04555   0.01914   0.00053   0.24164   0.04749   0.11884   0.18699   0.19713   0.68727   0.08457   0.15909   0.14894  
 10 607.6182   3754.610254  x:  0.04660   0.03248   0.03141   0.01854   0.00902   0.00837   0.00063   0.00392   0.07367   0.03783   0.01313   0.09007   0.05713   0.04193   0.01037   0.00106   0.24208   0.05060   0.11508   0.18558   0.19741   0.69965   0.09187   0.15260   0.14053  
 11 325.4170   3752.759199  x:  0.04986   0.03601   0.03169   0.01968   0.01363   0.00499   0.00065   0.00390   0.06398   0.04011   0.01402   0.07778   0.06327   0.03929   0.01252   0.00121   0.23964   0.05472   0.10640   0.18010   0.19644   0.70838   0.09094   0.14111   0.12573  
 12 233.0915   3751.653445  x:  0.05211   0.03753   0.02952   0.01810   0.01309   0.00998   0.00062   0.00390   0.05814   0.04150   0.01374   0.06929   0.06643   0.03773   0.01447   0.00121   0.23714   0.05733   0.09941   0.17539   0.19550   0.71375   0.08931   0.13148   0.11342  
 13 611.2103   3749.088916  x:  0.04942   0.03353   0.02916   0.01777   0.01305   0.00890   0.00060   0.00392   0.06211   0.04081   0.00770   0.06308   0.06159   0.03638   0.01133   0.00159   0.22790   0.05818   0.08313   0.16275   0.19274   0.72075   0.08845   0.10198   0.07672  
 14 220.3015   3747.141034  x:  0.05099   0.03312   0.02963   0.01837   0.01203   0.00871   0.00061   0.00392   0.06613   0.04361   0.01251   0.06256   0.05783   0.03886   0.01331   0.00117   0.22076   0.05641   0.07291   0.15376   0.19135   0.72596   0.09264   0.07577   0.04499  
 15 710.2806   3746.250817  x:  0.05096   0.03757   0.02932   0.01810   0.01251   0.00902   0.00060   0.00393   0.06356   0.04264   0.01049   0.06812   0.05993   0.03718   0.01324   0.00128   0.21714   0.05792   0.07711   0.15250   0.19151   0.72554   0.09169   0.05758   0.02986  
 16 153.8431   3745.715880  x:  0.05147   0.03535   0.02949   0.01810   0.01263   0.00906   0.00060   0.00393   0.06491   0.04260   0.01079   0.06552   0.06150   0.03713   0.01312   0.00130   0.21470   0.05797   0.08032   0.15306   0.19170   0.72564   0.09174   0.03580   0.03179  
 17 64.5608   3745.656548  x:  0.05084   0.03794   0.02938   0.01804   0.01253   0.00903   0.00060   0.00393   0.06409   0.04234   0.01047   0.06641   0.05992   0.03757   0.01321   0.00132   0.21463   0.05770   0.07833   0.15303   0.19143   0.72609   0.09180   0.03280   0.03349  
 18 21.2403   3745.522680  x:  0.05270   0.03726   0.02925   0.01796   0.01272   0.00918   0.00059   0.00393   0.06484   0.04338   0.01034   0.06889   0.05908   0.03534   0.01358   0.00119   0.21510   0.06256   0.07555   0.15537   0.19143   0.72722   0.09245   0.03170   0.03428  
 19  4.5215   3741.986984  x:  0.05070   0.03923   0.02909   0.01409   0.01254   0.00898   0.00039   0.00392   0.06978   0.02593   0.01110   0.06392   0.06135   0.03911   0.01416   0.00201   0.21520   0.06047   0.06155   0.20125   0.19553   0.74914   0.08673   0.03176   0.02752  
 20 10.1224   3737.345712  x:  0.02648   0.03682   0.02323   0.00986   0.01089   0.00786   0.00015   0.00391   0.06663   0.03981   0.01274   0.06367   0.05732   0.02765   0.01619   0.00277   0.21170   0.05489   0.06274   0.21612   0.19983   0.78321   0.08396   0.03387   0.02742  
 21 96.3572   3733.364304  x:  0.02386   0.03459   0.02285   0.00725   0.01042   0.00756   0.00000   0.00390   0.06461   0.03243   0.01345   0.06733   0.05535   0.03152   0.01658   0.00303   0.20880   0.05953   0.06841   0.20385   0.20048   0.80790   0.08279   0.03613   0.03160  
 22 141.2350   3733.364304  x:  0.02386   0.03459   0.02285   0.00725   0.01042   0.00756   0.00000   0.00390   0.06461   0.03243   0.01345   0.06733   0.05535   0.03152   0.01658   0.00303   0.20880   0.05953   0.06841   0.20385   0.20048   0.80790   0.08279   0.03613   0.03160  
 23 103.5408   3730.336921  x:  0.02386   0.03459   0.02285   0.00725   0.01048   0.00760   0.00349   0.00387   0.06462   0.03240   0.01349   0.06735   0.05535   0.03151   0.01660   0.00306   0.20881   0.05954   0.06843   0.20384   0.20048   0.80792   0.08280   0.03613   0.03161  
 24 13918.5157   3728.647261  x:  0.02364   0.03462   0.02252   0.00694   0.01321   0.00717   0.00348   0.00107   0.06592   0.02975   0.01768   0.06959   0.05548   0.03092   0.01793   0.00506   0.20936   0.06029   0.07019   0.20306   0.20040   0.80960   0.08304   0.03631   0.03283  
 25 352.2130   3726.839757  x:  0.02307   0.03464   0.02175   0.00631   0.01824   0.00647   0.00345   0.00431   0.06895   0.02371   0.02623   0.07470   0.05567   0.02956   0.02067   0.00812   0.21067   0.06188   0.07430   0.20120   0.20019   0.81364   0.08357   0.03676   0.03562  
 26 979.6030   3725.155924  x:  0.02188   0.03425   0.02049   0.00704   0.01530   0.00878   0.00344   0.00384   0.07313   0.01769   0.02968   0.08116   0.05481   0.02811   0.02102   0.00234   0.21290   0.06285   0.08060   0.19789   0.19968   0.82094   0.08391   0.03765   0.03929  
 27 262.1472   3723.909722  x:  0.02171   0.03352   0.01956   0.00699   0.00980   0.00607   0.00351   0.00372   0.07780   0.01726   0.02885   0.08804   0.05309   0.02748   0.01949   0.00493   0.21619   0.06367   0.08861   0.19294   0.19874   0.83212   0.08415   0.03891   0.04335  
 28 266.7323   3722.034891  x:  0.02229   0.03245   0.02011   0.00797   0.01469   0.00794   0.00346   0.00374   0.08493   0.02394   0.02286   0.09887   0.04985   0.02854   0.01661   0.00515   0.22310   0.06388   0.10338   0.18200   0.19622   0.85776   0.08412   0.04149   0.05029  
 29 365.2667   3721.353293  x:  0.02259   0.03260   0.02139   0.00474   0.01563   0.00571   0.00348   0.00360   0.08442   0.02433   0.02131   0.09947   0.05040   0.02993   0.01866   0.00353   0.22550   0.06293   0.10648   0.17764   0.19473   0.86978   0.08388   0.04224   0.05158  
 30 234.5558   3719.189336  x:  0.02396   0.03368   0.02617   0.00893   0.01462   0.00622   0.00348   0.00359   0.07664   0.02175   0.01846   0.09543   0.05555   0.03463   0.02702   0.00499   0.23460   0.05822   0.11399   0.16010   0.18783   0.92321   0.08316   0.04515   0.05415  
 31 446.5414   3717.076152  x:  0.02321   0.03320   0.02364   0.00428   0.01332   0.01128   0.00343   0.00374   0.06898   0.02140   0.02134   0.08866   0.05920   0.03270   0.02297   0.00719   0.24151   0.05554   0.11671   0.14642   0.18157   0.97591   0.08509   0.04713   0.05427  
 32 561.8034   3715.101804  x:  0.02155   0.03194   0.01982   0.00681   0.01491   0.00658   0.00347   0.00376   0.06356   0.02165   0.02522   0.08172   0.06116   0.02906   0.01618   0.00481   0.24677   0.05414   0.11698   0.13633   0.17624   1.02672   0.08785   0.04863   0.05324  
 33 996.3140   3710.588686  x:  0.02189   0.02393   0.02385   0.00717   0.01308   0.00695   0.00348   0.00377   0.08081   0.02364   0.03029   0.06887   0.04914   0.02707   0.02038   0.00360   0.24711   0.06467   0.09945   0.14500   0.17130   1.16914   0.09748   0.04932   0.04150  
 34 300.5832   3707.442705  x:  0.02293   0.03941   0.01887   0.00665   0.01509   0.00666   0.00346   0.00371   0.08518   0.01708   0.02559   0.07431   0.04632   0.03029   0.01643   0.00519   0.23982   0.06475   0.08516   0.16441   0.17433   1.27565   0.09391   0.04872   0.03481  
 35 477.5835   3705.764415  x:  0.01951   0.03891   0.01822   0.00710   0.01335   0.00684   0.00347   0.00374   0.07952   0.02417   0.02766   0.08386   0.05390   0.02632   0.01979   0.00432   0.22963   0.06247   0.07944   0.18109   0.18152   1.33530   0.09241   0.04666   0.03806  
 36 342.9047   3705.046294  x:  0.02189   0.03268   0.02115   0.00672   0.01446   0.00666   0.00346   0.00369   0.07437   0.02093   0.02497   0.08650   0.05578   0.02554   0.01720   0.00496   0.22273   0.06160   0.07965   0.18935   0.18715   1.35981   0.09441   0.04510   0.04166  
 37 235.0870   3704.900822  x:  0.02181   0.03162   0.01886   0.00681   0.01448   0.00669   0.00346   0.00370   0.07309   0.02096   0.02527   0.08503   0.05456   0.02812   0.01760   0.00495   0.21980   0.06135   0.08156   0.19113   0.18989   1.36496   0.09529   0.04461   0.04338  
 38 70.9601   3704.815760  x:  0.02138   0.03317   0.02020   0.00682   0.01422   0.00670   0.00347   0.00371   0.07278   0.02138   0.02631   0.08256   0.05301   0.02812   0.01719   0.00485   0.21685   0.06094   0.08393   0.19184   0.19274   1.36808   0.09512   0.04430   0.04500  
 39 48.5949   3704.800312  x:  0.02155   0.03324   0.01971   0.00681   0.01436   0.00670   0.00346   0.00371   0.07321   0.02121   0.02585   0.08179   0.05302   0.02713   0.01764   0.00494   0.21584   0.06089   0.08425   0.19145   0.19367   1.36867   0.09456   0.04426   0.04531  
 40 18.5472   3704.791740  x:  0.02139   0.03321   0.01977   0.00680   0.01437   0.00669   0.00346   0.00370   0.07396   0.02114   0.02577   0.08172   0.05384   0.02749   0.01739   0.00496   0.21452   0.06118   0.08376   0.19018   0.19480   1.36902   0.09441   0.04430   0.04533  
 41  8.4059   3704.788760  x:  0.02170   0.03339   0.01974   0.00681   0.01434   0.00669   0.00346   0.00370   0.07383   0.02122   0.02580   0.08208   0.05358   0.02739   0.01751   0.00491   0.21395   0.06124   0.08338   0.18943   0.19536   1.36915   0.09480   0.04433   0.04518  
 42  5.9018   3704.787842  x:  0.02144   0.03336   0.01976   0.00681   0.01436   0.00670   0.00346   0.00370   0.07371   0.02117   0.02573   0.08222   0.05335   0.02735   0.01755   0.00495   0.21380   0.06126   0.08325   0.18919   0.19552   1.36921   0.09481   0.04433   0.04509  
 43  4.4207   3704.786513  x:  0.02156   0.03321   0.01979   0.00681   0.01433   0.00669   0.00346   0.00370   0.07357   0.02121   0.02587   0.08233   0.05315   0.02742   0.01751   0.00492   0.21376   0.06137   0.08322   0.18905   0.19561   1.36933   0.09437   0.04426   0.04494  
 44  1.1095   3704.710821  x:  0.02138   0.03306   0.01986   0.00684   0.01430   0.00672   0.00346   0.00367   0.07356   0.02113   0.02582   0.08298   0.05416   0.02729   0.01771   0.00482   0.21650   0.06164   0.08619   0.18838   0.19903   1.37651   0.09474   0.04125   0.04041  
 45  1.0975   3704.135323  x:  0.02169   0.03176   0.02038   0.00674   0.01413   0.00681   0.00346   0.00338   0.07761   0.02025   0.02630   0.08482   0.05220   0.02839   0.01761   0.00474   0.22921   0.05377   0.08490   0.18209   0.20590   1.43163   0.09431   0.03864   0.04814  
 46 18.9398   3703.467350  x:  0.02150   0.03439   0.02053   0.00655   0.01409   0.00684   0.00347   0.00294   0.07595   0.01956   0.02367   0.08683   0.05285   0.02835   0.01875   0.00398   0.23643   0.06497   0.08851   0.17590   0.20556   1.49788   0.09520   0.04472   0.05677  
 47 124.9343   3702.885648  x:  0.02177   0.03293   0.02110   0.00634   0.01395   0.00687   0.00348   0.00264   0.07838   0.01896   0.02380   0.09099   0.05292   0.02878   0.01938   0.00377   0.22570   0.06007   0.09878   0.17061   0.19033   1.55325   0.09630   0.05375   0.05226  
 48 74.1063   3702.875661  x:  0.02176   0.03326   0.02107   0.00638   0.01394   0.00689   0.00348   0.00263   0.07843   0.01895   0.02358   0.09111   0.05284   0.02876   0.01945   0.00378   0.22477   0.06057   0.09878   0.17010   0.18868   1.55423   0.09645   0.05062   0.05301  
 49  5.1726   3702.592964  x:  0.02136   0.03222   0.02045   0.00604   0.01417   0.00671   0.00348   0.00251   0.07525   0.02038   0.02614   0.08554   0.05309   0.02820   0.01842   0.00485   0.22420   0.05966   0.09616   0.17113   0.18776   1.63279   0.09845   0.05045   0.05288  
 50  0.0608   3702.582044  x:  0.02148   0.03230   0.02061   0.00630   0.01425   0.00661   0.00350   0.00245   0.07561   0.01996   0.02572   0.08541   0.05308   0.02821   0.01859   0.00464   0.22459   0.05973   0.09538   0.17107   0.18834   1.64635   0.09843   0.05030   0.05245  
 51  0.0113   3702.581081  x:  0.02146   0.03238   0.02056   0.00630   0.01424   0.00672   0.00350   0.00248   0.07577   0.02002   0.02564   0.08560   0.05301   0.02819   0.01850   0.00463   0.22460   0.05981   0.09534   0.17113   0.18831   1.64865   0.09844   0.05033   0.05218  
 52  0.0021   3702.580485  x:  0.02144   0.03241   0.02056   0.00629   0.01426   0.00664   0.00353   0.00254   0.07573   0.02007   0.02566   0.08566   0.05305   0.02820   0.01852   0.00461   0.22452   0.05988   0.09534   0.17129   0.18823   1.64948   0.09846   0.05030   0.05194  
 53  0.0003   3702.578315  x:  0.02149   0.03232   0.02062   0.00624   0.01416   0.00670   0.00368   0.00257   0.07558   0.01991   0.02561   0.08549   0.05313   0.02821   0.01860   0.00466   0.22469   0.05985   0.09538   0.17097   0.18847   1.64974   0.09849   0.05026   0.05207  
 54  0.0001   3702.576620  x:  0.02146   0.03235   0.02054   0.00627   0.01417   0.00663   0.00381   0.00251   0.07575   0.02002   0.02562   0.08555   0.05299   0.02817   0.01849   0.00459   0.22469   0.05978   0.09545   0.17102   0.18831   1.64913   0.09846   0.05038   0.05228  
 55  0.0004   3702.576407  x:  0.02146   0.03237   0.02057   0.00629   0.01422   0.00664   0.00383   0.00250   0.07574   0.02003   0.02565   0.08558   0.05303   0.02820   0.01853   0.00463   0.22458   0.05980   0.09538   0.17118   0.18826   1.64880   0.09843   0.05039   0.05221  
 56  0.0004   3702.576399  x:  0.02146   0.03237   0.02057   0.00629   0.01423   0.00664   0.00383   0.00250   0.07572   0.02002   0.02566   0.08559   0.05303   0.02819   0.01852   0.00463   0.22458   0.05982   0.09536   0.17115   0.18830   1.64879   0.09844   0.05037   0.05217  
 57  0.0001   3702.576398  x:  0.02146   0.03237   0.02057   0.00629   0.01422   0.00664   0.00383   0.00250   0.07572   0.02002   0.02566   0.08559   0.05303   0.02819   0.01852   0.00463   0.22458   0.05981   0.09536   0.17115   0.18830   1.64877   0.09844   0.05037   0.05216  
 58  0.0000   3702.576398  x:  0.02146   0.03237   0.02057   0.00629   0.01422   0.00664   0.00383   0.00250   0.07572   0.02002   0.02566   0.08559   0.05303   0.02819   0.01852   0.00463   0.22458   0.05981   0.09536   0.17115   0.18830   1.64877   0.09844   0.05037   0.05216  
 59  0.0000   3702.576398  x:  0.02146   0.03237   0.02057   0.00629   0.01422   0.00664   0.00383   0.00250   0.07572   0.02002   0.02566   0.08559   0.05303   0.02819   0.01852   0.00463   0.22458   0.05981   0.09536   0.17115   0.18830   1.64877   0.09844   0.05037   0.05216  
 60  0.0000   3702.576398  x:  0.02146   0.03237   0.02057   0.00629   0.01422   0.00664   0.00383   0.00250   0.07572   0.02002   0.02566   0.08559   0.05303   0.02819   0.01852   0.00463   0.22458   0.05981   0.09536   0.17115   0.18830   1.64877   0.09844   0.05037   0.05216  
 61  0.0000   3702.576398  x:  0.02146   0.03237   0.02057   0.00629   0.01422   0.00664   0.00383   0.00250   0.07572   0.02002   0.02566   0.08559   0.05303   0.02819   0.01852   0.00463   0.22458   0.05981   0.09536   0.17115   0.18830   1.64877   0.09844   0.05037   0.05216  