

TREE # 1

  0  0.0000   5681.590884  x:  0.07624   0.00000   0.06537   0.05583   0.02585   0.05258   0.04693   0.06376   0.06282   0.11117   0.08686   0.00575   0.09073   0.09605   0.01539   0.06912   0.05586   0.08098   0.08301   0.07843   0.08585   0.13881   0.18058   0.16197   0.23487   0.18105  
  1 99.0000   5293.421526  x:  0.08966   0.07256   0.07586   0.03725   0.00000   0.02632   0.01700   0.03083   0.03549   0.12542   0.07794   0.14268   0.11622   0.12383   0.02551   0.05231   0.05168   0.10713   0.09220   0.09185   0.10504   0.17492   0.32364   0.05910   0.23041   0.17296  
  2 3113.3567   5234.319403  x:  0.09392   0.09546   0.07917   0.03136   0.00261   0.01800   0.00749   0.02036   0.02680   0.12995   0.07511   0.18593   0.12430   0.13264   0.02870   0.04697   0.05033   0.11542   0.09511   0.09611   0.11113   0.18639   0.36900   0.02642   0.22899   0.17039  
  3 171880.1052   5199.577356  x:  0.10056   0.09647   0.07675   0.02471   0.00350   0.01100   0.00251   0.00398   0.01469   0.13462   0.07075   0.19566   0.13117   0.14136   0.02868   0.04099   0.04333   0.12276   0.09843   0.10276   0.11931   0.20140   0.40914   0.05772   0.22671   0.16604  
  4 1699.2768   5186.302970  x:  0.10348   0.09117   0.07406   0.02254   0.00353   0.01063   0.01206   0.00043   0.00936   0.13650   0.06873   0.19123   0.13340   0.14458   0.02781   0.03840   0.03862   0.12527   0.09959   0.10568   0.12275   0.20814   0.42531   0.05934   0.22545   0.16363  
  5 1816.6816   5166.405397  x:  0.10871   0.08193   0.06933   0.01873   0.00361   0.00992   0.02575   0.00477   0.00000   0.13989   0.06512   0.18372   0.13745   0.15041   0.02632   0.03378   0.03025   0.12981   0.10168   0.11091   0.12893   0.22022   0.45446   0.06297   0.22319   0.15933  
  6 13804.2793   5101.862578  x:  0.12617   0.04128   0.05165   0.01785   0.00335   0.01328   0.03451   0.00813   0.02402   0.15126   0.05475   0.14464   0.15005   0.16908   0.02174   0.02041   0.00000   0.14382   0.10792   0.12836   0.14924   0.26153   0.55319   0.06245   0.21453   0.14311  
  7 3195.0736   5040.040655  x:  0.14167   0.00000   0.03804   0.02166   0.00264   0.01396   0.01698   0.00490   0.01554   0.16034   0.04691   0.08704   0.15917   0.18426   0.02435   0.02408   0.02198   0.15463   0.11260   0.14386   0.16613   0.29965   0.64405   0.05067   0.20519   0.12498  
  8 2438.3810   5012.161474  x:  0.14982   0.02084   0.05115   0.03118   0.00218   0.01577   0.00410   0.00226   0.00555   0.16360   0.04929   0.02374   0.16244   0.19175   0.02214   0.03144   0.01523   0.15694   0.11232   0.15202   0.17497   0.32425   0.70093   0.04312   0.19667   0.10827  
  9 1240.1149   5010.041228  x:  0.14899   0.02304   0.05764   0.03264   0.00224   0.01311   0.00912   0.00346   0.01023   0.16242   0.05320   0.01968   0.16327   0.19238   0.02368   0.03647   0.02024   0.15451   0.11070   0.15118   0.17400   0.32724   0.70982   0.04508   0.19379   0.10312  
 10 379.1338   5005.649901  x:  0.14016   0.01182   0.07928   0.02698   0.00220   0.01576   0.00745   0.00303   0.00814   0.15412   0.06681   0.01690   0.16508   0.19164   0.02096   0.04608   0.01538   0.13807   0.10139   0.14235   0.16434   0.33250   0.72687   0.04524   0.18104   0.08172  
 11 274.9603   5004.012088  x:  0.13277   0.01207   0.08066   0.02868   0.00220   0.01406   0.00773   0.00312   0.00835   0.14954   0.06351   0.01520   0.16546   0.18992   0.01539   0.03704   0.01840   0.12841   0.09872   0.13496   0.15630   0.33545   0.73289   0.04580   0.16832   0.06684  
 12 165.7339   5003.183978  x:  0.12763   0.01293   0.07898   0.03001   0.00221   0.01588   0.00796   0.00312   0.00803   0.14749   0.05971   0.01445   0.16538   0.18857   0.02227   0.03407   0.01811   0.12319   0.09819   0.12983   0.15069   0.33762   0.73599   0.04643   0.15720   0.05766  
 13 237.3676   5002.152034  x:  0.12070   0.01391   0.07182   0.03093   0.00221   0.01191   0.00774   0.00307   0.00738   0.14929   0.05671   0.01446   0.16355   0.18592   0.02045   0.04299   0.01504   0.12195   0.10153   0.12290   0.14263   0.34223   0.73823   0.04650   0.12819   0.05283  
 14 102.3753   5001.261968  x:  0.11540   0.01602   0.06715   0.03079   0.00225   0.01819   0.00838   0.00315   0.00751   0.15161   0.05683   0.01537   0.16198   0.18375   0.01702   0.04808   0.01566   0.12213   0.10451   0.11760   0.13614   0.34714   0.74068   0.04757   0.09658   0.05142  
 15 371.6579   4999.022568  x:  0.10972   0.01638   0.06607   0.02826   0.00224   0.01742   0.00812   0.00311   0.00729   0.15478   0.06283   0.01426   0.15948   0.18046   0.01800   0.04570   0.01592   0.12311   0.10693   0.11191   0.12829   0.35488   0.74222   0.04761   0.03489   0.05516  
 16 365.4284   4998.882180  x:  0.11134   0.01593   0.06717   0.03037   0.00224   0.01766   0.00819   0.00311   0.00698   0.15359   0.06113   0.01516   0.15952   0.18062   0.01766   0.04655   0.01567   0.12291   0.10606   0.11354   0.12987   0.35560   0.74122   0.04760   0.02866   0.05383  
 17 54.6401   4998.845962  x:  0.11207   0.01646   0.06663   0.02823   0.00224   0.01761   0.00815   0.00312   0.00740   0.15272   0.06074   0.01504   0.15974   0.18075   0.01760   0.04695   0.01594   0.12270   0.10564   0.11427   0.13069   0.35610   0.74059   0.04747   0.02754   0.05281  
 18 14.5589   4998.666565  x:  0.11273   0.01753   0.06236   0.02934   0.00224   0.01736   0.00801   0.00308   0.00705   0.14897   0.06594   0.01596   0.16150   0.18166   0.01782   0.04696   0.01589   0.12138   0.10515   0.11493   0.13195   0.36154   0.73914   0.04728   0.02732   0.05161  
 19  6.6522   4997.193597  x:  0.10735   0.01805   0.06880   0.02688   0.00222   0.01648   0.00756   0.00308   0.00806   0.13780   0.06011   0.01937   0.17061   0.18567   0.01869   0.04767   0.01762   0.11827   0.10646   0.10954   0.12947   0.40007   0.73468   0.04588   0.03124   0.06234  
 20 21.3157   4994.440688  x:  0.10559   0.01700   0.07893   0.02466   0.00220   0.01458   0.00697   0.00308   0.00856   0.16148   0.06410   0.02709   0.16283   0.17998   0.02034   0.04317   0.02011   0.13255   0.10272   0.10778   0.12782   0.42591   0.73409   0.04444   0.03702   0.04541  
 21 35.8332   4986.674231  x:  0.11011   0.02127   0.07245   0.02107   0.00223   0.01261   0.00698   0.00320   0.00955   0.17399   0.06269   0.04026   0.13079   0.15564   0.02290   0.04306   0.02303   0.10479   0.07672   0.11231   0.12702   0.38912   0.79437   0.04579   0.04057   0.06093  
 22 49.0690   4975.032949  x:  0.10983   0.02125   0.08013   0.01553   0.00221   0.01022   0.00623   0.00323   0.01048   0.14572   0.06851   0.05247   0.12511   0.14472   0.02574   0.03892   0.02630   0.11018   0.11522   0.11202   0.12220   0.28502   0.88645   0.04651   0.04010   0.06037  
 23 202.4028   4972.753489  x:  0.10290   0.02249   0.07745   0.01584   0.00220   0.00988   0.00610   0.00322   0.01037   0.14781   0.06798   0.05202   0.14586   0.16308   0.02579   0.03999   0.02703   0.11883   0.09863   0.10509   0.12064   0.25635   0.90243   0.04665   0.03786   0.06158  
 24 120.7211   4972.673864  x:  0.10173   0.02256   0.07771   0.01579   0.00220   0.00986   0.00606   0.00321   0.01037   0.15108   0.06820   0.05201   0.14737   0.16520   0.02578   0.04006   0.02719   0.11478   0.10131   0.10392   0.12478   0.25576   0.90225   0.04653   0.03756   0.06143  
 25  8.7339   4970.755108  x:  0.08700   0.02222   0.07771   0.01689   0.00218   0.01013   0.00599   0.00321   0.01025   0.14158   0.06766   0.05223   0.13287   0.16875   0.02605   0.03970   0.02772   0.12651   0.09610   0.08920   0.15341   0.26116   0.91618   0.04621   0.03788   0.06253  
 26  2.7484   4928.051177  x:  0.14099   0.02781   0.07574   0.04199   0.00156   0.01275   0.00198   0.00277   0.00523   0.14789   0.05897   0.05359   0.20857   0.17841   0.03078   0.04193   0.03549   0.16759   0.09333   0.14321   0.20399   0.39886   1.20454   0.03008   0.05164   0.08163  
 27 29.9282   4926.688300  x:  0.14726   0.02824   0.07589   0.04195   0.00155   0.01270   0.00188   0.00278   0.00542   0.14674   0.05914   0.05419   0.18570   0.21499   0.03100   0.04155   0.03598   0.16471   0.09704   0.14948   0.19246   0.40367   1.21111   0.02940   0.05204   0.08152  
 28 58.9595   4903.799362  x:  0.15732   0.02987   0.05778   0.04288   0.00179   0.01712   0.01606   0.00385   0.00000   0.15914   0.05710   0.06182   0.18036   0.24060   0.03250   0.02740   0.03230   0.16530   0.10075   0.15954   0.18667   0.45102   1.45688   0.03970   0.04083   0.09123  
 29  0.2584   4903.799362  x:  0.15732   0.02987   0.05778   0.04288   0.00179   0.01712   0.01606   0.00385   0.00000   0.15914   0.05710   0.06182   0.18036   0.24060   0.03250   0.02740   0.03230   0.16530   0.10075   0.15954   0.18667   0.45102   1.45688   0.03970   0.04083   0.09123  
 30  0.2139   4901.331560  x:  0.15710   0.02893   0.05748   0.04171   0.01044   0.01633   0.01356   0.00420   0.00005   0.15912   0.05718   0.06149   0.18027   0.24027   0.03222   0.02776   0.03131   0.16489   0.10068   0.15932   0.18656   0.45101   1.45741   0.03905   0.04075   0.09092  
 31 1030.0220   4898.414603  x:  0.15625   0.02542   0.05644   0.03703   0.01020   0.01211   0.00472   0.00434   0.00027   0.15901   0.05756   0.06024   0.17994   0.23901   0.03117   0.02909   0.02764   0.16328   0.10046   0.15847   0.18613   0.45103   1.45949   0.03798   0.04046   0.08971  
 32 404.8457   4896.660339  x:  0.15444   0.01890   0.05475   0.02806   0.01039   0.00820   0.00707   0.00426   0.00127   0.15876   0.05844   0.05770   0.17928   0.23626   0.02903   0.03153   0.02087   0.15985   0.10017   0.15666   0.18524   0.45114   1.46420   0.04013   0.03981   0.08707  
 33 300.6479   4895.996430  x:  0.15305   0.01622   0.05433   0.02382   0.01017   0.01189   0.00728   0.00430   0.00192   0.15853   0.05912   0.05609   0.17881   0.23417   0.02769   0.03279   0.01814   0.15741   0.10022   0.15527   0.18453   0.45118   1.46792   0.03857   0.03935   0.08513  
 34 301.4929   4895.276035  x:  0.14961   0.01718   0.05565   0.02266   0.01024   0.01391   0.00609   0.00402   0.00276   0.15789   0.06049   0.05289   0.17788   0.22885   0.02555   0.03453   0.01951   0.15176   0.10105   0.15183   0.18288   0.45143   1.47827   0.04256   0.03816   0.08034  
 35 146.3133   4893.364807  x:  0.13962   0.02092   0.05955   0.02236   0.01018   0.01192   0.00710   0.00543   0.00267   0.15613   0.06364   0.04446   0.17524   0.21360   0.02081   0.03854   0.02428   0.13610   0.10342   0.14184   0.17804   0.45190   1.50860   0.04047   0.03486   0.06708  
 36 640.2181   4893.056945  x:  0.13810   0.02079   0.05989   0.02300   0.01024   0.01179   0.00719   0.00335   0.00178   0.15598   0.06364   0.04396   0.17495   0.21137   0.02155   0.03860   0.02417   0.13415   0.10372   0.14032   0.17738   0.45199   1.51413   0.04024   0.03446   0.06558  
 37 322.9224   4892.432873  x:  0.13581   0.01976   0.06014   0.02464   0.01020   0.01202   0.00713   0.00386   0.00000   0.15592   0.06312   0.04426   0.17469   0.20812   0.02414   0.03793   0.02305   0.13182   0.10411   0.13803   0.17648   0.45217   1.52376   0.04072   0.03400   0.06402  
 38 405.4181   4891.544181  x:  0.13055   0.01754   0.06060   0.02846   0.01018   0.01176   0.00705   0.00389   0.00585   0.15689   0.06205   0.04834   0.17454   0.20090   0.02767   0.03355   0.02045   0.12899   0.10483   0.13277   0.17483   0.45269   1.55202   0.04077   0.03325   0.06285  
 39 363.5679   4889.203873  x:  0.12127   0.01987   0.06104   0.02289   0.01024   0.01151   0.00695   0.00378   0.00414   0.16014   0.05613   0.06217   0.17460   0.18816   0.02457   0.02321   0.02165   0.13108   0.10591   0.12349   0.17351   0.45418   1.62637   0.04160   0.03452   0.06789  
 40 367.5585   4886.059938  x:  0.11333   0.02401   0.05896   0.01971   0.01021   0.01145   0.00713   0.00376   0.00520   0.16476   0.05456   0.07742   0.17367   0.17582   0.02720   0.04031   0.02340   0.14212   0.10515   0.11555   0.17590   0.45691   1.75179   0.04186   0.03863   0.08045  
 41 548.6433   4882.636924  x:  0.11585   0.02099   0.05365   0.03031   0.01006   0.01201   0.00711   0.00362   0.00083   0.16489   0.06267   0.07401   0.17102   0.17504   0.01501   0.04305   0.01769   0.15244   0.10118   0.11807   0.18377   0.46023   1.87857   0.04267   0.04268   0.08959  
 42 540.1122   4876.343028  x:  0.13371   0.02394   0.05092   0.02366   0.01007   0.01148   0.00703   0.00372   0.00246   0.15951   0.07551   0.04624   0.16654   0.19129   0.02851   0.03142   0.02183   0.16595   0.09337   0.13593   0.20478   0.46782   2.13385   0.04250   0.04812   0.09829  
 43 791.6409   4873.069553  x:  0.15015   0.01947   0.06128   0.02517   0.01005   0.01143   0.00696   0.00371   0.00447   0.15218   0.05384   0.04676   0.17347   0.22117   0.02481   0.03564   0.02140   0.15513   0.09894   0.15237   0.21478   0.47337   2.26462   0.04201   0.04326   0.08977  
 44 329.6612   4872.452257  x:  0.15371   0.01875   0.05526   0.02438   0.01007   0.01134   0.00699   0.00370   0.00333   0.15431   0.06088   0.05458   0.17913   0.23295   0.02507   0.03577   0.02408   0.14750   0.10273   0.15593   0.21346   0.47582   2.29076   0.04180   0.04138   0.08498  
 45 108.9246   4872.371170  x:  0.15338   0.02046   0.05203   0.02469   0.01005   0.01146   0.00700   0.00370   0.00352   0.15852   0.05901   0.05260   0.18075   0.23617   0.02497   0.03583   0.02340   0.14684   0.10213   0.15560   0.20897   0.47788   2.29429   0.04183   0.04123   0.08489  
 46 21.3742   4872.331313  x:  0.15311   0.02144   0.05445   0.02461   0.01005   0.01141   0.00699   0.00370   0.00327   0.16019   0.06006   0.05192   0.18212   0.23854   0.02499   0.03578   0.02189   0.14740   0.10177   0.15533   0.20413   0.48029   2.29615   0.04185   0.04152   0.08509  
 47 17.8179   4872.308589  x:  0.15327   0.02056   0.05408   0.02464   0.01006   0.01140   0.00699   0.00370   0.00336   0.15776   0.06000   0.05155   0.18240   0.23933   0.02496   0.03577   0.02270   0.14859   0.10211   0.15549   0.19920   0.48352   2.29729   0.04183   0.04182   0.08531  
 48  9.8944   4872.298123  x:  0.15498   0.02106   0.05395   0.02461   0.01006   0.01139   0.00699   0.00370   0.00339   0.15759   0.05995   0.05227   0.18132   0.23793   0.02500   0.03580   0.02238   0.14757   0.10118   0.15720   0.19759   0.48726   2.29787   0.04177   0.04165   0.08583  
 49  4.2260   4872.293157  x:  0.15563   0.02094   0.05402   0.02461   0.01006   0.01138   0.00699   0.00370   0.00337   0.15825   0.05994   0.05221   0.18109   0.23711   0.02501   0.03579   0.02234   0.14779   0.10252   0.15785   0.19754   0.48952   2.29819   0.04171   0.04160   0.08570  
 50  4.3762   4872.281428  x:  0.15497   0.02042   0.05412   0.02463   0.01005   0.01138   0.00698   0.00371   0.00330   0.15869   0.05983   0.05227   0.18247   0.23681   0.02499   0.03580   0.02279   0.14877   0.10150   0.15719   0.19968   0.49512   2.29917   0.04159   0.04178   0.08413  
 51  2.6777   4872.265527  x:  0.15307   0.02155   0.05385   0.02462   0.01004   0.01137   0.00698   0.00371   0.00336   0.15740   0.05994   0.05187   0.18255   0.23806   0.02505   0.03575   0.02183   0.14774   0.10221   0.15529   0.20235   0.50052   2.30073   0.04148   0.04184   0.08558  
 52  4.5040   4872.242389  x:  0.15178   0.01946   0.05464   0.02473   0.01002   0.01135   0.00696   0.00371   0.00322   0.15857   0.06006   0.05165   0.18018   0.23945   0.02502   0.03574   0.02357   0.14667   0.10189   0.15400   0.20320   0.50269   2.30354   0.04147   0.04115   0.08718  
 53  2.7865   4871.935080  x:  0.14861   0.02199   0.05369   0.02472   0.00980   0.01129   0.00669   0.00379   0.00255   0.15878   0.05996   0.05477   0.16690   0.24231   0.02567   0.03512   0.02071   0.15027   0.10201   0.15083   0.20341   0.50441   2.34244   0.04161   0.03924   0.07870  
 54  5.0972   4870.273615  x:  0.14625   0.01928   0.05440   0.02581   0.00881   0.01097   0.00555   0.00410   0.00000   0.15838   0.05882   0.05288   0.17565   0.22931   0.02742   0.03373   0.01987   0.14165   0.10269   0.14846   0.20232   0.50188   2.51001   0.04186   0.04592   0.07821  
 55 54.4051   4870.273615  x:  0.14625   0.01928   0.05440   0.02581   0.00881   0.01097   0.00555   0.00410   0.00000   0.15838   0.05882   0.05288   0.17565   0.22931   0.02742   0.03373   0.01987   0.14165   0.10269   0.14846   0.20232   0.50188   2.51001   0.04186   0.04592   0.07821  
 56 19.1870   4870.175548  x:  0.14616   0.01946   0.05448   0.02607   0.00753   0.01136   0.00671   0.00431   0.00048   0.15842   0.05893   0.05294   0.17578   0.22910   0.02756   0.03369   0.02009   0.14166   0.10270   0.14837   0.20226   0.50186   2.51008   0.04170   0.04575   0.07831  
 57 102.8491   4870.152112  x:  0.14604   0.01966   0.05454   0.02629   0.00693   0.01174   0.00631   0.00408   0.00070   0.15846   0.05899   0.05302   0.17595   0.22881   0.02773   0.03365   0.02033   0.14168   0.10272   0.14825   0.20218   0.50182   2.51018   0.04169   0.04554   0.07846  
 58 50.2028   4870.136566  x:  0.14579   0.01997   0.05463   0.02657   0.00701   0.01213   0.00616   0.00448   0.00075   0.15855   0.05903   0.05314   0.17630   0.22821   0.02802   0.03354   0.02070   0.14172   0.10273   0.14801   0.20203   0.50176   2.51039   0.04173   0.04511   0.07876  
 59 36.0590   4870.108762  x:  0.14520   0.02055   0.05476   0.02701   0.00741   0.01240   0.00641   0.00411   0.00057   0.15873   0.05906   0.05342   0.17713   0.22677   0.02860   0.03329   0.02139   0.14179   0.10274   0.14741   0.20167   0.50160   2.51090   0.04179   0.04409   0.07946  
 60 71.4686   4870.073874  x:  0.14422   0.02091   0.05481   0.02719   0.00711   0.01146   0.00632   0.00423   0.00000   0.15900   0.05906   0.05378   0.17845   0.22438   0.02918   0.03287   0.02183   0.14189   0.10270   0.14643   0.20107   0.50132   2.51179   0.04178   0.04245   0.08058  
 61 71.8380   4870.030749  x:  0.14278   0.02006   0.05456   0.02662   0.00720   0.01158   0.00632   0.00422   0.00059   0.15936   0.05929   0.05408   0.18022   0.22082   0.02901   0.03247   0.02085   0.14196   0.10252   0.14499   0.20021   0.50088   2.51326   0.04204   0.04014   0.08199  
 62 50.3930   4870.025110  x:  0.14256   0.01999   0.05455   0.02646   0.00715   0.01182   0.00632   0.00422   0.00029   0.15935   0.05927   0.05405   0.18042   0.22027   0.02883   0.03259   0.02071   0.14197   0.10249   0.14477   0.20008   0.50078   2.51357   0.04181   0.03990   0.08212  
 63 28.8975   4870.021465  x:  0.14241   0.02006   0.05460   0.02644   0.00708   0.01191   0.00635   0.00423   0.00011   0.15928   0.05926   0.05395   0.18049   0.21980   0.02854   0.03294   0.02068   0.14199   0.10246   0.14462   0.20001   0.50067   2.51397   0.04208   0.03984   0.08210  
 64 16.2389   4870.015206  x:  0.14211   0.02030   0.05476   0.02659   0.00714   0.01178   0.00633   0.00422   0.00027   0.15909   0.05934   0.05368   0.18052   0.21889   0.02793   0.03371   0.02071   0.14204   0.10240   0.14433   0.19987   0.50040   2.51493   0.04197   0.03986   0.08193  
 65 24.9569   4870.002241  x:  0.14155   0.02048   0.05505   0.02650   0.00714   0.01179   0.00633   0.00422   0.00032   0.15829   0.05927   0.05290   0.17991   0.21674   0.02858   0.03333   0.02043   0.14208   0.10227   0.14376   0.19973   0.49924   2.51932   0.04206   0.04118   0.08059  
 66  8.1868   4869.991582  x:  0.14136   0.02044   0.05490   0.02667   0.00714   0.01179   0.00633   0.00422   0.00030   0.15828   0.05916   0.05384   0.17947   0.21598   0.02788   0.03260   0.02072   0.14205   0.10236   0.14358   0.19977   0.49807   2.52426   0.04212   0.04193   0.08010  
 67 13.0875   4869.964986  x:  0.14123   0.01973   0.05429   0.02666   0.00715   0.01177   0.00632   0.00422   0.00033   0.15887   0.05898   0.05646   0.17849   0.21512   0.02850   0.03351   0.02098   0.14193   0.10257   0.14344   0.20008   0.49500   2.53808   0.04220   0.04310   0.07971  
 68 40.9755   4869.866335  x:  0.14281   0.02017   0.05512   0.02632   0.00712   0.01179   0.00632   0.00422   0.00019   0.16170   0.05976   0.05443   0.17597   0.21676   0.02844   0.03322   0.02089   0.14196   0.10214   0.14502   0.20216   0.48467   2.59315   0.04248   0.04176   0.08285  
 69 39.2615   4869.834812  x:  0.14321   0.01978   0.05421   0.02756   0.00710   0.01181   0.00632   0.00422   0.00013   0.15966   0.05856   0.05374   0.17770   0.21839   0.02844   0.03324   0.02057   0.14195   0.10242   0.14543   0.20230   0.48324   2.61145   0.04250   0.04063   0.08252  
 70 41.3395   4869.812817  x:  0.14342   0.02023   0.05408   0.02628   0.00711   0.01180   0.00632   0.00422   0.00047   0.15799   0.05844   0.05365   0.17961   0.21972   0.02841   0.03330   0.02111   0.14197   0.10266   0.14564   0.20219   0.48316   2.62434   0.04249   0.04007   0.08196  
 71 68.9382   4869.797413  x:  0.14345   0.02016   0.05466   0.02658   0.00713   0.01177   0.00632   0.00422   0.00010   0.15763   0.06015   0.05381   0.18128   0.22055   0.02844   0.03327   0.02072   0.14194   0.10254   0.14566   0.20181   0.48496   2.63383   0.04247   0.04052   0.08160  
 72 26.9165   4869.760703  x:  0.14328   0.02022   0.05506   0.02666   0.00711   0.01179   0.00631   0.00422   0.00025   0.16024   0.05873   0.05316   0.18358   0.22131   0.02836   0.03337   0.02055   0.14194   0.10194   0.14549   0.20048   0.49404   2.65720   0.04235   0.04267   0.08150  
 73 24.7647   4869.740751  x:  0.14346   0.02026   0.05337   0.02656   0.00711   0.01178   0.00631   0.00422   0.00021   0.15993   0.05948   0.05293   0.18188   0.22080   0.02839   0.03336   0.02102   0.14209   0.10266   0.14567   0.20058   0.50064   2.66999   0.04226   0.04222   0.08190  
 74 22.1376   4869.729425  x:  0.14373   0.02044   0.05447   0.02656   0.00713   0.01177   0.00631   0.00422   0.00024   0.15900   0.05917   0.05374   0.18029   0.22035   0.02847   0.03330   0.02053   0.14206   0.10282   0.14594   0.20123   0.50476   2.67732   0.04220   0.04125   0.08218  
 75 23.8227   4869.728720  x:  0.14372   0.02034   0.05442   0.02656   0.00712   0.01177   0.00631   0.00422   0.00024   0.15893   0.05918   0.05376   0.18032   0.22025   0.02847   0.03330   0.02068   0.14189   0.10230   0.14594   0.20186   0.50506   2.67778   0.04219   0.04120   0.08216  
 76  1.9304   4869.728231  x:  0.14358   0.02031   0.05443   0.02657   0.00712   0.01177   0.00631   0.00422   0.00024   0.15901   0.05917   0.05373   0.18053   0.22016   0.02847   0.03331   0.02068   0.14197   0.10253   0.14579   0.20289   0.50529   2.67809   0.04217   0.04126   0.08213  
 77  1.3340   4869.728191  x:  0.14344   0.02038   0.05440   0.02657   0.00712   0.01177   0.00631   0.00422   0.00024   0.15900   0.05917   0.05374   0.18049   0.22024   0.02847   0.03331   0.02063   0.14198   0.10250   0.14565   0.20297   0.50530   2.67812   0.04217   0.04126   0.08215  
 78  0.3589   4869.728184  x:  0.14340   0.02034   0.05442   0.02657   0.00712   0.01177   0.00631   0.00422   0.00024   0.15900   0.05917   0.05373   0.18048   0.22027   0.02847   0.03331   0.02066   0.14197   0.10251   0.14561   0.20298   0.50531   2.67813   0.04217   0.04126   0.08215  
 79  0.1915   4869.728181  x:  0.14339   0.02035   0.05442   0.02657   0.00712   0.01177   0.00631   0.00422   0.00024   0.15901   0.05918   0.05373   0.18048   0.22027   0.02847   0.03331   0.02066   0.14193   0.10252   0.14560   0.20298   0.50530   2.67816   0.04217   0.04125   0.08212  
 80  0.0131   4869.727961  x:  0.14340   0.02031   0.05442   0.02656   0.00714   0.01178   0.00629   0.00421   0.00023   0.15915   0.05919   0.05377   0.18040   0.22027   0.02845   0.03331   0.02067   0.14213   0.10246   0.14561   0.20299   0.50517   2.67980   0.04218   0.04117   0.08184  
 81  0.0506   4869.727553  x:  0.14342   0.02029   0.05440   0.02655   0.00717   0.01179   0.00625   0.00419   0.00025   0.15904   0.05917   0.05382   0.18035   0.22019   0.02842   0.03332   0.02065   0.14196   0.10250   0.14564   0.20303   0.50493   2.68286   0.04218   0.04150   0.08202  
 82  2.0896   4869.727550  x:  0.14342   0.02030   0.05440   0.02655   0.00717   0.01179   0.00625   0.00419   0.00025   0.15904   0.05917   0.05382   0.18035   0.22018   0.02842   0.03332   0.02065   0.14196   0.10250   0.14563   0.20304   0.50488   2.68317   0.04218   0.04150   0.08203  
 83  0.0003   4869.727550  x:  0.14342   0.02030   0.05440   0.02655   0.00717   0.01179   0.00626   0.00419   0.00025   0.15904   0.05917   0.05382   0.18035   0.22018   0.02842   0.03332   0.02065   0.14196   0.10250   0.14563   0.20304   0.50488   2.68317   0.04218   0.04150   0.08203  
 84  0.0000   4869.727550  x:  0.14342   0.02030   0.05440   0.02655   0.00717   0.01179   0.00626   0.00419   0.00025   0.15904   0.05917   0.05382   0.18035   0.22018   0.02842   0.03332   0.02065   0.14196   0.10250   0.14564   0.20304   0.50488   2.68316   0.04218   0.04150   0.08203  
 85  0.0000   4869.727550  x:  0.14342   0.02030   0.05440   0.02655   0.00717   0.01179   0.00626   0.00419   0.00025   0.15904   0.05917   0.05382   0.18035   0.22018   0.02842   0.03332   0.02065   0.14196   0.10250   0.14564   0.20304   0.50488   2.68316   0.04218   0.04150   0.08203  
 86  0.0000   4869.727550  x:  0.14342   0.02030   0.05440   0.02655   0.00717   0.01179   0.00626   0.00419   0.00025   0.15904   0.05917   0.05382   0.18035   0.22018   0.02842   0.03332   0.02065   0.14196   0.10250   0.14564   0.20304   0.50488   2.68316   0.04218   0.04150   0.08203  
 87  0.0000   4869.727550  x:  0.14342   0.02030   0.05440   0.02655   0.00717   0.01179   0.00626   0.00419   0.00025   0.15904   0.05917   0.05382   0.18035   0.22018   0.02842   0.03332   0.02065   0.14196   0.10250   0.14564   0.20304   0.50488   2.68316   0.04218   0.04150   0.08203  
 88  0.0028   4869.727550  x:  0.14342   0.02030   0.05440   0.02655   0.00717   0.01179   0.00626   0.00419   0.00025   0.15904   0.05917   0.05382   0.18035   0.22018   0.02842   0.03332   0.02065   0.14196   0.10250   0.14564   0.20304   0.50488   2.68316   0.04218   0.04150   0.08203  