

TREE # 1

  0  0.0000   5651.280346  x:  0.01800   0.09739   0.04670   0.03695   0.03708   0.03163   0.01435   0.00000   0.09771   0.09276   0.00708   0.14212   0.11441   0.03452   0.05666   0.02993   0.10755   0.10571   0.15471   0.11016   0.21992   0.17692   0.20577   0.20832  
  1 99.0000   5446.067880  x:  0.01681   0.09565   0.03893   0.02075   0.02387   0.01583   0.00000   0.06078   0.10978   0.08804   0.06563   0.14546   0.12442   0.02681   0.04845   0.03133   0.11454   0.10544   0.16092   0.11411   0.22670   0.26091   0.15337   0.19804  
  2 2917.2712   5324.797664  x:  0.01560   0.09386   0.03105   0.00443   0.01062   0.00000   0.00721   0.12108   0.12191   0.08328   0.12390   0.14881   0.13447   0.01909   0.04018   0.03269   0.12157   0.10517   0.16719   0.11809   0.23354   0.34530   0.10040   0.18767  
  3 115156.2505   5296.534697  x:  0.01530   0.09342   0.02911   0.00040   0.00734   0.00028   0.00897   0.13598   0.12491   0.08210   0.13830   0.14964   0.13696   0.01719   0.03813   0.03303   0.12331   0.10511   0.16875   0.11908   0.23523   0.36617   0.08728   0.18510  
  4 183367.0311   5231.702599  x:  0.01419   0.09146   0.02201   0.03186   0.00000   0.00102   0.01423   0.18004   0.13504   0.07767   0.18193   0.15232   0.14534   0.01217   0.03149   0.03365   0.12908   0.10482   0.17452   0.12278   0.24144   0.43595   0.03856   0.17566  
  5 16248.3095   5225.813608  x:  0.01403   0.09120   0.02109   0.03511   0.00448   0.00110   0.01484   0.18517   0.13633   0.07708   0.18710   0.15266   0.14643   0.01181   0.03073   0.03368   0.12980   0.10478   0.17533   0.12331   0.24231   0.44477   0.03274   0.17437  
  6 16923.8879   5186.543245  x:  0.00859   0.08047   0.00000   0.04523   0.00771   0.00134   0.01586   0.15985   0.15608   0.06098   0.18471   0.15840   0.16650   0.06478   0.03880   0.02413   0.13736   0.10277   0.20311   0.14297   0.27237   0.56218   0.08054   0.13633  
  7 1031.6012   5177.108370  x:  0.00641   0.07526   0.01285   0.04922   0.00890   0.00144   0.01617   0.14450   0.16574   0.05288   0.18135   0.16107   0.17640   0.09012   0.04241   0.01958   0.14102   0.10177   0.21715   0.15281   0.28758   0.62082   0.09971   0.11651  
  8 9223.3422   5024.877836  x:  0.01635   0.05317   0.01075   0.03107   0.00471   0.00093   0.01017   0.00000   0.19420   0.02359   0.10326   0.16473   0.20732   0.15571   0.04065   0.01235   0.15135   0.09844   0.27187   0.18732   0.34840   0.83833   0.04584   0.01602  
  9 2194.8161   5024.877836  x:  0.01635   0.05317   0.01075   0.03107   0.00471   0.00093   0.01017   0.00000   0.19420   0.02359   0.10326   0.16473   0.20732   0.15571   0.04065   0.01235   0.15135   0.09844   0.27187   0.18732   0.34840   0.83833   0.04584   0.01602  
 10 807.8872   5012.676859  x:  0.01690   0.05367   0.01706   0.02834   0.00855   0.02617   0.00777   0.00755   0.19374   0.02991   0.10233   0.16469   0.20718   0.15300   0.03916   0.01343   0.15147   0.09875   0.27188   0.18712   0.34875   0.84009   0.04221   0.02036  
 11 3112.2531   4999.521943  x:  0.01872   0.05492   0.02548   0.01877   0.01162   0.02176   0.00103   0.00873   0.19207   0.04221   0.09908   0.16455   0.20680   0.14366   0.03419   0.01666   0.15176   0.09967   0.27200   0.18655   0.35007   0.84609   0.03570   0.02917  
 12 861.6421   4991.401850  x:  0.02085   0.05645   0.03499   0.00615   0.01505   0.01736   0.00841   0.00961   0.18983   0.05683   0.09468   0.16441   0.20636   0.13087   0.02763   0.02056   0.15207   0.10081   0.27223   0.18586   0.35196   0.85431   0.03206   0.03900  
 13 2792.9573   4986.886936  x:  0.02156   0.05705   0.03814   0.00218   0.01591   0.01660   0.00818   0.00883   0.18838   0.06296   0.09181   0.16440   0.20621   0.12230   0.02400   0.02212   0.15211   0.10131   0.27247   0.18553   0.35336   0.85985   0.03953   0.04215  
 14 1209.6141   4980.869059  x:  0.02285   0.05830   0.04447   0.01135   0.01766   0.01492   0.00940   0.00571   0.18444   0.07685   0.08409   0.16432   0.20578   0.09918   0.01530   0.02543   0.15212   0.10245   0.27298   0.18451   0.35697   0.87488   0.04814   0.04843  
 15 1542.8372   4972.093425  x:  0.02182   0.05836   0.04253   0.01093   0.01438   0.01678   0.00924   0.00000   0.18085   0.08066   0.07737   0.16424   0.20551   0.07823   0.01363   0.02538   0.15166   0.10283   0.27321   0.18340   0.36006   0.88912   0.04752   0.04644  
 16 900.0010   4958.248757  x:  0.01941   0.06075   0.04063   0.01130   0.02371   0.01764   0.00939   0.00000   0.17178   0.09099   0.06076   0.16511   0.20503   0.02077   0.03989   0.02585   0.15038   0.10396   0.27372   0.17996   0.36991   0.93535   0.04902   0.04173  
 17 1389.3372   4939.089033  x:  0.01318   0.07133   0.03493   0.01386   0.00627   0.00344   0.00990   0.00000   0.15926   0.08265   0.04230   0.17672   0.20059   0.03666   0.05453   0.02599   0.14686   0.10639   0.27319   0.17033   0.39686   1.07629   0.05275   0.04092  
 18 217.3382   4935.797882  x:  0.01279   0.07273   0.03083   0.01340   0.01331   0.00124   0.00971   0.00000   0.15738   0.07765   0.04132   0.17916   0.19986   0.03916   0.05115   0.02629   0.14612   0.10674   0.27295   0.16836   0.40259   1.10810   0.05255   0.03947  
 19 993.7575   4923.863898  x:  0.02361   0.08472   0.01575   0.01221   0.02694   0.00580   0.00922   0.00000   0.15074   0.06296   0.04345   0.19339   0.19615   0.05217   0.04785   0.04183   0.14425   0.11067   0.27181   0.15800   0.43593   1.29495   0.05180   0.05475  
 20 963.1127   4914.194339  x:  0.01561   0.07833   0.05411   0.01105   0.03406   0.00773   0.00912   0.00000   0.15809   0.04376   0.06407   0.20144   0.19618   0.05765   0.04159   0.03171   0.14117   0.10659   0.27001   0.15315   0.46284   1.46987   0.05152   0.04456  
 21 855.7738   4910.822968  x:  0.01004   0.06539   0.04912   0.01108   0.03572   0.00824   0.00923   0.00000   0.17079   0.05965   0.07731   0.19733   0.19849   0.06224   0.04151   0.01849   0.14193   0.10186   0.26997   0.15829   0.46593   1.52056   0.05177   0.04092  
 22 319.3341   4909.139881  x:  0.02437   0.05339   0.04786   0.01121   0.03333   0.00763   0.00918   0.00000   0.18502   0.06298   0.09045   0.18769   0.20180   0.06175   0.04202   0.02127   0.14490   0.09785   0.27067   0.16804   0.46195   1.54874   0.05177   0.03593  
 23 205.5287   4908.377058  x:  0.02614   0.04935   0.04653   0.01140   0.03191   0.00725   0.00933   0.00000   0.19260   0.05699   0.09633   0.17813   0.20368   0.05904   0.04231   0.01719   0.14741   0.09747   0.27142   0.17706   0.45515   1.56162   0.05218   0.04541  
 24 122.0301   4907.852925  x:  0.02285   0.05974   0.04656   0.01137   0.03193   0.00729   0.00928   0.00000   0.19605   0.05724   0.09817   0.16555   0.20443   0.05913   0.04175   0.01841   0.14820   0.10035   0.27197   0.18965   0.44041   1.57315   0.05227   0.04366  
 25 58.9773   4907.563622  x:  0.01820   0.05459   0.04716   0.01134   0.03282   0.00748   0.00929   0.00000   0.19226   0.05717   0.09435   0.16140   0.20365   0.06074   0.04210   0.02403   0.14665   0.10108   0.27016   0.19697   0.42382   1.58104   0.05253   0.04326  
 26 42.2313   4907.334791  x:  0.02207   0.05499   0.04750   0.01136   0.03302   0.00750   0.00933   0.00000   0.18746   0.05767   0.09321   0.16680   0.20347   0.06090   0.04211   0.02010   0.14545   0.09796   0.26642   0.20039   0.40302   1.58782   0.05291   0.04340  
 27 33.0835   4907.272209  x:  0.02102   0.05513   0.04715   0.01141   0.03254   0.00741   0.00933   0.00000   0.18954   0.05763   0.09500   0.16992   0.20363   0.06004   0.04206   0.02102   0.14715   0.10130   0.26490   0.19747   0.39617   1.58948   0.05307   0.04346  
 28 14.8653   4907.208725  x:  0.02002   0.05605   0.04694   0.01142   0.03249   0.00740   0.00934   0.00000   0.19292   0.05734   0.09403   0.16834   0.20306   0.05972   0.04196   0.02224   0.14711   0.09777   0.26545   0.19072   0.39126   1.59108   0.05322   0.04388  
 29  7.6361   4907.074977  x:  0.02314   0.05476   0.04736   0.01138   0.03287   0.00748   0.00933   0.00000   0.19240   0.05766   0.09157   0.16301   0.20230   0.06045   0.04203   0.01898   0.14627   0.10171   0.27118   0.18214   0.38678   1.59413   0.05335   0.04321  
 30  8.3174   4906.269202  x:  0.02014   0.05425   0.04533   0.01143   0.03050   0.00707   0.00927   0.00000   0.17987   0.05806   0.10570   0.16309   0.20686   0.05704   0.04194   0.02186   0.14298   0.09955   0.30771   0.17137   0.37861   1.60729   0.05312   0.04395  
 31 10.9225   4903.031808  x:  0.01916   0.05190   0.04529   0.01026   0.03154   0.00740   0.00872   0.00000   0.19791   0.05516   0.07639   0.18795   0.19907   0.05157   0.03922   0.02006   0.16676   0.09627   0.36505   0.18276   0.37814   1.65990   0.05086   0.03919  
 32 22.1270   4891.214891  x:  0.01999   0.05251   0.03483   0.00837   0.02294   0.00624   0.00753   0.00000   0.21198   0.05022   0.06013   0.19908   0.20539   0.02390   0.03276   0.01961   0.10778   0.10750   0.34778   0.19222   0.40524   1.81884   0.04764   0.03798  
 33 49.2344   4884.859480  x:  0.01875   0.05173   0.02964   0.00741   0.01813   0.00559   0.00686   0.00000   0.18482   0.04994   0.06112   0.18415   0.21680   0.01109   0.02981   0.01791   0.13924   0.10150   0.31451   0.18671   0.42392   1.90992   0.04645   0.03360  
 34 188.6473   4884.764302  x:  0.01863   0.05179   0.02982   0.00736   0.01840   0.00565   0.00685   0.00000   0.18526   0.04982   0.05791   0.18448   0.22884   0.01162   0.02963   0.01799   0.13948   0.10159   0.31427   0.18633   0.42417   1.91180   0.04631   0.03349  
 35 12.9612   4884.759994  x:  0.01863   0.05179   0.02982   0.00736   0.01840   0.00565   0.00685   0.00051   0.18525   0.04982   0.05790   0.18448   0.22886   0.01162   0.02963   0.01799   0.13949   0.10159   0.31426   0.18633   0.42418   1.91182   0.04631   0.03349  
 36 14.6970   4876.864400  x:  0.02029   0.05169   0.02332   0.00658   0.01236   0.00519   0.00615   0.00052   0.14797   0.05853   0.05750   0.16719   0.19684   0.02724   0.03203   0.01867   0.15428   0.09847   0.26559   0.18579   0.45908   2.10827   0.04537   0.03512  
 37  0.6467   4875.140387  x:  0.02053   0.05364   0.02418   0.00664   0.01076   0.00517   0.00588   0.00000   0.15349   0.06057   0.05252   0.17162   0.20579   0.02662   0.03393   0.02005   0.15028   0.10033   0.27050   0.18808   0.46552   2.18940   0.04535   0.03865  
 38  0.2237   4875.140387  x:  0.02053   0.05364   0.02418   0.00664   0.01076   0.00517   0.00588   0.00000   0.15349   0.06057   0.05252   0.17162   0.20579   0.02662   0.03393   0.02005   0.15028   0.10033   0.27050   0.18808   0.46552   2.18940   0.04535   0.03865  
 39  0.3032   4874.893106  x:  0.02051   0.05381   0.02465   0.00726   0.01137   0.00655   0.00410   0.00015   0.15377   0.06053   0.05267   0.17175   0.20593   0.02678   0.03389   0.02007   0.15006   0.10040   0.27059   0.18814   0.46554   2.18956   0.04556   0.03874  
 40 188.0926   4874.800433  x:  0.02039   0.05461   0.02654   0.00778   0.01264   0.00600   0.00423   0.00038   0.15517   0.06026   0.05338   0.17238   0.20664   0.02748   0.03364   0.02017   0.14898   0.10078   0.27103   0.18842   0.46562   2.19038   0.04593   0.03917  
 41 56.4841   4874.712465  x:  0.02021   0.05534   0.02777   0.00714   0.01248   0.00634   0.00436   0.00000   0.15662   0.05988   0.05406   0.17304   0.20739   0.02804   0.03336   0.02022   0.14783   0.10116   0.27150   0.18872   0.46569   2.19131   0.04564   0.03954  
 42 97.3253   4874.660647  x:  0.01992   0.05594   0.02802   0.00738   0.01165   0.00581   0.00383   0.00000   0.15827   0.05945   0.05468   0.17378   0.20827   0.02831   0.03306   0.02020   0.14650   0.10155   0.27210   0.18908   0.46579   2.19252   0.04550   0.03978  
 43 92.7180   4874.605757  x:  0.01950   0.05649   0.02752   0.00829   0.01110   0.00616   0.00427   0.00000   0.16035   0.05897   0.05530   0.17472   0.20945   0.02838   0.03273   0.02018   0.14479   0.10201   0.27291   0.18958   0.46594   2.19425   0.04566   0.03992  
 44 125.8689   4874.539101  x:  0.01896   0.05678   0.02584   0.00777   0.01217   0.00605   0.00415   0.00000   0.16302   0.05863   0.05572   0.17596   0.21112   0.02798   0.03255   0.02023   0.14251   0.10257   0.27415   0.19031   0.46620   2.19710   0.04569   0.03978  
 45 83.8865   4874.476355  x:  0.01943   0.05543   0.02613   0.00797   0.01220   0.00606   0.00419   0.00000   0.16479   0.06012   0.05416   0.17697   0.21314   0.02702   0.03385   0.02122   0.14084   0.10280   0.27608   0.19132   0.46666   2.20256   0.04482   0.03898  
 46 31.7496   4874.444089  x:  0.01961   0.05469   0.02634   0.00769   0.01193   0.00608   0.00416   0.00000   0.16547   0.06079   0.05324   0.17746   0.21420   0.02667   0.03442   0.02155   0.14017   0.10286   0.27717   0.19187   0.46696   2.20577   0.04563   0.03876  
 47 121.6957   4874.310390  x:  0.01891   0.05247   0.02622   0.00764   0.01189   0.00610   0.00417   0.00000   0.16484   0.06058   0.04932   0.17885   0.21819   0.02781   0.03385   0.01959   0.14028   0.10256   0.28206   0.19401   0.46849   2.22357   0.04527   0.04102  
 48 49.1107   4874.064803  x:  0.02275   0.05357   0.02538   0.00755   0.01175   0.00609   0.00417   0.00000   0.16142   0.05833   0.04711   0.18114   0.22455   0.02792   0.03148   0.02113   0.14274   0.10207   0.29076   0.19726   0.47162   2.26079   0.04503   0.04120  
 49 123.1586   4873.725099  x:  0.02114   0.05556   0.02550   0.00753   0.01151   0.00612   0.00417   0.00000   0.15686   0.05875   0.05108   0.18315   0.22985   0.02775   0.03418   0.01801   0.14612   0.10131   0.30007   0.19953   0.47598   2.31465   0.04481   0.03726  
 50 168.5079   4873.335100  x:  0.01825   0.05426   0.02598   0.00764   0.01163   0.00611   0.00417   0.00000   0.15616   0.06194   0.05717   0.18217   0.22834   0.02446   0.03377   0.02078   0.14807   0.10220   0.30540   0.19807   0.48108   2.38215   0.04493   0.04252  
 51 152.0912   4872.850469  x:  0.01676   0.05183   0.02522   0.00795   0.01213   0.00602   0.00414   0.00000   0.15894   0.06145   0.05938   0.17835   0.22130   0.03114   0.03484   0.02544   0.14736   0.10289   0.30790   0.19394   0.48725   2.47026   0.04529   0.04269  
 52 291.9761   4872.440092  x:  0.01581   0.05171   0.02751   0.00798   0.01242   0.00598   0.00412   0.00000   0.16243   0.05906   0.05686   0.17437   0.21364   0.02933   0.03088   0.02409   0.14483   0.10243   0.30697   0.19001   0.49175   2.54165   0.04573   0.03912  
 53 345.9394   4872.243964  x:  0.01939   0.05547   0.02695   0.00789   0.01230   0.00599   0.00413   0.00000   0.16410   0.05843   0.05429   0.17315   0.20984   0.02776   0.03414   0.02075   0.14293   0.10207   0.30302   0.18819   0.49321   2.57692   0.04592   0.04124  
 54 141.7725   4872.139436  x:  0.02195   0.05457   0.02566   0.00761   0.01176   0.00609   0.00416   0.00000   0.16322   0.06122   0.05459   0.17566   0.21038   0.02864   0.03241   0.01882   0.14185   0.10241   0.29453   0.18822   0.49251   2.59571   0.04595   0.04091  
 55 40.0655   4872.070337  x:  0.02151   0.05276   0.02577   0.00750   0.01158   0.00610   0.00416   0.00000   0.16217   0.05866   0.05457   0.17793   0.21238   0.02771   0.03351   0.01948   0.14169   0.10279   0.28640   0.18961   0.49128   2.60845   0.04601   0.04092  
 56 43.3904   4872.032414  x:  0.01952   0.05488   0.02601   0.00760   0.01178   0.00608   0.00416   0.00000   0.16233   0.05935   0.05304   0.17846   0.21457   0.02798   0.03337   0.02085   0.14242   0.10238   0.28083   0.19283   0.48979   2.61598   0.04614   0.04094  
 57 21.5095   4872.022214  x:  0.02040   0.05435   0.02637   0.00769   0.01200   0.00605   0.00414   0.00000   0.16299   0.05926   0.05373   0.17747   0.21500   0.02811   0.03327   0.02023   0.14261   0.10221   0.27942   0.19578   0.48870   2.61818   0.04620   0.04104  
 58  7.1119   4872.019809  x:  0.02017   0.05437   0.02618   0.00763   0.01188   0.00606   0.00415   0.00000   0.16278   0.05928   0.05378   0.17688   0.21432   0.02806   0.03329   0.02040   0.14245   0.10253   0.27932   0.19726   0.48795   2.61860   0.04617   0.04099  
 59  2.7634   4872.019545  x:  0.02015   0.05435   0.02618   0.00763   0.01188   0.00606   0.00415   0.00000   0.16276   0.05928   0.05381   0.17710   0.21412   0.02807   0.03329   0.02044   0.14239   0.10221   0.27941   0.19737   0.48754   2.61870   0.04618   0.04101  
 60  0.8274   4872.019192  x:  0.02017   0.05435   0.02621   0.00764   0.01190   0.00606   0.00415   0.00000   0.16279   0.05927   0.05376   0.17743   0.21394   0.02807   0.03329   0.02041   0.14250   0.10243   0.27962   0.19730   0.48662   2.61889   0.04620   0.04100  
 61  0.8935   4872.018761  x:  0.02015   0.05436   0.02619   0.00763   0.01189   0.00606   0.00415   0.00000   0.16278   0.05928   0.05378   0.17709   0.21424   0.02807   0.03329   0.02043   0.14246   0.10237   0.27982   0.19689   0.48537   2.61914   0.04622   0.04100  
 62  0.8556   4872.013602  x:  0.02018   0.05451   0.02644   0.00765   0.01197   0.00607   0.00415   0.00000   0.16169   0.05926   0.05383   0.17730   0.21473   0.02817   0.03325   0.02043   0.14098   0.10278   0.28049   0.19712   0.48566   2.62295   0.04621   0.04113  
 63  0.0748   4871.969814  x:  0.01993   0.05460   0.02687   0.00714   0.01174   0.00627   0.00419   0.00000   0.16322   0.05890   0.05410   0.17885   0.21806   0.02831   0.03322   0.02041   0.14211   0.10263   0.28555   0.19904   0.48915   2.65461   0.04572   0.04124  
 64  7.6260   4871.968797  x:  0.01996   0.05449   0.02680   0.00725   0.01175   0.00627   0.00420   0.00000   0.16314   0.05896   0.05410   0.17884   0.21802   0.02830   0.03322   0.02044   0.14216   0.10262   0.28549   0.19909   0.48951   2.66232   0.04572   0.04125  
 65  0.0072   4871.968784  x:  0.01996   0.05449   0.02679   0.00723   0.01175   0.00626   0.00420   0.00000   0.16314   0.05896   0.05410   0.17883   0.21799   0.02830   0.03322   0.02044   0.14216   0.10262   0.28549   0.19907   0.48953   2.66284   0.04572   0.04125  
 66  0.0005   4871.968784  x:  0.01996   0.05449   0.02679   0.00723   0.01175   0.00626   0.00419   0.00000   0.16314   0.05896   0.05410   0.17882   0.21799   0.02830   0.03322   0.02044   0.14216   0.10262   0.28549   0.19907   0.48954   2.66284   0.04572   0.04126  
 67  0.0000   4871.968784  x:  0.01996   0.05449   0.02679   0.00723   0.01175   0.00626   0.00419   0.00000   0.16314   0.05896   0.05410   0.17882   0.21799   0.02830   0.03322   0.02044   0.14216   0.10262   0.28549   0.19907   0.48954   2.66284   0.04572   0.04126  