

TREE # 1

  0  0.0000   5557.671818  x:  0.08314   0.00594   0.09419   0.04254   0.02747   0.01164   0.01053   0.00935   0.00000   0.11018   0.09488   0.00522   0.13293   0.14247   0.01866   0.03854   0.02522   0.13803   0.09665   0.11386   0.13223   0.23916   0.22849   0.22094   0.21543  
  1 99.0000   5437.344801  x:  0.08433   0.01508   0.09305   0.03661   0.01513   0.01200   0.00429   0.00000   0.04090   0.11737   0.09027   0.06747   0.13726   0.14697   0.02054   0.03659   0.03016   0.13930   0.09744   0.11505   0.13222   0.24295   0.28350   0.18060   0.20315  
  2 2584.3778   5381.486672  x:  0.08511   0.02109   0.09229   0.03271   0.00702   0.01225   0.00023   0.00086   0.06776   0.12210   0.08723   0.10836   0.14010   0.14993   0.02179   0.03531   0.03340   0.14014   0.09796   0.11583   0.13222   0.24544   0.31969   0.15404   0.19506  
  3 247324.8749   5337.449528  x:  0.08579   0.02595   0.09159   0.02937   0.00040   0.01246   0.00805   0.00150   0.08948   0.12608   0.08464   0.14176   0.14244   0.15238   0.02283   0.03421   0.03598   0.14084   0.09840   0.11651   0.13223   0.24757   0.35013   0.13127   0.18820  
  4 65206.2334   5216.603725  x:  0.08882   0.04157   0.08778   0.01578   0.05584   0.01411   0.03272   0.00362   0.16126   0.14135   0.07403   0.25648   0.15070   0.16135   0.02676   0.02987   0.04354   0.14346   0.10010   0.11954   0.13265   0.25623   0.46696   0.03584   0.16062  
  5 16540.1226   5189.972611  x:  0.09523   0.03267   0.08097   0.00980   0.05188   0.00416   0.03064   0.00341   0.14226   0.14720   0.06770   0.24826   0.14928   0.16238   0.02605   0.02924   0.03389   0.14516   0.10168   0.12595   0.13796   0.26624   0.50539   0.02040   0.14079  
  6 882.4621   5166.460058  x:  0.09993   0.02699   0.07622   0.00617   0.05107   0.00000   0.03004   0.00333   0.13062   0.15174   0.06307   0.24562   0.14852   0.16340   0.02576   0.02876   0.02749   0.14646   0.10290   0.13065   0.14181   0.27373   0.53585   0.02278   0.12572  
  7 5574.4458   5129.166184  x:  0.10840   0.01663   0.06771   0.00000   0.04908   0.00117   0.02874   0.00317   0.10906   0.15985   0.05476   0.24002   0.14709   0.16519   0.02519   0.02792   0.01588   0.14878   0.10507   0.13912   0.14875   0.28721   0.59016   0.02547   0.09865  
  8 47233.7667   5088.309806  x:  0.12004   0.00246   0.05605   0.00118   0.04635   0.00231   0.02699   0.00294   0.07943   0.17100   0.04336   0.23238   0.14513   0.16767   0.02443   0.02678   0.00000   0.15198   0.10807   0.15076   0.15829   0.30575   0.66494   0.02861   0.06137  
  9 73603.4287   5068.188762  x:  0.12504   0.00000   0.05235   0.00149   0.04506   0.00265   0.02615   0.00283   0.06506   0.17556   0.03924   0.22744   0.14434   0.16882   0.02432   0.02668   0.00584   0.15349   0.10958   0.15576   0.16240   0.31389   0.69708   0.02965   0.04525  
 10 6789.7334   5032.305584  x:  0.13615   0.04403   0.06239   0.00180   0.04110   0.00312   0.02358   0.00250   0.01971   0.18404   0.04655   0.20837   0.14555   0.17548   0.02907   0.03257   0.00000   0.15700   0.11331   0.16688   0.17154   0.33648   0.78830   0.03159   0.02051  
 11 1992.9562   5013.970788  x:  0.14139   0.05404   0.06263   0.00205   0.03904   0.00348   0.02225   0.00232   0.00000   0.18747   0.05168   0.19760   0.14691   0.17979   0.03034   0.03378   0.00016   0.15803   0.11427   0.17212   0.17586   0.34832   0.83743   0.03289   0.03582  
 12 1966.8889   4972.624982  x:  0.16190   0.08776   0.05888   0.00275   0.03147   0.00472   0.01747   0.00173   0.03578   0.19272   0.10886   0.06777   0.15100   0.19728   0.02976   0.03609   0.00093   0.15813   0.11342   0.19262   0.19377   0.40394   1.03602   0.03793   0.06732  
 13 1222.4631   4964.173890  x:  0.13700   0.08938   0.07290   0.00274   0.02912   0.00473   0.01609   0.00157   0.03769   0.15750   0.09494   0.04214   0.16426   0.20200   0.01960   0.02055   0.00096   0.14004   0.09899   0.16772   0.17422   0.40514   1.07866   0.03926   0.06788  
 14 231.8731   4960.932760  x:  0.12244   0.08680   0.07842   0.00271   0.02796   0.00469   0.01541   0.00150   0.03890   0.13931   0.08770   0.02999   0.17116   0.20440   0.02839   0.03042   0.00121   0.13117   0.09347   0.15316   0.16312   0.40495   1.09907   0.03981   0.06775  
 15 572.0512   4960.244643  x:  0.11277   0.08373   0.07835   0.00269   0.02766   0.00467   0.01523   0.00148   0.03710   0.13894   0.09495   0.02862   0.17444   0.20659   0.02271   0.03486   0.00131   0.13299   0.10312   0.14349   0.15769   0.40399   1.10403   0.03992   0.06621  
 16 73.3404   4960.088106  x:  0.10927   0.08238   0.07836   0.00268   0.02752   0.00466   0.01515   0.00147   0.03620   0.14040   0.09849   0.02827   0.17572   0.20778   0.02625   0.03169   0.00139   0.13378   0.10539   0.14000   0.15648   0.40347   1.10519   0.03993   0.06546  
 17 52.5597   4960.045236  x:  0.10756   0.08148   0.07890   0.00267   0.02748   0.00465   0.01513   0.00146   0.03563   0.14266   0.10048   0.02840   0.17661   0.20957   0.02586   0.03214   0.00151   0.13355   0.10199   0.13828   0.15804   0.40273   1.10550   0.03994   0.06497  
 18 11.9329   4959.950397  x:  0.10539   0.08160   0.07877   0.00268   0.02744   0.00466   0.01510   0.00146   0.03592   0.14134   0.09859   0.02765   0.17882   0.21520   0.02590   0.03210   0.00147   0.13582   0.10311   0.13611   0.16778   0.39858   1.10647   0.03996   0.06493  
 19  5.4527   4959.458544  x:  0.10458   0.08283   0.07154   0.00268   0.02714   0.00471   0.01493   0.00144   0.03445   0.14100   0.10184   0.02774   0.17632   0.21184   0.02587   0.03193   0.00159   0.12154   0.10632   0.13530   0.17683   0.38523   1.11307   0.04017   0.06398  
 20  4.7188   4955.747137  x:  0.10974   0.07022   0.08772   0.00256   0.02508   0.00479   0.01376   0.00131   0.03088   0.14665   0.10382   0.02301   0.16233   0.18236   0.02574   0.03273   0.00192   0.13516   0.10523   0.14046   0.18272   0.32224   1.16126   0.04124   0.06172  
 21 23.7139   4940.842963  x:  0.14088   0.05334   0.04230   0.00236   0.01995   0.00550   0.01082   0.00097   0.01219   0.13283   0.10903   0.02675   0.18596   0.22669   0.02598   0.03385   0.00310   0.15937   0.09217   0.17160   0.14654   0.28767   1.28542   0.04346   0.04320  
 22 46.7567   4926.901089  x:  0.15553   0.02288   0.07075   0.00201   0.01550   0.00588   0.00825   0.00067   0.00572   0.17124   0.07534   0.02550   0.20199   0.26050   0.02661   0.03717   0.00381   0.13186   0.11748   0.18624   0.13968   0.31664   1.40066   0.04513   0.03409  
 23 201.3081   4921.258398  x:  0.13476   0.02892   0.04974   0.00202   0.01391   0.00626   0.00735   0.00057   0.00534   0.18761   0.05096   0.02499   0.18600   0.23739   0.02614   0.03724   0.00336   0.14292   0.11409   0.16546   0.15439   0.35455   1.44384   0.04607   0.03439  
 24 135.2680   4919.052567  x:  0.12845   0.02151   0.05176   0.00195   0.01373   0.00631   0.00724   0.00056   0.00148   0.17157   0.06049   0.03292   0.17629   0.22019   0.02676   0.03708   0.00374   0.14722   0.11091   0.15915   0.17333   0.38244   1.46071   0.04599   0.03141  
 25 133.1631   4918.986745  x:  0.12886   0.02165   0.05126   0.00195   0.01372   0.00632   0.00724   0.00056   0.00150   0.17201   0.06041   0.03295   0.18433   0.21551   0.02673   0.03721   0.00374   0.14740   0.11087   0.15956   0.17457   0.38299   1.46103   0.04598   0.03142  
 26  3.3424   4910.043008  x:  0.11009   0.02847   0.06793   0.00252   0.01341   0.00687   0.00713   0.00053   0.01144   0.14383   0.04667   0.06824   0.15765   0.18433   0.02922   0.03580   0.00497   0.14316   0.10977   0.14078   0.18645   0.39946   1.54496   0.04700   0.04320  
 27  0.8702   4900.560720  x:  0.12662   0.03918   0.06175   0.00350   0.00838   0.00821   0.00435   0.00021   0.01203   0.15622   0.07568   0.05483   0.16260   0.20050   0.02798   0.03325   0.00726   0.14140   0.10627   0.15731   0.19317   0.49929   1.72064   0.04696   0.05125  
 28  0.2466   4890.155318  x:  0.12094   0.03537   0.05335   0.00553   0.00681   0.01067   0.00414   0.00017   0.00387   0.16510   0.05253   0.07454   0.19298   0.24006   0.02676   0.03066   0.01343   0.13383   0.09947   0.15161   0.16500   0.46681   2.08238   0.04704   0.05160  
 29  0.1502   4882.300011  x:  0.12588   0.02946   0.04451   0.00777   0.01643   0.01288   0.01062   0.00090   0.00420   0.16925   0.06708   0.08235   0.17263   0.22025   0.02669   0.03138   0.02019   0.14719   0.09838   0.15655   0.19115   0.50562   2.37844   0.04313   0.05527  
 30  0.1709   4878.681795  x:  0.13362   0.01405   0.06355   0.00894   0.01290   0.01415   0.00952   0.00084   0.00228   0.15214   0.05977   0.06263   0.16964   0.20433   0.02781   0.03181   0.02419   0.14300   0.10244   0.16429   0.20740   0.51800   2.60384   0.04214   0.05333  
 31  0.1315   4877.260394  x:  0.12548   0.01703   0.05524   0.00991   0.00863   0.01502   0.00791   0.00074   0.00142   0.16566   0.06254   0.04963   0.17200   0.21180   0.02832   0.03284   0.02625   0.13928   0.10522   0.15615   0.20737   0.50983   2.73585   0.04247   0.05169  
 32  0.0797   4876.814415  x:  0.12973   0.02058   0.05350   0.01047   0.00750   0.01527   0.00775   0.00079   0.00283   0.16192   0.06216   0.05459   0.17983   0.22489   0.02868   0.03336   0.02708   0.14205   0.10130   0.16040   0.20311   0.49803   2.77220   0.04317   0.05034  
 33  0.0209   4876.323725  x:  0.13208   0.01842   0.05572   0.01148   0.00665   0.01546   0.00818   0.00098   0.00458   0.15891   0.06034   0.05608   0.17310   0.21072   0.02863   0.03341   0.02858   0.14411   0.10214   0.16275   0.20175   0.49359   2.81906   0.04418   0.04723  
 34  0.0141   4875.632644  x:  0.13067   0.01867   0.05550   0.01277   0.00876   0.01471   0.01028   0.00146   0.00397   0.16535   0.06044   0.05471   0.17821   0.22167   0.02760   0.03247   0.02906   0.13554   0.10600   0.16134   0.20129   0.49463   2.74077   0.04486   0.04435  
 35  0.0179   4874.697152  x:  0.12449   0.01742   0.05390   0.01511   0.00557   0.01394   0.01037   0.00193   0.00137   0.16435   0.06130   0.04557   0.18125   0.22436   0.02804   0.03298   0.03049   0.14347   0.09934   0.15513   0.20093   0.49576   2.70009   0.04512   0.04399  
 36  0.0150   4874.065801  x:  0.12566   0.01572   0.05502   0.01673   0.00628   0.01277   0.01168   0.00244   0.00000   0.16140   0.06142   0.05484   0.17562   0.21526   0.02880   0.03360   0.03045   0.14544   0.10070   0.15629   0.20194   0.49678   2.59496   0.04451   0.04808  
 37  0.0581   4873.860433  x:  0.12899   0.01418   0.05576   0.01826   0.00508   0.01256   0.01178   0.00271   0.00069   0.16256   0.06068   0.05560   0.17575   0.21446   0.02873   0.03355   0.03158   0.14040   0.10321   0.15962   0.20310   0.49392   2.61547   0.04413   0.04964  
 38  0.0136   4873.662332  x:  0.12984   0.01364   0.05457   0.01967   0.00649   0.01241   0.01246   0.00300   0.00098   0.16455   0.05990   0.05490   0.17565   0.21476   0.02755   0.03223   0.03217   0.13931   0.10122   0.16048   0.20156   0.49318   2.64332   0.04341   0.05113  
 39  0.0108   4873.292159  x:  0.12782   0.01538   0.05256   0.02159   0.00591   0.01212   0.01155   0.00324   0.00000   0.16167   0.05902   0.05294   0.17565   0.21637   0.02766   0.03237   0.03176   0.14494   0.10064   0.15848   0.19971   0.48683   2.68153   0.04359   0.05083  
 40  0.0120   4873.292159  x:  0.12782   0.01538   0.05256   0.02159   0.00591   0.01212   0.01155   0.00324   0.00000   0.16167   0.05902   0.05294   0.17565   0.21637   0.02766   0.03237   0.03176   0.14494   0.10064   0.15848   0.19971   0.48683   2.68153   0.04359   0.05083  
 41  0.0239   4872.487139  x:  0.12787   0.01523   0.05278   0.02317   0.00766   0.01201   0.00722   0.00593   0.00025   0.16174   0.05918   0.05311   0.17568   0.21635   0.02783   0.03252   0.03074   0.14479   0.10068   0.15852   0.19977   0.48689   2.68152   0.04423   0.05044  
 42 288.1454   4872.279332  x:  0.12790   0.01515   0.05297   0.02418   0.00775   0.01183   0.00539   0.00473   0.00023   0.16180   0.05926   0.05325   0.17571   0.21634   0.02794   0.03264   0.02990   0.14466   0.10073   0.15855   0.19981   0.48694   2.68152   0.04439   0.05014  
 43 198.7890   4872.147143  x:  0.12795   0.01507   0.05335   0.02579   0.00781   0.01162   0.00570   0.00466   0.00000   0.16191   0.05938   0.05354   0.17578   0.21631   0.02814   0.03283   0.02831   0.14441   0.10082   0.15860   0.19989   0.48702   2.68150   0.04447   0.04962  
 44 84.9248   4872.101886  x:  0.12801   0.01574   0.05393   0.02573   0.00700   0.01214   0.00551   0.00492   0.00000   0.16213   0.05927   0.05398   0.17595   0.21630   0.02816   0.03291   0.02641   0.14401   0.10103   0.15867   0.19999   0.48717   2.68148   0.04381   0.04938  
 45 48.2185   4872.043344  x:  0.12816   0.01755   0.05494   0.02475   0.00759   0.01273   0.00559   0.00473   0.00000   0.16259   0.05894   0.05479   0.17631   0.21630   0.02806   0.03295   0.02330   0.14327   0.10148   0.15882   0.20022   0.48753   2.68141   0.04414   0.04929  
 46 69.8431   4872.023010  x:  0.12823   0.01874   0.05521   0.02447   0.00740   0.01192   0.00556   0.00481   0.00000   0.16282   0.05885   0.05508   0.17649   0.21629   0.02800   0.03292   0.02233   0.14293   0.10173   0.15888   0.20032   0.48776   2.68138   0.04434   0.04944  
 47 46.1150   4872.015221  x:  0.12825   0.01966   0.05511   0.02467   0.00760   0.01182   0.00559   0.00476   0.00000   0.16298   0.05891   0.05512   0.17662   0.21626   0.02798   0.03287   0.02215   0.14271   0.10191   0.15891   0.20036   0.48796   2.68135   0.04396   0.04963  
 48 21.9424   4872.009391  x:  0.12828   0.02051   0.05477   0.02495   0.00744   0.01209   0.00561   0.00477   0.00000   0.16314   0.05902   0.05509   0.17674   0.21621   0.02800   0.03281   0.02209   0.14247   0.10211   0.15893   0.20040   0.48826   2.68130   0.04417   0.04980  
 49 21.1345   4872.003654  x:  0.12830   0.02081   0.05353   0.02480   0.00742   0.01206   0.00564   0.00475   0.00000   0.16340   0.05914   0.05477   0.17692   0.21603   0.02815   0.03275   0.02166   0.14202   0.10235   0.15895   0.20042   0.48902   2.68119   0.04412   0.04963  
 50  8.2931   4871.993334  x:  0.12843   0.02055   0.05382   0.02464   0.00730   0.01208   0.00584   0.00464   0.00000   0.16384   0.05879   0.05470   0.17772   0.21558   0.02749   0.03296   0.02214   0.14130   0.10255   0.15908   0.20049   0.49290   2.68061   0.04398   0.04931  
 51  3.6024   4871.989180  x:  0.12846   0.02036   0.05402   0.02453   0.00726   0.01208   0.00593   0.00460   0.00000   0.16387   0.05887   0.05466   0.17796   0.21551   0.02799   0.03307   0.02219   0.14126   0.10252   0.15911   0.20052   0.49461   2.68033   0.04392   0.04979  
 52 13.4552   4871.987166  x:  0.12842   0.02042   0.05409   0.02447   0.00723   0.01208   0.00597   0.00458   0.00000   0.16365   0.05912   0.05468   0.17777   0.21558   0.02809   0.03255   0.02212   0.14167   0.10236   0.15907   0.20055   0.49559   2.68015   0.04388   0.04975  
 53  5.6557   4871.986007  x:  0.12835   0.02062   0.05399   0.02443   0.00721   0.01209   0.00600   0.00456   0.00000   0.16336   0.05909   0.05477   0.17739   0.21574   0.02811   0.03278   0.02206   0.14217   0.10222   0.15900   0.20057   0.49625   2.67998   0.04386   0.04961  
 54  4.0873   4871.985776  x:  0.12832   0.02061   0.05393   0.02445   0.00721   0.01209   0.00600   0.00456   0.00000   0.16330   0.05903   0.05478   0.17727   0.21580   0.02799   0.03280   0.02199   0.14225   0.10221   0.15897   0.20058   0.49641   2.67992   0.04386   0.04974  
 55  2.4768   4871.985467  x:  0.12820   0.02058   0.05395   0.02447   0.00722   0.01209   0.00599   0.00456   0.00000   0.16336   0.05892   0.05488   0.17688   0.21598   0.02806   0.03273   0.02203   0.14207   0.10236   0.15885   0.20067   0.49680   2.67965   0.04385   0.04973  
 56  0.7976   4871.985262  x:  0.12813   0.02056   0.05399   0.02446   0.00723   0.01208   0.00599   0.00457   0.00000   0.16342   0.05912   0.05487   0.17673   0.21604   0.02801   0.03280   0.02203   0.14197   0.10236   0.15878   0.20075   0.49709   2.67938   0.04385   0.04974  
 57  1.2983   4871.984421  x:  0.12799   0.02061   0.05404   0.02454   0.00725   0.01208   0.00594   0.00459   0.00000   0.16347   0.05900   0.05462   0.17692   0.21594   0.02803   0.03278   0.02197   0.14197   0.10204   0.15864   0.20116   0.49830   2.67799   0.04383   0.04970  
 58  1.2245   4871.983813  x:  0.12795   0.02055   0.05396   0.02458   0.00727   0.01207   0.00591   0.00460   0.00000   0.16340   0.05904   0.05491   0.17725   0.21585   0.02803   0.03279   0.02197   0.14215   0.10228   0.15860   0.20133   0.49901   2.67690   0.04381   0.04969  
 59  2.4987   4871.982204  x:  0.12841   0.02055   0.05414   0.02462   0.00728   0.01206   0.00590   0.00460   0.00000   0.16305   0.05906   0.05446   0.17707   0.21557   0.02802   0.03282   0.02187   0.14220   0.10284   0.15906   0.20074   0.49916   2.67357   0.04380   0.04967  
 60  0.9895   4871.976844  x:  0.12945   0.02056   0.05401   0.02478   0.00730   0.01203   0.00590   0.00457   0.00000   0.16294   0.05907   0.05514   0.17667   0.21526   0.02806   0.03280   0.02179   0.14175   0.10214   0.16010   0.19863   0.49881   2.66241   0.04379   0.04966  
 61  7.8887   4871.971064  x:  0.12870   0.02052   0.05416   0.02493   0.00727   0.01202   0.00595   0.00452   0.00000   0.16432   0.05902   0.05486   0.17688   0.21566   0.02805   0.03283   0.02161   0.14252   0.10229   0.15936   0.19793   0.49733   2.65060   0.04384   0.04953  
 62  7.4533   4871.965725  x:  0.12768   0.02051   0.05424   0.02501   0.00723   0.01200   0.00601   0.00446   0.00000   0.16311   0.05905   0.05474   0.17730   0.21599   0.02805   0.03285   0.02155   0.14189   0.10230   0.15833   0.19917   0.49544   2.64013   0.04388   0.04941  
 63  9.2705   4871.964411  x:  0.12802   0.02043   0.05420   0.02503   0.00722   0.01200   0.00603   0.00445   0.00000   0.16336   0.05904   0.05491   0.17692   0.21557   0.02806   0.03285   0.02160   0.14203   0.10229   0.15867   0.20043   0.49493   2.63816   0.04384   0.04945  
 64  2.1873   4871.956846  x:  0.12706   0.02044   0.05436   0.02530   0.00722   0.01195   0.00606   0.00439   0.00000   0.16330   0.05903   0.05539   0.17616   0.21280   0.02811   0.03287   0.02133   0.14199   0.10226   0.15771   0.20014   0.49512   2.64315   0.04389   0.04962  
 65  0.2180   4871.921418  x:  0.12829   0.02018   0.05457   0.02655   0.00720   0.01174   0.00618   0.00410   0.00000   0.16340   0.05899   0.05522   0.17710   0.21580   0.02828   0.03305   0.02039   0.14174   0.10241   0.15894   0.20084   0.49674   2.66899   0.04394   0.04899  
 66  5.0994   4871.920235  x:  0.12829   0.02005   0.05454   0.02674   0.00723   0.01173   0.00625   0.00421   0.00000   0.16337   0.05897   0.05519   0.17707   0.21581   0.02830   0.03305   0.02054   0.14176   0.10239   0.15893   0.20084   0.49672   2.66922   0.04396   0.04898  
 67  0.0005   4871.920207  x:  0.12827   0.02003   0.05452   0.02677   0.00724   0.01173   0.00626   0.00419   0.00000   0.16337   0.05897   0.05518   0.17707   0.21578   0.02829   0.03305   0.02059   0.14176   0.10239   0.15892   0.20083   0.49674   2.66897   0.04397   0.04898  
 68  0.0003   4871.920207  x:  0.12828   0.02004   0.05452   0.02677   0.00724   0.01173   0.00626   0.00419   0.00000   0.16337   0.05897   0.05519   0.17707   0.21578   0.02829   0.03305   0.02058   0.14176   0.10239   0.15892   0.20083   0.49674   2.66893   0.04397   0.04898  
 69  0.0000   4871.920207  x:  0.12828   0.02004   0.05452   0.02677   0.00724   0.01173   0.00626   0.00419   0.00000   0.16337   0.05897   0.05519   0.17707   0.21578   0.02829   0.03305   0.02058   0.14176   0.10239   0.15892   0.20083   0.49674   2.66893   0.04397   0.04898  
 70  0.0000   4871.920207  x:  0.12827   0.02004   0.05452   0.02677   0.00724   0.01173   0.00626   0.00419   0.00000   0.16337   0.05897   0.05519   0.17707   0.21578   0.02829   0.03305   0.02058   0.14176   0.10239   0.15892   0.20083   0.49674   2.66893   0.04397   0.04898  
 71  0.0000   4871.920207  x:  0.12827   0.02004   0.05452   0.02677   0.00724   0.01173   0.00626   0.00419   0.00000   0.16337   0.05897   0.05519   0.17707   0.21578   0.02829   0.03305   0.02058   0.14176   0.10239   0.15892   0.20083   0.49674   2.66893   0.04397   0.04898  