

TREE # 1

  0  0.0000   4001.511014  x:  0.06693   0.03102   0.06038   0.03012   0.05530   0.01043   0.05982   0.04501   0.03741   0.04901   0.01914   0.02626   0.07009   0.07390   0.05696   0.02547   0.00000   0.09773   0.03816   0.05593   0.11489   0.11642   0.23806   0.18808   0.18485  
  1 99.0000   3891.228638  x:  0.06297   0.02507   0.04353   0.01664   0.02092   0.01025   0.02348   0.00675   0.00000   0.07121   0.02330   0.02330   0.07821   0.06123   0.03857   0.01650   0.11103   0.14391   0.06988   0.05198   0.12959   0.13516   0.30688   0.13380   0.18010  
  2 1632.9289   3880.794852  x:  0.06233   0.02408   0.04087   0.01462   0.01536   0.01030   0.01759   0.00061   0.00308   0.07469   0.02394   0.02280   0.07950   0.05920   0.03564   0.01515   0.12807   0.15126   0.07479   0.05133   0.13195   0.13817   0.31799   0.12495   0.17933  
  3 14808.5506   3864.995260  x:  0.06075   0.02087   0.03710   0.01563   0.00289   0.01357   0.00388   0.02477   0.00596   0.07935   0.02351   0.02106   0.08207   0.05524   0.03067   0.01583   0.14230   0.16517   0.07959   0.04976   0.13734   0.14506   0.34421   0.10097   0.17706  
  4 1910.6999   3838.573853  x:  0.05842   0.01486   0.03551   0.02436   0.02228   0.01851   0.00617   0.02777   0.00624   0.08208   0.02065   0.01802   0.08616   0.05008   0.02668   0.02228   0.13417   0.18625   0.07820   0.04743   0.14735   0.15788   0.39419   0.05329   0.17186  
  5 1159.9340   3808.788002  x:  0.05793   0.01308   0.03815   0.02564   0.00163   0.01258   0.00240   0.01427   0.00410   0.08120   0.01948   0.01945   0.09163   0.04787   0.02886   0.02486   0.09935   0.21262   0.06932   0.04693   0.16207   0.17663   0.46446   0.04190   0.16310  
  6 847.2460   3771.314533  x:  0.05707   0.01419   0.03665   0.01880   0.00000   0.01134   0.01172   0.01133   0.00324   0.08432   0.02138   0.02295   0.10203   0.04369   0.02794   0.02113   0.05944   0.26671   0.06136   0.04608   0.19003   0.21219   0.60003   0.06654   0.14624  
  7 2282.0779   3752.024306  x:  0.05635   0.01563   0.03558   0.01035   0.00185   0.00751   0.01476   0.00788   0.00225   0.08747   0.02355   0.02730   0.11339   0.03942   0.02770   0.01665   0.01534   0.32541   0.05237   0.04536   0.22052   0.25097   0.74719   0.09390   0.12790  
  8 174747.4757   3746.955539  x:  0.05528   0.02142   0.03257   0.02057   0.00179   0.02141   0.00869   0.00434   0.00175   0.08688   0.02261   0.02896   0.11251   0.04317   0.02830   0.01557   0.00711   0.33225   0.05371   0.04429   0.22317   0.25466   0.77603   0.10116   0.12354  
  9 905.2760   3741.044066  x:  0.04986   0.03274   0.01798   0.02100   0.00185   0.01533   0.00889   0.00409   0.00165   0.07987   0.01796   0.03058   0.09774   0.06052   0.03139   0.01846   0.00158   0.31998   0.06573   0.03887   0.21196   0.24225   0.81791   0.10378   0.11416  
 10 283.6122   3733.499160  x:  0.04639   0.03354   0.03690   0.02202   0.00190   0.01333   0.00921   0.00449   0.00167   0.06493   0.02800   0.03087   0.07080   0.07702   0.03436   0.01183   0.00381   0.28356   0.07006   0.03540   0.18635   0.21299   0.89173   0.10743   0.09595  
 11 461.4637   3728.736116  x:  0.04990   0.02296   0.03706   0.01500   0.00186   0.01946   0.00516   0.00247   0.00141   0.06476   0.02328   0.02428   0.06365   0.07367   0.03226   0.02007   0.00344   0.25125   0.06757   0.03891   0.16749   0.19025   0.93896   0.11332   0.08432  
 12 483.8967   3725.648089  x:  0.05506   0.02103   0.03432   0.02385   0.00190   0.01339   0.00445   0.00217   0.00136   0.06972   0.01811   0.02256   0.06877   0.06562   0.03044   0.01631   0.00491   0.22360   0.06403   0.04406   0.15418   0.17323   0.97324   0.11762   0.07658  
 13 505.7241   3724.472347  x:  0.05758   0.02762   0.03207   0.02057   0.00188   0.01499   0.00458   0.00217   0.00133   0.07320   0.02280   0.02667   0.07587   0.06101   0.03293   0.01440   0.00427   0.20915   0.06277   0.04659   0.14949   0.16615   0.98742   0.11641   0.07452  
 14 257.0025   3724.388605  x:  0.05738   0.02795   0.03310   0.02071   0.00189   0.01491   0.00473   0.00230   0.00136   0.07281   0.02184   0.02818   0.07725   0.06119   0.03390   0.01598   0.00503   0.20703   0.06306   0.04639   0.15041   0.16633   0.98877   0.11662   0.07537  
 15 47.7927   3724.308190  x:  0.05629   0.02702   0.03352   0.02006   0.00188   0.01540   0.00468   0.00223   0.00135   0.07205   0.02072   0.02878   0.07874   0.06162   0.03343   0.01482   0.00484   0.20333   0.06460   0.04530   0.15278   0.16715   0.99021   0.11660   0.07788  
 16 39.5527   3724.258661  x:  0.05561   0.02667   0.03334   0.02059   0.00189   0.01509   0.00454   0.00216   0.00133   0.07193   0.02215   0.02766   0.07910   0.06168   0.03299   0.01553   0.00481   0.20043   0.06556   0.04461   0.15494   0.16811   0.99131   0.11692   0.08043  
 17 40.0170   3724.241591  x:  0.05582   0.02757   0.03354   0.02042   0.00189   0.01511   0.00456   0.00219   0.00134   0.07214   0.02170   0.02667   0.07829   0.06148   0.03324   0.01541   0.00500   0.19940   0.06524   0.04483   0.15577   0.16871   0.99181   0.11687   0.08200  
 18 16.4746   3724.228775  x:  0.05623   0.02729   0.03323   0.02050   0.00189   0.01510   0.00460   0.00219   0.00134   0.07289   0.02175   0.02773   0.07704   0.06142   0.03312   0.01534   0.00497   0.19907   0.06482   0.04524   0.15569   0.16896   0.99229   0.11684   0.08413  
 19  7.5762   3724.195524  x:  0.05608   0.02705   0.03292   0.02059   0.00189   0.01513   0.00463   0.00220   0.00134   0.07150   0.02182   0.02744   0.07778   0.06104   0.03381   0.01524   0.00500   0.20029   0.06425   0.04509   0.15306   0.16798   0.99352   0.11694   0.08961  
 20  5.6390   3724.172452  x:  0.05627   0.02772   0.03378   0.02046   0.00189   0.01503   0.00463   0.00217   0.00133   0.07184   0.02162   0.02724   0.07835   0.06141   0.03229   0.01568   0.00462   0.20080   0.06473   0.04528   0.15222   0.16729   0.99401   0.11695   0.09130  
 21  8.1828   3723.992595  x:  0.05768   0.02612   0.03507   0.02049   0.00189   0.01521   0.00528   0.00238   0.00135   0.07525   0.02171   0.02524   0.07986   0.06428   0.03462   0.01539   0.00367   0.20139   0.06676   0.04669   0.15317   0.16457   0.99629   0.11655   0.09266  
 22  4.7851   3722.766224  x:  0.05632   0.02488   0.03139   0.02076   0.00191   0.01594   0.00821   0.00312   0.00144   0.07022   0.02267   0.02430   0.08125   0.06488   0.02831   0.01627   0.00415   0.19824   0.05548   0.04533   0.16375   0.15599   1.01027   0.11450   0.08973  
 23 18.1082   3722.173432  x:  0.05411   0.02521   0.03228   0.02148   0.00193   0.01588   0.00944   0.00332   0.00146   0.06841   0.02226   0.02493   0.07828   0.05474   0.02791   0.01727   0.00199   0.19569   0.06027   0.04312   0.16259   0.15892   1.01604   0.11411   0.08691  
 24 49.0798   3721.915999  x:  0.05368   0.02443   0.03208   0.02139   0.00193   0.01615   0.01010   0.00351   0.00148   0.06889   0.02249   0.02382   0.07974   0.05658   0.02684   0.01738   0.00214   0.19142   0.05936   0.04269   0.15473   0.17084   1.01875   0.11362   0.08434  
 25 32.8145   3721.888790  x:  0.05201   0.02457   0.03237   0.02135   0.00193   0.01613   0.01007   0.00347   0.00147   0.07056   0.02230   0.02372   0.07973   0.05643   0.02708   0.01741   0.00215   0.19161   0.05856   0.04102   0.15449   0.17066   1.01915   0.11367   0.08442  
 26  0.7644   3715.674669  x:  0.05267   0.02136   0.02784   0.02031   0.00202   0.01784   0.01464   0.00284   0.00143   0.08160   0.02121   0.02367   0.08886   0.03838   0.02505   0.01863   0.00902   0.22675   0.06958   0.04170   0.16846   0.18665   1.11857   0.09713   0.09523  
 27  2.6447   3712.438260  x:  0.05810   0.02141   0.03046   0.02043   0.00201   0.01545   0.01365   0.00194   0.00131   0.08042   0.01930   0.02799   0.09788   0.04415   0.03292   0.01826   0.00522   0.24082   0.05141   0.04714   0.18537   0.20419   1.18740   0.08852   0.10047  
 28  0.3439   3707.906766  x:  0.05488   0.02087   0.03243   0.01941   0.00214   0.01354   0.00910   0.00842   0.00214   0.08094   0.01998   0.02656   0.09367   0.06296   0.02951   0.01695   0.00552   0.23506   0.06245   0.04394   0.17872   0.19204   1.38630   0.08063   0.10439  
 29  0.1658   3705.923972  x:  0.05378   0.02233   0.03287   0.02213   0.00229   0.01398   0.00594   0.00786   0.00211   0.07326   0.01937   0.02491   0.08341   0.05355   0.03108   0.01867   0.00451   0.21709   0.05683   0.04285   0.16896   0.18224   1.51766   0.08820   0.09685  
 30  0.0929   3705.073274  x:  0.05312   0.02188   0.03085   0.02224   0.00245   0.01575   0.00775   0.00416   0.00171   0.07437   0.02069   0.02522   0.08293   0.05079   0.02806   0.01876   0.00498   0.22340   0.06035   0.04221   0.16983   0.18791   1.61305   0.08744   0.09460  
 31  0.0589   3704.894731  x:  0.05364   0.02164   0.03084   0.02178   0.00252   0.01515   0.00614   0.00393   0.00174   0.07587   0.02037   0.02587   0.08577   0.05185   0.02820   0.01800   0.00430   0.22771   0.05953   0.04273   0.17292   0.19038   1.64826   0.08879   0.09803  
 32  0.0365   3704.834542  x:  0.05324   0.02191   0.03145   0.02130   0.00262   0.01437   0.00642   0.00409   0.00189   0.07563   0.01970   0.02550   0.08597   0.05293   0.02966   0.01755   0.00501   0.22624   0.06001   0.04232   0.17231   0.19027   1.66889   0.08982   0.09902  
 33  0.0109   3704.775330  x:  0.05378   0.02128   0.03141   0.02056   0.00280   0.01468   0.00684   0.00417   0.00213   0.07559   0.02032   0.02584   0.08565   0.05244   0.02873   0.01776   0.00493   0.22629   0.05793   0.04286   0.17256   0.19010   1.69445   0.09079   0.09918  
 34  0.0092   3704.664799  x:  0.05366   0.02315   0.03153   0.02127   0.00324   0.01442   0.00691   0.00395   0.00270   0.07604   0.02039   0.02572   0.08494   0.05209   0.02814   0.01786   0.00454   0.22949   0.06088   0.04272   0.17401   0.18902   1.69074   0.09106   0.09766  
 35  0.0012   3704.559053  x:  0.05351   0.02101   0.03089   0.02126   0.00365   0.01477   0.00662   0.00417   0.00329   0.07607   0.01979   0.02575   0.08566   0.05205   0.02961   0.01779   0.00434   0.22812   0.06057   0.04254   0.17287   0.18883   1.66332   0.08999   0.09736  
 36  0.0133   3704.511944  x:  0.05344   0.02190   0.03111   0.02087   0.00396   0.01449   0.00662   0.00366   0.00357   0.07560   0.01989   0.02571   0.08587   0.05228   0.02888   0.01778   0.00459   0.22610   0.05899   0.04244   0.17205   0.18985   1.65572   0.08935   0.09815  
 37  0.0052   3704.495881  x:  0.05367   0.02166   0.03155   0.02096   0.00416   0.01436   0.00634   0.00396   0.00369   0.07575   0.02027   0.02573   0.08551   0.05274   0.02862   0.01779   0.00488   0.22609   0.05935   0.04266   0.17256   0.19001   1.64828   0.08936   0.09830  
 38  0.0031   3704.439523  x:  0.05400   0.02079   0.03189   0.02110   0.00476   0.01450   0.00664   0.00341   0.00349   0.07581   0.02019   0.02562   0.08481   0.05194   0.02925   0.01783   0.00523   0.22714   0.06034   0.04298   0.17377   0.19112   1.65513   0.08960   0.09728  
 39  0.0014   3704.313634  x:  0.05379   0.02211   0.03158   0.02059   0.00565   0.01433   0.00667   0.00414   0.00256   0.07554   0.01960   0.02567   0.08530   0.05144   0.02921   0.01779   0.00486   0.22775   0.05894   0.04276   0.17362   0.19134   1.65473   0.08917   0.09734  
 40  0.0010   3704.296259  x:  0.05350   0.02173   0.03127   0.02069   0.00585   0.01426   0.00652   0.00400   0.00241   0.07574   0.02000   0.02576   0.08552   0.05248   0.02881   0.01778   0.00474   0.22662   0.05931   0.04246   0.17245   0.18996   1.65187   0.08943   0.09793  
 41  0.0038   3704.295420  x:  0.05357   0.02170   0.03134   0.02074   0.00591   0.01424   0.00649   0.00396   0.00248   0.07577   0.02001   0.02577   0.08565   0.05239   0.02888   0.01779   0.00471   0.22638   0.05934   0.04253   0.17242   0.18986   1.65024   0.08935   0.09810  
 42  0.0016   3704.295340  x:  0.05359   0.02171   0.03135   0.02075   0.00594   0.01425   0.00651   0.00396   0.00246   0.07577   0.02000   0.02577   0.08566   0.05236   0.02890   0.01779   0.00470   0.22640   0.05936   0.04255   0.17246   0.18983   1.65073   0.08935   0.09813  
 43  0.0004   3704.295335  x:  0.05358   0.02171   0.03135   0.02075   0.00595   0.01425   0.00651   0.00396   0.00247   0.07577   0.02000   0.02577   0.08565   0.05237   0.02889   0.01779   0.00470   0.22641   0.05936   0.04254   0.17247   0.18983   1.65093   0.08936   0.09813  
 44  0.0002   3704.295335  x:  0.05358   0.02171   0.03134   0.02075   0.00595   0.01425   0.00651   0.00396   0.00247   0.07577   0.02000   0.02577   0.08565   0.05237   0.02889   0.01779   0.00470   0.22641   0.05936   0.04254   0.17247   0.18983   1.65093   0.08936   0.09813  
 45  0.0000   3704.295335  x:  0.05358   0.02171   0.03134   0.02075   0.00595   0.01425   0.00651   0.00396   0.00247   0.07577   0.02000   0.02577   0.08565   0.05237   0.02889   0.01779   0.00470   0.22641   0.05936   0.04254   0.17246   0.18983   1.65094   0.08936   0.09813  
 46  0.0000   3704.295335  x:  0.05358   0.02171   0.03134   0.02075   0.00595   0.01425   0.00651   0.00396   0.00247   0.07577   0.02000   0.02577   0.08565   0.05237   0.02889   0.01779   0.00470   0.22641   0.05936   0.04254   0.17246   0.18983   1.65094   0.08936   0.09813  
 47  0.0000   3704.295335  x:  0.05358   0.02171   0.03134   0.02075   0.00595   0.01425   0.00651   0.00396   0.00247   0.07577   0.02000   0.02577   0.08565   0.05237   0.02889   0.01779   0.00470   0.22641   0.05936   0.04254   0.17246   0.18983   1.65094   0.08936   0.09813  
 48  0.0000   3704.295335  x:  0.05358   0.02171   0.03134   0.02075   0.00595   0.01425   0.00651   0.00396   0.00247   0.07577   0.02000   0.02577   0.08565   0.05237   0.02889   0.01779   0.00470   0.22641   0.05936   0.04254   0.17246   0.18983   1.65094   0.08936   0.09813  