

TREE # 1

  0  0.0000   4030.589801  x:  0.02895   0.02558   0.07421   0.06730   0.02429   0.01523   0.02837   0.01761   0.03739   0.04224   0.06901   0.05170   0.07520   0.06805   0.04180   0.03017   0.00000   0.11618   0.06572   0.02762   0.11816   0.09886   0.17571   0.17485   0.16718   0.19577  
  1 99.0000   3942.158462  x:  0.04254   0.02584   0.06275   0.05457   0.01065   0.01067   0.01267   0.00000   0.01858   0.05504   0.05717   0.04219   0.07767   0.06206   0.03591   0.02473   0.04383   0.13296   0.06883   0.04121   0.12592   0.11489   0.22570   0.14486   0.16978   0.19274  
  2 1655.5068   3902.553753  x:  0.05219   0.02601   0.05456   0.04547   0.00095   0.00751   0.00153   0.00178   0.00512   0.06414   0.04871   0.03539   0.07943   0.05779   0.03172   0.02086   0.07472   0.14493   0.07103   0.05086   0.13146   0.12632   0.26139   0.12339   0.17164   0.19057  
  3 32854.3797   3885.591999  x:  0.05525   0.02577   0.05139   0.04177   0.00709   0.00830   0.00474   0.00222   0.00000   0.06724   0.04522   0.03264   0.08013   0.05618   0.03035   0.01960   0.08321   0.14950   0.07153   0.05392   0.13363   0.13063   0.27523   0.11408   0.17242   0.18966  
  4 4962.2114   3838.815894  x:  0.07436   0.02396   0.03107   0.01794   0.04257   0.01410   0.02401   0.00495   0.01357   0.08679   0.02267   0.01498   0.08464   0.04598   0.02184   0.01181   0.13507   0.17882   0.07444   0.07304   0.14766   0.15815   0.36414   0.05342   0.17743   0.18374  
  5 13585.8325   3820.441748  x:  0.07165   0.01670   0.03442   0.01839   0.04100   0.01636   0.02000   0.00456   0.01272   0.08670   0.01753   0.02111   0.08735   0.04946   0.03326   0.02802   0.11641   0.18845   0.06760   0.07032   0.15387   0.16678   0.39944   0.02891   0.18051   0.17976  
  6 774.9436   3779.348868  x:  0.06627   0.00000   0.03776   0.01555   0.03966   0.01912   0.01104   0.00358   0.01159   0.08910   0.00940   0.02992   0.09670   0.05617   0.04878   0.04273   0.05549   0.22271   0.04536   0.06494   0.17685   0.19905   0.52527   0.05279   0.19146   0.16541  
  7 1178.6799   3757.345157  x:  0.06159   0.02033   0.04013   0.01546   0.03705   0.01970   0.00546   0.00277   0.01048   0.08982   0.01103   0.03624   0.10318   0.06082   0.05794   0.05033   0.00574   0.24750   0.02988   0.06026   0.19363   0.22238   0.62031   0.06544   0.19985   0.15422  
  8 5352.6423   3753.868966  x:  0.06031   0.01999   0.03938   0.01671   0.03448   0.01870   0.00759   0.00265   0.01019   0.08915   0.01412   0.03623   0.10331   0.06072   0.05689   0.04847   0.00000   0.24911   0.03191   0.05898   0.19481   0.22388   0.62989   0.06495   0.20077   0.15282  
  9 1027.1654   3749.049421  x:  0.04381   0.02132   0.04379   0.02845   0.03222   0.01878   0.01279   0.00275   0.01044   0.07671   0.02022   0.04466   0.10284   0.06502   0.05841   0.04735   0.00404   0.24935   0.04224   0.04248   0.19752   0.22356   0.65960   0.06824   0.20537   0.14592  
 10 419.8098   3746.079236  x:  0.03161   0.02210   0.04484   0.02705   0.03393   0.01821   0.00804   0.00262   0.01016   0.06611   0.01381   0.04625   0.10027   0.06556   0.05418   0.03984   0.00123   0.24393   0.04755   0.03028   0.19713   0.21887   0.67549   0.06708   0.20906   0.13959  
 11 380.9182   3744.859172  x:  0.02901   0.02105   0.04960   0.02014   0.03420   0.01760   0.00769   0.00263   0.01016   0.06090   0.01940   0.04732   0.09681   0.06617   0.05300   0.03766   0.00248   0.23318   0.04252   0.02768   0.19621   0.21149   0.68579   0.06644   0.21380   0.13100  
 12 155.9164   3742.906114  x:  0.03262   0.02167   0.05932   0.02079   0.03027   0.01855   0.01329   0.00264   0.01006   0.05688   0.01427   0.04890   0.08965   0.06742   0.05173   0.03649   0.00275   0.20697   0.03971   0.03129   0.19390   0.19421   0.70513   0.06750   0.22512   0.10976  
 13 237.2223   3741.471030  x:  0.03556   0.02128   0.06383   0.02416   0.03458   0.02037   0.00792   0.00266   0.01033   0.06058   0.01661   0.04853   0.08591   0.06771   0.05178   0.03785   0.00190   0.18750   0.04481   0.03423   0.19139   0.18078   0.71882   0.06853   0.23496   0.09063  
 14 319.6012   3740.659103  x:  0.03300   0.02223   0.06233   0.02091   0.03432   0.01499   0.00961   0.00270   0.01043   0.06714   0.01564   0.04598   0.08814   0.06688   0.05379   0.04346   0.00195   0.17967   0.04815   0.03167   0.18771   0.17296   0.72413   0.07048   0.24412   0.07124  
 15 129.7067   3739.628183  x:  0.03165   0.02249   0.05816   0.02232   0.03265   0.02010   0.01006   0.00264   0.01018   0.06584   0.01625   0.04037   0.09362   0.06408   0.05265   0.04721   0.00225   0.17795   0.04650   0.03032   0.18153   0.16741   0.72643   0.07125   0.25913   0.03754  
 16 129.6109   3739.376665  x:  0.03306   0.02243   0.05925   0.02235   0.03367   0.01716   0.00957   0.00267   0.01031   0.06300   0.01628   0.04070   0.09399   0.06454   0.05232   0.04754   0.00213   0.17909   0.04768   0.03173   0.18035   0.16772   0.72615   0.07128   0.26431   0.02766  
 17 100.3977   3739.251046  x:  0.03254   0.02243   0.06248   0.02115   0.03321   0.01853   0.00985   0.00266   0.01026   0.06572   0.01599   0.04243   0.09168   0.06582   0.05137   0.04585   0.00196   0.18053   0.04862   0.03121   0.18000   0.16965   0.72514   0.07094   0.27177   0.02440  
 18 25.3193   3739.062059  x:  0.03155   0.02207   0.06388   0.02390   0.03374   0.01637   0.00952   0.00266   0.01030   0.06757   0.01595   0.04094   0.08956   0.06535   0.05050   0.04428   0.00211   0.18077   0.04619   0.03022   0.17962   0.17192   0.72433   0.07019   0.28819   0.02483  
 19 36.0764   3738.426837  x:  0.03235   0.02251   0.06303   0.02143   0.03278   0.01759   0.00975   0.00261   0.01013   0.06357   0.01612   0.03694   0.08830   0.06364   0.05253   0.04547   0.00164   0.17927   0.05036   0.03102   0.17976   0.17813   0.72241   0.07056   0.35049   0.03277  
 20 104.5487   3738.239271  x:  0.03310   0.02230   0.05976   0.02136   0.03295   0.01722   0.00959   0.00261   0.01014   0.06408   0.01604   0.04286   0.09344   0.06580   0.04943   0.04404   0.00153   0.17926   0.04951   0.03177   0.18190   0.17610   0.72204   0.06992   0.36507   0.03489  
 21 39.6654   3737.782353  x:  0.03360   0.02223   0.06032   0.02128   0.03244   0.01718   0.00961   0.00258   0.01002   0.06441   0.01600   0.04216   0.09183   0.06192   0.05216   0.04087   0.00152   0.18819   0.04996   0.03227   0.19494   0.16261   0.72256   0.06936   0.37158   0.03507  
 22  7.9533   3733.158570  x:  0.03261   0.02212   0.04527   0.02038   0.02782   0.01774   0.01035   0.00227   0.00901   0.06396   0.01707   0.02421   0.07882   0.08407   0.03057   0.04743   0.00227   0.18460   0.05144   0.03129   0.22694   0.16656   0.73782   0.06693   0.36579   0.02993  
 23  9.7790   3721.267869  x:  0.03306   0.02080   0.03945   0.01915   0.01860   0.01728   0.01174   0.00162   0.00698   0.06948   0.01737   0.01498   0.09714   0.06708   0.03661   0.01352   0.00342   0.16544   0.05489   0.03173   0.24432   0.19252   0.77884   0.05762   0.34443   0.02146  
 24 82.9350   3716.802433  x:  0.03465   0.02056   0.03762   0.01809   0.01585   0.01668   0.01212   0.00140   0.00638   0.07057   0.01764   0.02278   0.09247   0.04192   0.02030   0.01700   0.00363   0.16816   0.05683   0.03332   0.23266   0.19460   0.79943   0.05675   0.33597   0.02282  
 25 175.0193   3713.146147  x:  0.03964   0.02024   0.02642   0.01771   0.01359   0.01627   0.01234   0.00122   0.00586   0.07141   0.01796   0.02488   0.08004   0.04840   0.02175   0.00974   0.00381   0.18580   0.05629   0.03831   0.19081   0.17904   0.82289   0.05597   0.32955   0.02932  
 26 133.7925   3712.668296  x:  0.04034   0.02008   0.03160   0.01753   0.01331   0.01622   0.01230   0.00119   0.00578   0.07163   0.01793   0.02081   0.08416   0.05116   0.01840   0.00986   0.00377   0.18961   0.05711   0.03901   0.18357   0.17501   0.82674   0.05564   0.32869   0.03167  
 27 102.1409   3706.382180  x:  0.04619   0.02126   0.02968   0.01798   0.00767   0.01512   0.01301   0.00075   0.00463   0.07457   0.02000   0.01148   0.08581   0.04819   0.02524   0.02203   0.00425   0.20577   0.06237   0.04486   0.14541   0.16929   0.89598   0.05905   0.29819   0.03421  
 28  0.2385   3700.025066  x:  0.04875   0.02230   0.04110   0.02026   0.00320   0.01190   0.01255   0.00028   0.00353   0.07833   0.02195   0.02764   0.08233   0.05169   0.03196   0.02124   0.00425   0.20895   0.07025   0.04741   0.15800   0.18759   0.99880   0.06110   0.25495   0.03836  
 29  0.2559   3696.830267  x:  0.04967   0.02286   0.04203   0.02273   0.01191   0.01192   0.00591   0.00048   0.00425   0.07927   0.02315   0.03179   0.08686   0.05493   0.03293   0.02239   0.00415   0.20639   0.07424   0.04832   0.17029   0.19414   1.07565   0.06235   0.26980   0.03820  
 30  0.1451   3692.944860  x:  0.04837   0.02433   0.03296   0.02383   0.00703   0.02102   0.00617   0.00022   0.00284   0.07649   0.02381   0.02469   0.09721   0.05349   0.02711   0.02174   0.00444   0.19703   0.07624   0.04702   0.19739   0.19940   1.22176   0.06235   0.33680   0.03202  
 31  0.1689   3688.847348  x:  0.04853   0.02550   0.03884   0.02089   0.00752   0.01704   0.01318   0.00089   0.00297   0.07212   0.02182   0.02151   0.08264   0.04442   0.02836   0.01651   0.00535   0.19357   0.07378   0.04717   0.17999   0.19228   1.42894   0.06296   0.35563   0.02797  
 32  0.1353   3687.487778  x:  0.04775   0.02558   0.03357   0.01938   0.00783   0.01289   0.01209   0.00098   0.00254   0.07432   0.02058   0.02220   0.08500   0.05623   0.02507   0.01955   0.00487   0.20103   0.07122   0.04639   0.17176   0.19197   1.52446   0.06296   0.33524   0.03241  
 33  0.1025   3686.734772  x:  0.04687   0.02514   0.03664   0.01944   0.00756   0.01533   0.00873   0.00098   0.00187   0.07745   0.02001   0.02177   0.08753   0.05360   0.02851   0.01842   0.00433   0.20957   0.06812   0.04551   0.16986   0.19376   1.60485   0.06288   0.31221   0.03817  
 34  0.0823   3686.492621  x:  0.04646   0.02437   0.03589   0.02112   0.00757   0.01403   0.00759   0.00110   0.00177   0.07682   0.02018   0.02266   0.08611   0.05138   0.02802   0.01925   0.00423   0.20750   0.06549   0.04511   0.17875   0.19492   1.64598   0.06333   0.33315   0.03766  
 35  0.0301   3686.351714  x:  0.04674   0.02344   0.03563   0.02029   0.00725   0.01561   0.00810   0.00134   0.00202   0.07587   0.02057   0.02465   0.08618   0.05241   0.02764   0.01991   0.00458   0.20435   0.06346   0.04540   0.17749   0.19408   1.66016   0.06412   0.34107   0.03594  
 36  0.0110   3686.122013  x:  0.04671   0.02134   0.03601   0.01914   0.00663   0.01353   0.00771   0.00177   0.00239   0.07563   0.02031   0.02319   0.08833   0.05126   0.02824   0.01868   0.00477   0.20416   0.06259   0.04537   0.17608   0.19601   1.67816   0.06464   0.32375   0.03474  
 37  0.0104   3685.967445  x:  0.04700   0.02014   0.03616   0.02101   0.00597   0.01466   0.00695   0.00211   0.00270   0.07637   0.01995   0.02258   0.08511   0.05247   0.02798   0.01877   0.00466   0.20736   0.06460   0.04566   0.17468   0.19562   1.66872   0.06520   0.32060   0.03605  
 38  0.0068   3685.904151  x:  0.04708   0.02023   0.03618   0.02016   0.00601   0.01437   0.00690   0.00234   0.00295   0.07664   0.01994   0.02295   0.08724   0.05216   0.02805   0.01901   0.00474   0.20780   0.06689   0.04574   0.17567   0.19438   1.65197   0.06519   0.33539   0.03685  
 39  0.0140   3685.829383  x:  0.04654   0.02116   0.03530   0.01957   0.00620   0.01415   0.00653   0.00282   0.00314   0.07640   0.01994   0.02261   0.08521   0.05190   0.02705   0.01937   0.00473   0.20483   0.06737   0.04521   0.17745   0.19483   1.65114   0.06450   0.32601   0.03602  
 40  0.0029   3685.760465  x:  0.04644   0.02243   0.03579   0.02090   0.00603   0.01420   0.00668   0.00330   0.00319   0.07617   0.02011   0.02286   0.08731   0.05196   0.02789   0.01899   0.00465   0.20549   0.06633   0.04513   0.17512   0.19458   1.65755   0.06385   0.32761   0.03601  
 41  0.0040   3685.741822  x:  0.04673   0.02284   0.03632   0.02016   0.00587   0.01435   0.00643   0.00349   0.00310   0.07639   0.02030   0.02284   0.08616   0.05216   0.02813   0.01906   0.00462   0.20662   0.06578   0.04542   0.17573   0.19478   1.65803   0.06377   0.33081   0.03651  
 42  0.0029   3685.724206  x:  0.04719   0.02328   0.03547   0.02030   0.00585   0.01414   0.00662   0.00368   0.00290   0.07652   0.02033   0.02284   0.08635   0.05200   0.02762   0.01912   0.00445   0.20692   0.06542   0.04588   0.17644   0.19510   1.64565   0.06408   0.32866   0.03641  
 43  0.0039   3685.712648  x:  0.04733   0.02302   0.03574   0.02034   0.00607   0.01407   0.00632   0.00377   0.00270   0.07649   0.02024   0.02313   0.08653   0.05196   0.02780   0.01892   0.00435   0.20649   0.06531   0.04603   0.17500   0.19448   1.64381   0.06452   0.32816   0.03647  
 44  0.0015   3685.704555  x:  0.04708   0.02256   0.03617   0.02030   0.00603   0.01427   0.00657   0.00383   0.00256   0.07634   0.02022   0.02279   0.08657   0.05228   0.02799   0.01881   0.00442   0.20619   0.06562   0.04578   0.17574   0.19455   1.64430   0.06465   0.32848   0.03641  
 45  0.0009   3685.700831  x:  0.04682   0.02234   0.03597   0.02030   0.00610   0.01420   0.00654   0.00394   0.00254   0.07638   0.02026   0.02287   0.08640   0.05200   0.02786   0.01903   0.00453   0.20642   0.06595   0.04552   0.17569   0.19473   1.64751   0.06439   0.32931   0.03628  
 46  0.0019   3685.700647  x:  0.04689   0.02238   0.03597   0.02031   0.00611   0.01419   0.00653   0.00398   0.00253   0.07642   0.02024   0.02287   0.08645   0.05207   0.02789   0.01902   0.00453   0.20644   0.06588   0.04560   0.17570   0.19474   1.64677   0.06430   0.32886   0.03632  
 47  0.0007   3685.700632  x:  0.04691   0.02236   0.03597   0.02031   0.00610   0.01419   0.00653   0.00397   0.00253   0.07641   0.02023   0.02288   0.08644   0.05206   0.02790   0.01902   0.00454   0.20641   0.06588   0.04562   0.17567   0.19471   1.64658   0.06429   0.32893   0.03632  
 48  0.0002   3685.700631  x:  0.04691   0.02236   0.03597   0.02031   0.00610   0.01419   0.00653   0.00397   0.00253   0.07640   0.02023   0.02288   0.08644   0.05206   0.02790   0.01902   0.00454   0.20642   0.06587   0.04562   0.17569   0.19472   1.64653   0.06428   0.32891   0.03633  
 49  0.0001   3685.700631  x:  0.04691   0.02236   0.03597   0.02031   0.00610   0.01419   0.00653   0.00397   0.00253   0.07640   0.02023   0.02288   0.08644   0.05206   0.02789   0.01902   0.00454   0.20642   0.06587   0.04561   0.17569   0.19472   1.64651   0.06428   0.32891   0.03633  
 50  0.0000   3685.700631  x:  0.04691   0.02236   0.03597   0.02031   0.00610   0.01419   0.00653   0.00397   0.00253   0.07640   0.02023   0.02288   0.08644   0.05206   0.02789   0.01902   0.00454   0.20642   0.06587   0.04561   0.17569   0.19472   1.64650   0.06428   0.32891   0.03633  
 51  0.0000   3685.700631  x:  0.04691   0.02236   0.03597   0.02031   0.00610   0.01419   0.00653   0.00397   0.00253   0.07640   0.02023   0.02288   0.08644   0.05206   0.02789   0.01902   0.00454   0.20642   0.06587   0.04561   0.17569   0.19472   1.64650   0.06428   0.32891   0.03633  
 52  0.0000   3685.700631  x:  0.04691   0.02236   0.03597   0.02031   0.00610   0.01419   0.00653   0.00397   0.00253   0.07640   0.02023   0.02288   0.08644   0.05206   0.02789   0.01902   0.00454   0.20642   0.06587   0.04561   0.17569   0.19472   1.64650   0.06428   0.32891   0.03633  
 53  0.0000   3685.700631  x:  0.04691   0.02236   0.03597   0.02031   0.00610   0.01419   0.00653   0.00397   0.00253   0.07640   0.02023   0.02288   0.08644   0.05206   0.02789   0.01902   0.00454   0.20642   0.06587   0.04561   0.17569   0.19472   1.64650   0.06428   0.32891   0.03633  
 54  0.0000   3685.700631  x:  0.04691   0.02236   0.03597   0.02031   0.00610   0.01419   0.00653   0.00397   0.00253   0.07640   0.02023   0.02288   0.08644   0.05206   0.02789   0.01902   0.00454   0.20642   0.06587   0.04561   0.17569   0.19472   1.64650   0.06428   0.32891   0.03633  
 55  0.0000   3685.700631  x:  0.04691   0.02236   0.03597   0.02031   0.00610   0.01419   0.00653   0.00397   0.00253   0.07640   0.02023   0.02288   0.08644   0.05206   0.02789   0.01902   0.00454   0.20642   0.06587   0.04561   0.17569   0.19472   1.64650   0.06428   0.32891   0.03633  
check convergence!
