

TREE # 1

  0  0.0000   4047.146439  x:  0.04583   0.04017   0.06711   0.04098   0.05875   0.03253   0.05568   0.01873   0.03463   0.06525   0.05290   0.06419   0.03311   0.05568   0.02312   0.00000   0.12960   0.06442   0.07305   0.10761   0.15260   0.19658   0.22988   0.16917  
  1 99.0000   3958.680852  x:  0.03781   0.03250   0.05415   0.02286   0.04170   0.01489   0.03480   0.00000   0.05436   0.05400   0.04354   0.07008   0.03946   0.04630   0.02101   0.02553   0.14293   0.06700   0.07945   0.11719   0.15650   0.24260   0.20104   0.16645  
  2 1436.0846   3911.386179  x:  0.03096   0.02618   0.04313   0.00744   0.02715   0.00000   0.01690   0.00443   0.07063   0.04441   0.03556   0.07503   0.04476   0.03836   0.01926   0.04551   0.15421   0.06908   0.08483   0.12530   0.15981   0.28163   0.17627   0.16412  
  3 15995.6015   3892.719310  x:  0.02792   0.02339   0.03822   0.00059   0.02069   0.00050   0.00894   0.00630   0.07784   0.04013   0.03201   0.07723   0.04712   0.03483   0.01848   0.05433   0.15923   0.07000   0.08722   0.12891   0.16129   0.29901   0.16521   0.16308  
  4 23658.7774   3874.526308  x:  0.02469   0.02136   0.03297   0.00748   0.01420   0.00088   0.00055   0.00791   0.08446   0.03542   0.02827   0.07949   0.04937   0.03131   0.01786   0.06123   0.16460   0.07065   0.08969   0.13276   0.16292   0.31776   0.15236   0.16186  
  5 5646.7510   3849.984539  x:  0.01794   0.02064   0.02139   0.01785   0.00200   0.00142   0.01706   0.01054   0.09580   0.02470   0.02052   0.08419   0.05354   0.02472   0.01735   0.06924   0.17652   0.07103   0.09486   0.14125   0.16669   0.35990   0.12044   0.15883  
  6 3529.4275   3824.897154  x:  0.01119   0.02548   0.00879   0.02573   0.02548   0.00182   0.02923   0.01277   0.10660   0.01133   0.01312   0.08983   0.05795   0.01932   0.01812   0.07154   0.19180   0.07028   0.10110   0.15209   0.17183   0.41502   0.07532   0.15440  
  7 3598.4835   3807.177827  x:  0.01753   0.03834   0.02378   0.02478   0.02436   0.00176   0.02824   0.01204   0.10485   0.01921   0.01773   0.09275   0.05898   0.02714   0.02173   0.05581   0.20224   0.06690   0.10479   0.15937   0.17640   0.45461   0.04672   0.14999  
  8 1117.6513   3771.234154  x:  0.02230   0.05491   0.01847   0.02037   0.02115   0.00142   0.02371   0.00878   0.09130   0.01743   0.02386   0.09807   0.05820   0.03701   0.02289   0.00000   0.22708   0.05795   0.11217   0.17686   0.18896   0.54938   0.06210   0.13767  
  9 873.2886   3767.834852  x:  0.02689   0.06064   0.02171   0.02203   0.02368   0.00152   0.02592   0.00949   0.07915   0.02125   0.02861   0.09786   0.05536   0.04142   0.02277   0.00597   0.23318   0.05561   0.11262   0.18084   0.19279   0.57750   0.07273   0.13277  
 10 637.1090   3763.516192  x:  0.02613   0.04939   0.02508   0.02149   0.02442   0.00147   0.02574   0.00912   0.05308   0.02502   0.02972   0.09006   0.04513   0.03447   0.01519   0.00492   0.23059   0.05932   0.10469   0.17743   0.19353   0.60112   0.07223   0.12464  
 11 287.5775   3762.469646  x:  0.02648   0.04156   0.02638   0.02171   0.02507   0.00148   0.02620   0.00914   0.04979   0.02550   0.03175   0.08451   0.04372   0.03472   0.02510   0.00458   0.22528   0.06079   0.09803   0.17261   0.19283   0.61091   0.07317   0.11887  
 12 167.2911   3761.521414  x:  0.02870   0.03652   0.02900   0.02266   0.02668   0.00153   0.02760   0.00940   0.05671   0.02798   0.03481   0.07814   0.04444   0.03612   0.02127   0.00413   0.21455   0.06082   0.08850   0.16387   0.19128   0.62216   0.07579   0.10896  
 13 127.3922   3761.044925  x:  0.02756   0.04251   0.02721   0.02210   0.02539   0.00150   0.02671   0.00929   0.05484   0.02448   0.03436   0.07819   0.04613   0.03820   0.02076   0.00463   0.20287   0.05894   0.08522   0.15605   0.18968   0.62706   0.07519   0.09795  
 14 71.3812   3760.865488  x:  0.02755   0.04453   0.02643   0.02211   0.02553   0.00150   0.02672   0.00930   0.05555   0.02765   0.03165   0.08042   0.04478   0.03614   0.02188   0.00454   0.19766   0.06048   0.08750   0.15386   0.18916   0.62886   0.07578   0.09042  
 15 50.2358   3760.790873  x:  0.02830   0.04379   0.02832   0.02221   0.02570   0.00151   0.02688   0.00933   0.05579   0.02585   0.03154   0.08147   0.04492   0.03563   0.02180   0.00443   0.19642   0.06198   0.08977   0.15432   0.18890   0.62901   0.07622   0.08523  
 16 29.6388   3760.706509  x:  0.02782   0.04194   0.02704   0.02221   0.02571   0.00150   0.02689   0.00934   0.05546   0.02662   0.03329   0.08130   0.04577   0.03737   0.02130   0.00446   0.19705   0.06151   0.09166   0.15621   0.18836   0.62806   0.07558   0.07762  
 17 23.6883   3760.639389  x:  0.02753   0.04241   0.02750   0.02210   0.02559   0.00150   0.02675   0.00934   0.05608   0.02625   0.03270   0.07998   0.04445   0.03617   0.02163   0.00455   0.19935   0.05891   0.09064   0.15740   0.18800   0.62729   0.07553   0.07260  
 18 16.8593   3760.476214  x:  0.02917   0.04458   0.02657   0.02191   0.02530   0.00149   0.02648   0.00933   0.05585   0.02650   0.03123   0.07994   0.04687   0.03494   0.02185   0.00446   0.20435   0.06277   0.08571   0.15734   0.18795   0.62713   0.07546   0.06783  
 19 10.3786   3759.996239  x:  0.02298   0.04482   0.02819   0.02161   0.02510   0.00146   0.02617   0.00941   0.05724   0.02609   0.02911   0.08310   0.04361   0.03935   0.02153   0.00461   0.20861   0.06696   0.08180   0.15574   0.18963   0.63050   0.07585   0.06534  
 20 14.6266   3754.529983  x:  0.03523   0.03406   0.01806   0.01738   0.02091   0.00116   0.02140   0.01000   0.06192   0.01945   0.03157   0.10259   0.02984   0.04134   0.02079   0.00526   0.22003   0.06327   0.07921   0.13940   0.20865   0.67407   0.07026   0.06466  
 21 34.9347   3744.927094  x:  0.02048   0.02118   0.02086   0.01093   0.01676   0.00067   0.01476   0.01112   0.06459   0.02014   0.03346   0.11580   0.05155   0.02216   0.02130   0.00621   0.23054   0.05138   0.08466   0.12376   0.23375   0.75447   0.06884   0.06853  
 22 319.0605   3737.580646  x:  0.01970   0.02397   0.01595   0.00555   0.01183   0.00029   0.00865   0.01176   0.06877   0.01615   0.01624   0.08700   0.05421   0.02580   0.02034   0.00722   0.22407   0.06010   0.09591   0.13933   0.23147   0.81358   0.06693   0.07629  
 23 224.2501   3736.792283  x:  0.01760   0.02708   0.01436   0.00485   0.01083   0.00025   0.00777   0.01186   0.07054   0.01518   0.02288   0.08587   0.05118   0.02204   0.02090   0.00732   0.22202   0.06359   0.09536   0.14439   0.22485   0.82138   0.06662   0.07786  
 24 133.2373   3735.774036  x:  0.01880   0.02418   0.01482   0.00425   0.01064   0.00020   0.00722   0.01199   0.07010   0.01545   0.02102   0.09686   0.05187   0.02183   0.02094   0.00736   0.21844   0.06051   0.08891   0.15549   0.19902   0.83288   0.06727   0.08116  
 25 83.5414   3735.653586  x:  0.01870   0.02424   0.01484   0.00420   0.01062   0.00019   0.00718   0.01202   0.07014   0.01542   0.02125   0.09557   0.05173   0.02215   0.02083   0.00734   0.22280   0.06063   0.09301   0.14925   0.19018   0.83491   0.06757   0.08166  
 26 18.3699   3723.474564  x:  0.02452   0.03993   0.02406   0.00584   0.01508   0.00030   0.00931   0.01436   0.07243   0.02353   0.02938   0.09017   0.05275   0.03494   0.01698   0.00201   0.22783   0.05628   0.09766   0.18033   0.18384   1.03184   0.09333   0.09108  
 27  0.3322   3718.123550  x:  0.02196   0.02893   0.02381   0.00769   0.01631   0.00054   0.00929   0.01573   0.07822   0.02183   0.02821   0.06639   0.04890   0.02783   0.01712   0.00387   0.20867   0.07110   0.10080   0.18323   0.17139   1.19219   0.08984   0.09493  
 28  0.0972   3712.684581  x:  0.02179   0.03015   0.01885   0.00567   0.01358   0.00060   0.00369   0.01680   0.08026   0.01821   0.02254   0.08769   0.05569   0.02824   0.01929   0.00515   0.21811   0.06488   0.09900   0.16515   0.20149   1.41097   0.08858   0.09462  
 29  0.2102   3710.950123  x:  0.02065   0.03237   0.01808   0.00900   0.01542   0.00095   0.00623   0.01631   0.07757   0.01864   0.02414   0.09488   0.05429   0.02749   0.01855   0.00533   0.22444   0.05797   0.09363   0.17254   0.18016   1.51338   0.08691   0.09918  
 30  0.0803   3709.608563  x:  0.02184   0.03005   0.02203   0.00888   0.01536   0.00113   0.00452   0.01470   0.07237   0.02016   0.02845   0.08287   0.04980   0.02902   0.01617   0.00404   0.23373   0.05567   0.09519   0.17161   0.19396   1.65860   0.08866   0.09784  
 31  0.0930   3708.224578  x:  0.02333   0.03611   0.02036   0.00943   0.01381   0.00153   0.00314   0.00943   0.07181   0.02017   0.02419   0.08295   0.05115   0.02962   0.02214   0.00420   0.21730   0.06525   0.09345   0.17432   0.18738   1.76530   0.08647   0.09542  
 32  0.0338   3706.472101  x:  0.02195   0.03398   0.02100   0.01034   0.01409   0.00191   0.00500   0.00242   0.07252   0.02027   0.02508   0.08648   0.05277   0.03028   0.02049   0.00413   0.21675   0.06631   0.09705   0.17479   0.18846   1.77499   0.08553   0.09561  
 33  0.0083   3705.789904  x:  0.02119   0.03125   0.02104   0.00888   0.01401   0.00179   0.00489   0.00211   0.07562   0.02026   0.02545   0.08627   0.05338   0.02851   0.01634   0.00435   0.22863   0.05844   0.09749   0.17182   0.19018   1.69509   0.08832   0.09910  
 34  0.0643   3705.703319  x:  0.02176   0.03078   0.02065   0.00821   0.01396   0.00173   0.00464   0.00273   0.07640   0.01978   0.02612   0.08575   0.05274   0.02903   0.01765   0.00445   0.22826   0.05853   0.09653   0.17227   0.19027   1.67026   0.08933   0.09913  
 35  0.0252   3705.650809  x:  0.02204   0.03099   0.02045   0.00770   0.01385   0.00175   0.00438   0.00211   0.07664   0.01969   0.02613   0.08531   0.05229   0.02914   0.01842   0.00453   0.22706   0.05905   0.09574   0.17260   0.18998   1.66227   0.08992   0.09891  
 36  0.0158   3705.557624  x:  0.02120   0.03239   0.02068   0.00666   0.01438   0.00181   0.00416   0.00231   0.07613   0.02045   0.02488   0.08590   0.05156   0.02791   0.01779   0.00498   0.22328   0.06084   0.09471   0.17299   0.18866   1.65978   0.09048   0.09773  
 37  0.0023   3705.369974  x:  0.02172   0.03131   0.02040   0.00552   0.01592   0.00211   0.00485   0.00217   0.07470   0.01949   0.02660   0.08650   0.05190   0.02947   0.01683   0.00578   0.22473   0.06035   0.09672   0.17338   0.18887   1.68525   0.08974   0.09697  
 38  0.0092   3705.252623  x:  0.02134   0.03203   0.02077   0.00548   0.01600   0.00235   0.00509   0.00234   0.07478   0.02016   0.02554   0.08515   0.05245   0.02836   0.01883   0.00585   0.22919   0.05768   0.09698   0.17273   0.18989   1.70435   0.08906   0.09936  
 39  0.0101   3704.859542  x:  0.02255   0.03009   0.02140   0.00496   0.01340   0.00336   0.00488   0.00266   0.07897   0.01972   0.02592   0.08529   0.05363   0.02952   0.01745   0.00494   0.22756   0.05891   0.09138   0.17199   0.19031   1.68079   0.08823   0.10350  
 40  0.0039   3704.599608  x:  0.02153   0.03162   0.02102   0.00578   0.01276   0.00427   0.00522   0.00233   0.07648   0.02113   0.02576   0.08617   0.05224   0.02874   0.01791   0.00398   0.22445   0.06024   0.09811   0.17302   0.18939   1.68534   0.08861   0.09880  
 41  0.0047   3704.458698  x:  0.02148   0.03207   0.02094   0.00489   0.01328   0.00509   0.00485   0.00243   0.07479   0.01916   0.02564   0.08573   0.05173   0.02845   0.01784   0.00432   0.22632   0.05890   0.09797   0.17296   0.18893   1.66636   0.08978   0.09701  
 42  0.0098   3704.343154  x:  0.02181   0.03063   0.01963   0.00579   0.01356   0.00602   0.00441   0.00260   0.07465   0.01984   0.02613   0.08550   0.05234   0.02908   0.01761   0.00431   0.22834   0.05925   0.09507   0.17258   0.19007   1.65919   0.08945   0.09765  
 43  0.0044   3704.301532  x:  0.02153   0.03126   0.02094   0.00604   0.01401   0.00645   0.00406   0.00248   0.07554   0.01961   0.02558   0.08581   0.05236   0.02864   0.01790   0.00454   0.22662   0.05985   0.09535   0.17258   0.19003   1.65570   0.08951   0.09799  
 44  0.0031   3704.295777  x:  0.02166   0.03138   0.02072   0.00592   0.01422   0.00653   0.00396   0.00245   0.07576   0.02007   0.02566   0.08566   0.05239   0.02879   0.01783   0.00468   0.22626   0.05949   0.09598   0.17246   0.18991   1.65250   0.08953   0.09795  
 45  0.0038   3704.295376  x:  0.02172   0.03135   0.02074   0.00595   0.01425   0.00652   0.00397   0.00247   0.07580   0.01998   0.02576   0.08565   0.05240   0.02890   0.01778   0.00471   0.22640   0.05933   0.09614   0.17245   0.18981   1.65179   0.08942   0.09810  
 46  0.0008   3704.295341  x:  0.02170   0.03133   0.02075   0.00595   0.01425   0.00651   0.00396   0.00247   0.07578   0.02000   0.02578   0.08565   0.05236   0.02890   0.01779   0.00471   0.22643   0.05936   0.09613   0.17246   0.18983   1.65110   0.08937   0.09815  
 47  0.0005   3704.295336  x:  0.02171   0.03135   0.02075   0.00595   0.01425   0.00651   0.00396   0.00247   0.07577   0.02000   0.02577   0.08565   0.05237   0.02889   0.01779   0.00471   0.22642   0.05936   0.09612   0.17246   0.18983   1.65096   0.08936   0.09814  
 48  0.0001   3704.295335  x:  0.02171   0.03135   0.02075   0.00595   0.01425   0.00651   0.00396   0.00247   0.07577   0.02000   0.02577   0.08565   0.05237   0.02889   0.01779   0.00471   0.22641   0.05936   0.09612   0.17247   0.18983   1.65094   0.08936   0.09813  
 49  0.0000   3704.295335  x:  0.02171   0.03134   0.02075   0.00595   0.01425   0.00651   0.00396   0.00247   0.07577   0.02000   0.02577   0.08565   0.05237   0.02889   0.01779   0.00470   0.22642   0.05936   0.09612   0.17247   0.18983   1.65092   0.08936   0.09813  
 50  0.0000   3704.295335  x:  0.02171   0.03134   0.02075   0.00595   0.01425   0.00651   0.00396   0.00247   0.07577   0.02000   0.02577   0.08565   0.05237   0.02889   0.01779   0.00470   0.22641   0.05936   0.09612   0.17246   0.18983   1.65094   0.08936   0.09813  
 51  0.0000   3704.295335  x:  0.02171   0.03134   0.02075   0.00595   0.01425   0.00651   0.00396   0.00247   0.07577   0.02000   0.02577   0.08565   0.05237   0.02889   0.01779   0.00470   0.22641   0.05936   0.09612   0.17246   0.18983   1.65093   0.08936   0.09813  
 52  0.0000   3704.295335  x:  0.02171   0.03134   0.02075   0.00595   0.01425   0.00651   0.00396   0.00247   0.07577   0.02000   0.02577   0.08565   0.05237   0.02889   0.01779   0.00470   0.22641   0.05936   0.09612   0.17246   0.18983   1.65094   0.08936   0.09813  
 53  0.0000   3704.295335  x:  0.02171   0.03134   0.02075   0.00595   0.01425   0.00651   0.00396   0.00247   0.07577   0.02000   0.02577   0.08565   0.05237   0.02889   0.01779   0.00470   0.22641   0.05936   0.09612   0.17246   0.18983   1.65094   0.08936   0.09813  
 54  0.0000   3704.295335  x:  0.02171   0.03134   0.02075   0.00595   0.01425   0.00651   0.00396   0.00247   0.07577   0.02000   0.02577   0.08565   0.05237   0.02889   0.01779   0.00470   0.22641   0.05936   0.09612   0.17246   0.18983   1.65094   0.08936   0.09813  
 55  0.0000   3704.295335  x:  0.02171   0.03134   0.02075   0.00595   0.01425   0.00651   0.00396   0.00247   0.07577   0.02000   0.02577   0.08565   0.05237   0.02889   0.01779   0.00470   0.22641   0.05936   0.09612   0.17246   0.18983   1.65094   0.08936   0.09813  
check convergence!
