

TREE # 1

  0  0.0000   3985.422017  x:  0.04559   0.04085   0.04665   0.03691   0.02085   0.03229   0.01601   0.01463   0.00570   0.05875   0.04604   0.02239   0.07105   0.05302   0.03244   0.01898   0.00000   0.16141   0.07086   0.02800   0.12709   0.15933   0.16464   0.17847   0.18914  
  1 99.0000   3947.713647  x:  0.04867   0.03769   0.04370   0.03289   0.01410   0.02619   0.01019   0.00619   0.00000   0.06114   0.04142   0.02278   0.07313   0.05216   0.03180   0.02051   0.01070   0.16496   0.07139   0.03108   0.13000   0.16107   0.19122   0.16541   0.18653  
  2 1333.0649   3926.731218  x:  0.05093   0.03536   0.04154   0.02994   0.00914   0.02169   0.00595   0.00000   0.00090   0.06290   0.03802   0.02305   0.07466   0.05152   0.03133   0.02162   0.01833   0.16758   0.07177   0.03334   0.13214   0.16236   0.21077   0.15578   0.18459  
  3 36336.0177   3905.370177  x:  0.05378   0.03241   0.03882   0.02622   0.00292   0.01605   0.00070   0.00048   0.00195   0.06512   0.03373   0.02340   0.07659   0.05072   0.03075   0.02300   0.02785   0.17087   0.07224   0.03619   0.13484   0.16397   0.23543   0.14361   0.18215  
  4 20630.7658   3893.690003  x:  0.05530   0.03075   0.03737   0.02420   0.00036   0.01307   0.00339   0.00065   0.00243   0.06635   0.03136   0.02355   0.07765   0.05028   0.03043   0.02368   0.03248   0.17272   0.07245   0.03771   0.13635   0.16488   0.24908   0.13668   0.18076  
  5 11973.8829   3856.697826  x:  0.06148   0.02386   0.03150   0.01604   0.00757   0.00145   0.01120   0.00131   0.00431   0.07139   0.02156   0.02413   0.08203   0.04848   0.02912   0.02632   0.05058   0.18040   0.07320   0.04389   0.14262   0.16864   0.30558   0.10769   0.17491  
  6 18775.6539   3825.163286  x:  0.06928   0.01452   0.02487   0.00721   0.01468   0.02482   0.01976   0.00202   0.00649   0.07831   0.00895   0.02487   0.08790   0.04620   0.02749   0.02865   0.07007   0.19135   0.07354   0.05168   0.15148   0.17401   0.38394   0.06570   0.16621  
  7 6779.8281   3808.449141  x:  0.07122   0.01503   0.03221   0.03746   0.01607   0.02883   0.02146   0.00213   0.00657   0.08174   0.03126   0.02526   0.09032   0.04654   0.02798   0.02335   0.06076   0.20037   0.06981   0.05363   0.15818   0.17862   0.43544   0.04673   0.15742  
  8 1186.4725   3776.441014  x:  0.06947   0.02473   0.04337   0.04641   0.01629   0.03265   0.02098   0.00188   0.00498   0.08334   0.03775   0.02302   0.09221   0.05059   0.03216   0.00578   0.00000   0.22412   0.05609   0.05188   0.17499   0.19149   0.55332   0.09458   0.13088  
  9 838.5761   3774.832965  x:  0.06711   0.02715   0.04460   0.04817   0.01671   0.03366   0.02151   0.00193   0.00511   0.08197   0.03953   0.02323   0.09130   0.05186   0.03324   0.01311   0.00070   0.22603   0.05499   0.04952   0.17591   0.19237   0.56122   0.10046   0.12714  
 10 452.3332   3774.001185  x:  0.06357   0.02824   0.04395   0.04783   0.01666   0.03357   0.02144   0.00192   0.00508   0.07957   0.03971   0.02347   0.08979   0.05272   0.03299   0.01352   0.00000   0.22635   0.05541   0.04598   0.17545   0.19224   0.56309   0.09997   0.12357  
 11 182.3794   3772.243993  x:  0.05069   0.03238   0.04216   0.04724   0.01677   0.03374   0.02159   0.00193   0.00515   0.07084   0.04095   0.02406   0.08428   0.05578   0.03200   0.01129   0.00161   0.22769   0.05675   0.03310   0.17393   0.19190   0.57002   0.10042   0.11020  
 12 2572.9467   3771.339663  x:  0.05027   0.02441   0.04173   0.04701   0.01674   0.03378   0.02155   0.00193   0.00514   0.06782   0.04269   0.01906   0.08066   0.05416   0.03437   0.01171   0.00161   0.22657   0.05848   0.03268   0.17198   0.19269   0.57031   0.10149   0.08737  
 13 84.1046   3770.773234  x:  0.05251   0.02602   0.04225   0.04648   0.01676   0.03379   0.02158   0.00193   0.00515   0.06829   0.04284   0.02345   0.08063   0.05473   0.03374   0.01154   0.00159   0.22518   0.05933   0.03492   0.17041   0.19342   0.56935   0.10134   0.06770  
 14 134.0702   3770.716925  x:  0.05241   0.02763   0.04181   0.04661   0.01674   0.03374   0.02155   0.00193   0.00514   0.06941   0.04238   0.02150   0.08210   0.05525   0.03385   0.01150   0.00161   0.22499   0.05806   0.03482   0.17018   0.19345   0.56903   0.10092   0.06527  
 15 31.2248   3770.697233  x:  0.05186   0.02669   0.04163   0.04694   0.01672   0.03370   0.02153   0.00193   0.00514   0.06997   0.04200   0.02188   0.08382   0.05617   0.03410   0.01147   0.00162   0.22497   0.05726   0.03427   0.17014   0.19344   0.56889   0.10097   0.06464  
 16 11.6083   3770.610800  x:  0.05219   0.02689   0.04083   0.04778   0.01672   0.03372   0.02152   0.00193   0.00515   0.06731   0.04143   0.02119   0.08795   0.05668   0.03379   0.01156   0.00156   0.22577   0.06041   0.03460   0.17079   0.19405   0.56911   0.10120   0.06433  
 17  3.2189   3766.802671  x:  0.05021   0.02698   0.04101   0.03301   0.01544   0.03161   0.01967   0.00170   0.00514   0.06100   0.04904   0.02523   0.09963   0.03807   0.03313   0.01236   0.00168   0.24876   0.05054   0.03262   0.18677   0.21021   0.58007   0.09069   0.06355  
 18  4.9288   3755.919141  x:  0.05181   0.02380   0.03292   0.01962   0.01186   0.02536   0.01456   0.00106   0.00513   0.07810   0.04027   0.02360   0.08624   0.06266   0.03203   0.01258   0.00162   0.29835   0.06019   0.03423   0.22030   0.24567   0.62027   0.06558   0.06543  
 19 136.2144   3752.323637  x:  0.05166   0.02340   0.03032   0.03108   0.01077   0.02323   0.01305   0.00087   0.00515   0.07924   0.02013   0.02576   0.08163   0.05464   0.03064   0.01327   0.00169   0.30037   0.05867   0.03409   0.22053   0.24707   0.63669   0.06058   0.06647  
 20 165.7553   3742.679643  x:  0.05412   0.02417   0.01662   0.02209   0.00881   0.02060   0.01003   0.00044   0.00539   0.08540   0.02407   0.02883   0.09145   0.04219   0.02936   0.01526   0.00191   0.24140   0.06520   0.03655   0.17405   0.20459   0.70529   0.05511   0.07711  
 21 134.4611   3741.274011  x:  0.05483   0.02402   0.02778   0.01850   0.00833   0.01971   0.00935   0.00036   0.00541   0.08271   0.02224   0.02721   0.09392   0.04331   0.02809   0.01567   0.00201   0.22996   0.06500   0.03727   0.16584   0.19617   0.71724   0.05212   0.07897  
 22 318.1211   3741.147599  x:  0.05618   0.02355   0.02674   0.01853   0.00830   0.01970   0.00931   0.00035   0.00541   0.07932   0.02239   0.02692   0.09341   0.04539   0.02567   0.01579   0.00209   0.22795   0.06185   0.03862   0.16699   0.19474   0.71821   0.05198   0.07911  
 23 38.5844   3741.115506  x:  0.05666   0.02386   0.02638   0.01851   0.00829   0.01967   0.00929   0.00035   0.00541   0.07799   0.02229   0.02713   0.09318   0.04610   0.02738   0.01559   0.00212   0.22701   0.06095   0.03909   0.16819   0.19394   0.71844   0.05173   0.07913  
 24 26.0683   3741.064384  x:  0.05611   0.02383   0.02667   0.01846   0.00828   0.01965   0.00927   0.00035   0.00541   0.07882   0.02229   0.02706   0.09321   0.04555   0.02706   0.01568   0.00212   0.22415   0.06172   0.03854   0.17459   0.19058   0.71880   0.05183   0.07863  
 25  9.3769   3729.247671  x:  0.05770   0.02272   0.03034   0.02184   0.00740   0.01981   0.00757   0.00000   0.00610   0.07627   0.01955   0.02676   0.09062   0.05058   0.02980   0.01675   0.00235   0.19154   0.06247   0.04016   0.16109   0.19258   0.83957   0.07147   0.08370  
 26  0.4995   3729.247671  x:  0.05770   0.02272   0.03034   0.02184   0.00740   0.01981   0.00757   0.00000   0.00610   0.07627   0.01955   0.02676   0.09062   0.05058   0.02980   0.01675   0.00235   0.19154   0.06247   0.04016   0.16109   0.19258   0.83957   0.07147   0.08370  
 27 42.4774   3726.599713  x:  0.05771   0.02272   0.03035   0.02183   0.00738   0.01979   0.00762   0.00349   0.00602   0.07627   0.01956   0.02676   0.09062   0.05058   0.02980   0.01677   0.00240   0.19156   0.06247   0.04016   0.16110   0.19258   0.83960   0.07150   0.08369  
 28 9444.5627   3725.516015  x:  0.05781   0.02283   0.03074   0.02156   0.00633   0.01787   0.00707   0.00350   0.00202   0.07633   0.01993   0.02659   0.09043   0.05077   0.02982   0.01742   0.00486   0.19273   0.06249   0.04026   0.16153   0.19260   0.84087   0.07310   0.08342  
 29 310.1800   3724.782292  x:  0.05809   0.02283   0.03195   0.02088   0.00517   0.01275   0.00644   0.00354   0.00364   0.07649   0.02095   0.02596   0.08982   0.05134   0.02984   0.01905   0.00570   0.19658   0.06236   0.04054   0.16292   0.19261   0.84526   0.07753   0.08251  
 30 197.2020   3724.187209  x:  0.05832   0.02258   0.03318   0.02041   0.00790   0.01070   0.00737   0.00354   0.00254   0.07664   0.02154   0.02512   0.08905   0.05199   0.02966   0.02010   0.00331   0.20171   0.06209   0.04078   0.16475   0.19255   0.85160   0.08136   0.08126  
 31 258.7129   3722.436512  x:  0.05883   0.02213   0.03648   0.01960   0.00680   0.01897   0.00706   0.00350   0.00292   0.07712   0.02120   0.02246   0.08590   0.05437   0.02836   0.02097   0.00339   0.22452   0.06169   0.04128   0.17270   0.19188   0.88240   0.09008   0.07554  
 32 273.6049   3719.402296  x:  0.05770   0.02180   0.03376   0.02198   0.00422   0.01457   0.00796   0.00351   0.00228   0.07693   0.01740   0.02328   0.08294   0.05605   0.02792   0.01492   0.00216   0.25949   0.06155   0.04016   0.18415   0.18959   0.94329   0.07855   0.06709  
 33 335.2906   3718.768520  x:  0.05742   0.02197   0.03246   0.02223   0.00725   0.01391   0.00712   0.00352   0.00317   0.07687   0.01777   0.02416   0.08268   0.05615   0.02855   0.01493   0.00495   0.26728   0.06149   0.03988   0.18660   0.18906   0.95966   0.07538   0.06561  
 34 820.4117   3717.868158  x:  0.05716   0.02234   0.02889   0.02082   0.00663   0.01455   0.00546   0.00355   0.00276   0.07679   0.02244   0.02751   0.08441   0.05486   0.03170   0.02021   0.00349   0.27242   0.06054   0.03961   0.18773   0.18868   0.98484   0.07241   0.06681  
 35 293.6141   3717.190466  x:  0.05725   0.02281   0.02615   0.02034   0.00594   0.01493   0.01060   0.00346   0.00308   0.07654   0.02401   0.03037   0.08696   0.05277   0.03297   0.02155   0.00464   0.27290   0.05937   0.03970   0.18715   0.18870   1.00945   0.07317   0.06991  
 36 368.3715   3713.336570  x:  0.05874   0.02389   0.01920   0.02290   0.00677   0.01516   0.00655   0.00352   0.00291   0.07472   0.02037   0.04052   0.10036   0.04147   0.03202   0.01450   0.00397   0.26310   0.05247   0.04119   0.17966   0.18979   1.13618   0.08461   0.08942  
 37 612.1551   3709.870321  x:  0.06098   0.02172   0.03974   0.02291   0.00665   0.01501   0.00667   0.00352   0.00296   0.07392   0.01708   0.03757   0.10482   0.04561   0.02790   0.01931   0.00465   0.24092   0.04980   0.04343   0.16822   0.19108   1.27293   0.08290   0.10701  
 38 593.6940   3707.479191  x:  0.06014   0.02051   0.03829   0.01729   0.00657   0.01496   0.00646   0.00352   0.00291   0.07569   0.02271   0.02273   0.09827   0.05249   0.02650   0.01545   0.00475   0.22228   0.05812   0.04259   0.16153   0.19148   1.35441   0.08429   0.11323  
 39 522.6408   3706.772888  x:  0.05874   0.02153   0.03533   0.02146   0.00655   0.01497   0.00647   0.00352   0.00290   0.07640   0.01945   0.01904   0.09262   0.05507   0.02814   0.01885   0.00456   0.21463   0.06221   0.04120   0.16010   0.19138   1.38032   0.08609   0.11288  
 40 337.4385   3706.404917  x:  0.05679   0.02201   0.03547   0.02051   0.00663   0.01510   0.00642   0.00352   0.00288   0.07667   0.01910   0.02451   0.08515   0.05628   0.02772   0.01850   0.00435   0.20805   0.06425   0.03924   0.16079   0.19099   1.39446   0.08782   0.10837  
 41 113.5816   3706.254503  x:  0.05650   0.02115   0.03608   0.02122   0.00655   0.01516   0.00655   0.00352   0.00288   0.07618   0.02021   0.02383   0.08231   0.05246   0.02833   0.01835   0.00455   0.20379   0.06152   0.03895   0.16257   0.19075   1.40032   0.08809   0.10271  
 42 50.4417   3706.212548  x:  0.05683   0.02204   0.03571   0.01996   0.00658   0.01514   0.00654   0.00352   0.00289   0.07596   0.01930   0.02350   0.08310   0.05207   0.02807   0.01885   0.00452   0.20214   0.06083   0.03929   0.16345   0.19072   1.40205   0.08812   0.09970  
 43 32.8520   3706.174270  x:  0.05735   0.02203   0.03542   0.02072   0.00656   0.01519   0.00656   0.00351   0.00288   0.07597   0.01987   0.02378   0.08553   0.05313   0.02766   0.01879   0.00450   0.20027   0.06093   0.03980   0.16437   0.19072   1.40372   0.08845   0.09567  
 44 29.9574   3706.170896  x:  0.05726   0.02161   0.03548   0.02058   0.00656   0.01519   0.00656   0.00351   0.00288   0.07600   0.01970   0.02382   0.08589   0.05319   0.02810   0.01873   0.00451   0.20015   0.06107   0.03971   0.16427   0.19072   1.40388   0.08853   0.09521  
 45  9.5522   3706.169449  x:  0.05701   0.02183   0.03565   0.02060   0.00656   0.01520   0.00656   0.00351   0.00288   0.07607   0.01975   0.02379   0.08610   0.05301   0.02822   0.01868   0.00449   0.20022   0.06125   0.03946   0.16382   0.19073   1.40396   0.08858   0.09487  
 46  3.3487   3706.168431  x:  0.05690   0.02168   0.03560   0.02058   0.00656   0.01520   0.00657   0.00351   0.00288   0.07610   0.01973   0.02379   0.08616   0.05288   0.02797   0.01880   0.00450   0.20033   0.06131   0.03935   0.16335   0.19076   1.40403   0.08859   0.09461  
 47  3.2836   3706.165627  x:  0.05734   0.02173   0.03545   0.02060   0.00656   0.01520   0.00657   0.00351   0.00288   0.07595   0.01975   0.02388   0.08590   0.05303   0.02813   0.01873   0.00450   0.20060   0.06104   0.03979   0.16214   0.19097   1.40426   0.08861   0.09408  
 48  2.1303   3705.955052  x:  0.05607   0.02185   0.03399   0.02056   0.00646   0.01497   0.00657   0.00352   0.00279   0.08272   0.01958   0.02397   0.08558   0.05531   0.02854   0.01837   0.00474   0.20452   0.05628   0.03853   0.16324   0.19100   1.42281   0.08876   0.09223  
 49  0.4813   3704.787521  x:  0.05900   0.02169   0.03173   0.02065   0.00582   0.01374   0.00659   0.00353   0.00218   0.08131   0.02001   0.02586   0.08424   0.05058   0.02909   0.01866   0.00484   0.22683   0.06244   0.04148   0.17478   0.19138   1.52703   0.08892   0.08221  
 50 79.9744   3704.644117  x:  0.05668   0.02182   0.03078   0.02069   0.00574   0.01364   0.00658   0.00354   0.00211   0.07571   0.02037   0.02546   0.08438   0.05287   0.02921   0.01848   0.00499   0.22944   0.06002   0.03916   0.17578   0.19050   1.53936   0.08940   0.08120  
 51 64.8383   3704.642582  x:  0.05681   0.02182   0.03078   0.02069   0.00573   0.01364   0.00658   0.00354   0.00211   0.07574   0.02037   0.02546   0.08439   0.05286   0.02920   0.01849   0.00499   0.22946   0.06002   0.03929   0.17563   0.18904   1.53953   0.08946   0.08119  
 52  1.8246   3704.369067  x:  0.05665   0.02171   0.03109   0.02083   0.00597   0.01416   0.00656   0.00355   0.00274   0.07566   0.02005   0.02563   0.08551   0.05247   0.02898   0.01753   0.00454   0.22929   0.05974   0.03917   0.17301   0.18950   1.62021   0.08947   0.09373  
 53  0.0771   3704.330844  x:  0.05678   0.02172   0.03139   0.02072   0.00597   0.01432   0.00654   0.00357   0.00244   0.07612   0.01998   0.02571   0.08570   0.05231   0.02884   0.01767   0.00465   0.22625   0.05934   0.03931   0.17199   0.18975   1.64912   0.09004   0.09065  
 54  0.0248   3704.329702  x:  0.05678   0.02171   0.03135   0.02074   0.00593   0.01426   0.00657   0.00359   0.00250   0.07588   0.02000   0.02576   0.08561   0.05234   0.02888   0.01783   0.00470   0.22628   0.05936   0.03930   0.17241   0.18971   1.65097   0.09007   0.09027  
 55  0.0016   3704.327845  x:  0.05677   0.02169   0.03138   0.02078   0.00597   0.01416   0.00649   0.00369   0.00242   0.07585   0.02003   0.02576   0.08553   0.05244   0.02893   0.01790   0.00476   0.22635   0.05948   0.03928   0.17277   0.18967   1.65291   0.09006   0.09079  
 56  0.0004   3704.323827  x:  0.05679   0.02170   0.03139   0.02075   0.00603   0.01426   0.00650   0.00393   0.00250   0.07606   0.02003   0.02571   0.08561   0.05240   0.02891   0.01778   0.00470   0.22628   0.05942   0.03927   0.17245   0.18970   1.65185   0.09000   0.09045  
 57  0.0004   3704.323468  x:  0.05681   0.02171   0.03137   0.02074   0.00595   0.01425   0.00651   0.00396   0.00248   0.07593   0.02001   0.02574   0.08563   0.05234   0.02888   0.01780   0.00471   0.22630   0.05936   0.03928   0.17233   0.18972   1.65087   0.09003   0.09046  
 58  0.0009   3704.323460  x:  0.05680   0.02171   0.03136   0.02074   0.00595   0.01425   0.00651   0.00396   0.00248   0.07594   0.02000   0.02575   0.08562   0.05235   0.02888   0.01779   0.00470   0.22629   0.05938   0.03928   0.17236   0.18971   1.65081   0.09005   0.09043  
 59  0.0001   3704.323460  x:  0.05681   0.02171   0.03136   0.02074   0.00595   0.01425   0.00651   0.00396   0.00248   0.07594   0.02000   0.02575   0.08562   0.05235   0.02888   0.01779   0.00470   0.22630   0.05937   0.03928   0.17236   0.18971   1.65082   0.09005   0.09044  
 60  0.0000   3704.323460  x:  0.05680   0.02171   0.03136   0.02074   0.00595   0.01425   0.00651   0.00396   0.00248   0.07594   0.02000   0.02575   0.08562   0.05235   0.02888   0.01779   0.00470   0.22629   0.05937   0.03928   0.17236   0.18971   1.65083   0.09005   0.09044  
 61  0.0000   3704.323460  x:  0.05680   0.02171   0.03136   0.02074   0.00595   0.01425   0.00651   0.00396   0.00248   0.07594   0.02000   0.02575   0.08562   0.05235   0.02888   0.01779   0.00470   0.22629   0.05937   0.03928   0.17236   0.18971   1.65083   0.09005   0.09044  