

TREE # 1

  0  0.0000   5593.663314  x:  0.10602   0.00380   0.09679   0.05092   0.01887   0.03197   0.01360   0.02122   0.00000   0.11176   0.08733   0.00934   0.13452   0.12956   0.01686   0.03613   0.02293   0.13549   0.08602   0.06737   0.11870   0.25323   0.20204   0.22670   0.20444   0.16564  
  1 99.0000   5415.483471  x:  0.11108   0.02568   0.09450   0.03990   0.00236   0.01632   0.00038   0.00000   0.05870   0.12229   0.08164   0.07300   0.13983   0.13892   0.02239   0.03539   0.03323   0.13817   0.09029   0.07243   0.12136   0.25765   0.29667   0.16828   0.19600   0.15243  
  2 2457.7614   5413.020602  x:  0.11116   0.02604   0.09446   0.03971   0.00208   0.01606   0.00018   0.00002   0.05967   0.12246   0.08155   0.07405   0.13992   0.13908   0.02248   0.03538   0.03340   0.13821   0.09036   0.07251   0.12140   0.25772   0.29824   0.16731   0.19586   0.15221  
  3 108885.8793   5393.166275  x:  0.11180   0.02872   0.09416   0.03832   0.00021   0.01412   0.00161   0.00007   0.06685   0.12378   0.08083   0.08188   0.14058   0.14025   0.02316   0.03528   0.03466   0.13855   0.09090   0.07315   0.12173   0.25828   0.31005   0.15995   0.19480   0.15054  
  4 89890.2953   5281.346518  x:  0.11665   0.04813   0.09168   0.02765   0.01686   0.00000   0.01017   0.00038   0.11876   0.13370   0.07530   0.13917   0.14548   0.14901   0.02820   0.03447   0.04361   0.14104   0.09493   0.07800   0.12432   0.26254   0.39915   0.10312   0.18677   0.13769  
  5 46774.3441   5198.945129  x:  0.12216   0.06880   0.08863   0.01560   0.03397   0.02024   0.01916   0.00070   0.17435   0.14474   0.06906   0.20106   0.15087   0.15870   0.03358   0.03342   0.05286   0.14379   0.09944   0.08351   0.12729   0.26745   0.49822   0.03780   0.17775   0.12290  
  6 40960.0092   5148.076083  x:  0.13233   0.05481   0.07127   0.00000   0.03166   0.01894   0.01781   0.00065   0.14806   0.15310   0.06023   0.18552   0.15459   0.16200   0.02966   0.02623   0.03634   0.14601   0.10238   0.09368   0.13678   0.28063   0.55544   0.03225   0.16949   0.09291  
  7 857.6374   5081.709050  x:  0.15491   0.02423   0.03299   0.00323   0.02676   0.01619   0.01496   0.00055   0.09035   0.17170   0.04070   0.15173   0.16285   0.16949   0.02122   0.01068   0.00000   0.15093   0.10892   0.11626   0.15780   0.30992   0.68334   0.02147   0.15111   0.02609  
  8 17764.0978   5064.969156  x:  0.16039   0.01938   0.02501   0.00328   0.02633   0.01647   0.01466   0.00053   0.07727   0.17625   0.03656   0.14496   0.16491   0.17172   0.02057   0.01008   0.00107   0.15226   0.11067   0.12174   0.16284   0.31715   0.71614   0.02900   0.14644   0.01103  
  9 5990.1532   5024.280803  x:  0.17357   0.01680   0.01498   0.00387   0.02400   0.01580   0.01323   0.00048   0.03599   0.18629   0.03093   0.12213   0.16934   0.17819   0.02371   0.02396   0.00000   0.15558   0.11485   0.13492   0.17513   0.33564   0.79431   0.03483   0.13460   0.02228  
 10 2253.5527   5003.843754  x:  0.18224   0.01886   0.01673   0.00470   0.02162   0.01444   0.01185   0.00043   0.00303   0.19214   0.03112   0.10162   0.17204   0.18219   0.02380   0.02756   0.01087   0.15783   0.11754   0.14359   0.18333   0.34848   0.84470   0.02928   0.12648   0.02533  
 11 6133.5238   4997.727937  x:  0.18395   0.02022   0.02170   0.00470   0.02139   0.01441   0.01170   0.00042   0.00000   0.19280   0.03569   0.09546   0.17257   0.18314   0.02338   0.02634   0.00940   0.15817   0.11773   0.14530   0.18503   0.35161   0.85590   0.03087   0.12437   0.02580  
 12 1358.5646   4976.919804  x:  0.19620   0.01919   0.03400   0.00518   0.01980   0.01376   0.01076   0.00039   0.01089   0.19681   0.05948   0.02838   0.17532   0.18786   0.02085   0.02506   0.01292   0.16014   0.11829   0.15755   0.19774   0.37540   0.91950   0.03269   0.10890   0.03199  
 13 1776.9289   4974.904003  x:  0.19215   0.01941   0.04261   0.00510   0.01953   0.01356   0.01060   0.00038   0.01212   0.18519   0.05146   0.02055   0.17843   0.19271   0.02760   0.03148   0.01116   0.15566   0.11210   0.15350   0.19607   0.38527   0.92517   0.03197   0.09630   0.02806  
 14 157.0524   4971.916584  x:  0.18365   0.01787   0.04657   0.00513   0.01945   0.01361   0.01056   0.00038   0.01344   0.16290   0.04143   0.01485   0.18525   0.20268   0.02067   0.02563   0.01194   0.14722   0.10173   0.14500   0.19269   0.40604   0.93339   0.03392   0.06836   0.03194  
 15 302.4225   4969.650117  x:  0.17610   0.01273   0.04321   0.00520   0.01924   0.01341   0.01045   0.00038   0.01174   0.14649   0.05065   0.01495   0.19127   0.21040   0.02055   0.02853   0.01350   0.14131   0.09640   0.13745   0.19030   0.42698   0.93656   0.03259   0.03982   0.03157  
 16 324.8061   4969.016797  x:  0.17355   0.01709   0.04267   0.00519   0.01933   0.01350   0.01050   0.00038   0.01196   0.14895   0.04948   0.01488   0.19295   0.21130   0.02300   0.02678   0.01261   0.14284   0.10163   0.13490   0.19079   0.44063   0.93453   0.03291   0.02897   0.03129  
 17 89.8842   4968.312608  x:  0.16897   0.01205   0.04814   0.00520   0.01942   0.01353   0.01055   0.00038   0.01302   0.15410   0.04747   0.01771   0.19493   0.21260   0.01959   0.02944   0.01299   0.14506   0.10713   0.13032   0.19160   0.46633   0.93264   0.03265   0.02609   0.03129  
 18 93.8200   4967.320028  x:  0.15829   0.01418   0.04645   0.00520   0.01960   0.01366   0.01064   0.00038   0.01309   0.15583   0.04865   0.02044   0.19655   0.21475   0.02439   0.02616   0.01302   0.14532   0.10603   0.11964   0.19063   0.51262   0.93233   0.03262   0.03727   0.03176  
 19 121.9467   4967.157054  x:  0.15687   0.01765   0.04553   0.00519   0.01963   0.01368   0.01066   0.00038   0.01300   0.15599   0.04900   0.02054   0.19510   0.21379   0.02158   0.02850   0.01230   0.14524   0.10458   0.11822   0.19032   0.51935   0.93226   0.03249   0.03863   0.03061  
 20 68.6960   4966.798271  x:  0.15764   0.01705   0.04623   0.00520   0.01964   0.01369   0.01066   0.00038   0.01307   0.15681   0.04839   0.02305   0.18054   0.20282   0.02256   0.02769   0.01259   0.14439   0.09711   0.11899   0.18918   0.52792   0.93415   0.03266   0.03586   0.03120  
 21 20.4276   4966.247850  x:  0.15800   0.01693   0.04632   0.00521   0.01950   0.01361   0.01058   0.00038   0.01328   0.14491   0.04796   0.02411   0.16995   0.19379   0.02246   0.02791   0.01245   0.14220   0.10832   0.11936   0.18341   0.52881   0.94020   0.03291   0.03758   0.03135  
 22 16.1633   4954.576297  x:  0.16861   0.02187   0.05340   0.00560   0.01661   0.01236   0.00882   0.00032   0.01594   0.14012   0.04671   0.03354   0.19192   0.19167   0.02445   0.02814   0.01213   0.12337   0.09986   0.12996   0.09154   0.44785   1.02261   0.03645   0.03348   0.03297  
 23 15.3302   4946.210568  x:  0.16325   0.02830   0.05986   0.00592   0.01465   0.01162   0.00761   0.00027   0.01972   0.10858   0.04431   0.04864   0.18596   0.22092   0.02771   0.02794   0.01135   0.14590   0.08761   0.12461   0.13725   0.37126   1.08333   0.03884   0.03287   0.03307  
 24 106.0177   4943.963525  x:  0.13899   0.02793   0.06083   0.00597   0.01382   0.01123   0.00711   0.00025   0.01966   0.11744   0.04457   0.04775   0.17358   0.22952   0.02758   0.02794   0.01153   0.12542   0.09171   0.10034   0.15338   0.34248   1.10501   0.03975   0.03132   0.03338  
 25 106.0724   4943.890029  x:  0.13532   0.02741   0.06075   0.00598   0.01375   0.01120   0.00708   0.00025   0.01953   0.11741   0.04461   0.04712   0.17520   0.22578   0.02746   0.02796   0.01159   0.13008   0.09113   0.09668   0.15272   0.34083   1.10706   0.03983   0.03100   0.03355  
 26 10.4325   4943.619391  x:  0.13465   0.02778   0.06120   0.00601   0.01373   0.01122   0.00706   0.00025   0.01974   0.11666   0.04460   0.04791   0.18599   0.21185   0.02751   0.02808   0.01178   0.12559   0.09051   0.09600   0.15983   0.34137   1.11053   0.03991   0.03110   0.03399  
 27  5.9670   4915.753808  x:  0.15113   0.02852   0.06420   0.00704   0.00483   0.00768   0.00161   0.00005   0.02102   0.16076   0.05942   0.05144   0.17329   0.20177   0.02757   0.02851   0.01448   0.14795   0.10055   0.11250   0.18200   0.43272   1.41107   0.04103   0.03950   0.03612  
 28  4.2526   4900.843633  x:  0.15745   0.02541   0.05867   0.01027   0.01699   0.01475   0.00838   0.00029   0.01613   0.18342   0.07489   0.05402   0.15725   0.20855   0.02572   0.03634   0.01928   0.15185   0.11060   0.11888   0.20093   0.54850   1.64529   0.04702   0.04306   0.03999  
 29  0.1156   4882.091874  x:  0.16065   0.01536   0.04403   0.01487   0.01478   0.01491   0.00664   0.00022   0.00000   0.15045   0.06924   0.05935   0.19037   0.22462   0.02691   0.03967   0.02689   0.11944   0.10169   0.12216   0.16925   0.41361   2.30591   0.05011   0.04073   0.03971  
 30  0.2042   4878.678612  x:  0.15891   0.01664   0.05501   0.01577   0.01412   0.01472   0.00622   0.00021   0.00177   0.16542   0.05985   0.06006   0.17019   0.21658   0.02772   0.03792   0.02648   0.14958   0.10058   0.12043   0.19116   0.47511   2.43635   0.04953   0.04171   0.03884  
 31  0.0950   4877.897265  x:  0.15808   0.01590   0.05536   0.01667   0.01334   0.01436   0.00577   0.00019   0.00000   0.16241   0.05829   0.05882   0.17236   0.22094   0.02754   0.03644   0.02718   0.14525   0.10175   0.11961   0.19502   0.47928   2.54986   0.04886   0.04138   0.03817  
 32  0.0987   4877.897265  x:  0.15808   0.01590   0.05536   0.01667   0.01334   0.01436   0.00577   0.00019   0.00000   0.16241   0.05829   0.05882   0.17236   0.22094   0.02754   0.03644   0.02718   0.14525   0.10175   0.11961   0.19502   0.47928   2.54986   0.04886   0.04138   0.03817  
 33  0.1047   4873.795499  x:  0.15808   0.01590   0.05536   0.01676   0.01325   0.01432   0.00581   0.00431   0.00003   0.16241   0.05830   0.05881   0.17236   0.22094   0.02753   0.03643   0.02716   0.14525   0.10175   0.11961   0.19502   0.47928   2.54986   0.04882   0.04138   0.03817  
 34 8867.9004   4872.134048  x:  0.15816   0.01587   0.05548   0.02313   0.00712   0.01120   0.00698   0.00431   0.00160   0.16240   0.05901   0.05839   0.17247   0.22091   0.02736   0.03574   0.02617   0.14493   0.10172   0.11969   0.19505   0.47922   2.54994   0.04638   0.04136   0.03789  
 35 315.2258   4871.964511  x:  0.15831   0.01594   0.05548   0.02539   0.00688   0.01158   0.00547   0.00432   0.00023   0.16237   0.05901   0.05794   0.17266   0.22088   0.02733   0.03514   0.02519   0.14462   0.10170   0.11984   0.19516   0.47924   2.55002   0.04728   0.04130   0.03767  
 36 102.8412   4871.937522  x:  0.15833   0.01597   0.05548   0.02567   0.00697   0.01167   0.00562   0.00431   0.00000   0.16237   0.05900   0.05786   0.17270   0.22088   0.02733   0.03504   0.02501   0.14456   0.10170   0.11986   0.19518   0.47924   2.55003   0.04734   0.04128   0.03763  
 37 111.0391   4871.909616  x:  0.15852   0.01641   0.05561   0.02583   0.00731   0.01156   0.00554   0.00431   0.00000   0.16249   0.05912   0.05732   0.17309   0.22087   0.02746   0.03459   0.02383   0.14406   0.10167   0.12006   0.19532   0.47920   2.55020   0.04643   0.04095   0.03758  
 38 35.8355   4871.874777  x:  0.15893   0.01752   0.05587   0.02530   0.00676   0.01117   0.00580   0.00431   0.00000   0.16278   0.05935   0.05639   0.17393   0.22087   0.02780   0.03400   0.02194   0.14312   0.10166   0.12046   0.19560   0.47918   2.55053   0.04652   0.04029   0.03765  
 39 50.7215   4871.855402  x:  0.15937   0.01941   0.05620   0.02541   0.00690   0.01137   0.00571   0.00431   0.00000   0.16317   0.05983   0.05577   0.17499   0.22093   0.02804   0.03430   0.02149   0.14225   0.10183   0.12090   0.19586   0.47918   2.55101   0.04661   0.03964   0.03806  
 40 20.8883   4871.848775  x:  0.15970   0.01938   0.05579   0.02527   0.00702   0.01141   0.00558   0.00431   0.00000   0.16343   0.05965   0.05552   0.17597   0.22097   0.02754   0.03448   0.02103   0.14170   0.10203   0.12123   0.19598   0.47921   2.55161   0.04677   0.03959   0.03782  
 41  8.2919   4871.847428  x:  0.15982   0.01934   0.05569   0.02525   0.00691   0.01161   0.00559   0.00431   0.00000   0.16348   0.05951   0.05549   0.17632   0.22101   0.02757   0.03451   0.02107   0.14157   0.10210   0.12135   0.19601   0.47923   2.55191   0.04670   0.03967   0.03781  
 42  7.6975   4871.843836  x:  0.16020   0.01925   0.05543   0.02533   0.00694   0.01142   0.00562   0.00431   0.00000   0.16359   0.05911   0.05540   0.17743   0.22116   0.02780   0.03455   0.02142   0.14126   0.10231   0.12173   0.19610   0.47930   2.55303   0.04663   0.04003   0.03787  
 43 13.2141   4871.840898  x:  0.16054   0.01903   0.05556   0.02531   0.00693   0.01142   0.00564   0.00431   0.00000   0.16361   0.05965   0.05542   0.17824   0.22136   0.02755   0.03427   0.02169   0.14135   0.10229   0.12207   0.19612   0.47941   2.55467   0.04660   0.04028   0.03794  
 44  6.2585   4871.837136  x:  0.16087   0.01868   0.05575   0.02533   0.00696   0.01145   0.00564   0.00431   0.00000   0.16352   0.06006   0.05532   0.17873   0.22162   0.02791   0.03464   0.02157   0.14175   0.10208   0.12240   0.19608   0.47959   2.55752   0.04662   0.04030   0.03778  
 45  9.0735   4871.817438  x:  0.16205   0.01888   0.05631   0.02537   0.00692   0.01142   0.00564   0.00431   0.00000   0.16283   0.05909   0.05465   0.17948   0.22285   0.02737   0.03481   0.02155   0.14387   0.10103   0.12358   0.19565   0.48065   2.57420   0.04657   0.03950   0.03766  
 46 20.7546   4871.786344  x:  0.16257   0.01886   0.05482   0.02534   0.00700   0.01151   0.00556   0.00431   0.00000   0.16276   0.05926   0.05483   0.17870   0.22395   0.02812   0.03393   0.02119   0.14399   0.10144   0.12410   0.19480   0.48232   2.60189   0.04669   0.03930   0.03899  
 47 39.7612   4871.750611  x:  0.16269   0.01972   0.05417   0.02527   0.00697   0.01149   0.00559   0.00431   0.00000   0.16308   0.05965   0.05530   0.17750   0.22444   0.02840   0.03356   0.02142   0.14286   0.10238   0.12423   0.19407   0.48416   2.63366   0.04672   0.03990   0.03733  
 48 127.6649   4871.731588  x:  0.16244   0.01969   0.05502   0.02541   0.00693   0.01141   0.00567   0.00431   0.00000   0.16348   0.05953   0.05575   0.17688   0.22421   0.02761   0.03469   0.02101   0.14157   0.10269   0.12397   0.19413   0.48508   2.65089   0.04670   0.04084   0.03783  
 49 77.7750   4871.724742  x:  0.16174   0.01915   0.05583   0.02537   0.00697   0.01147   0.00562   0.00431   0.00000   0.16376   0.05927   0.05540   0.17713   0.22293   0.02792   0.03424   0.02137   0.14104   0.10207   0.12327   0.19528   0.48519   2.65715   0.04680   0.04067   0.03797  
 50 13.0327   4871.721381  x:  0.16116   0.01909   0.05538   0.02546   0.00694   0.01143   0.00567   0.00431   0.00000   0.16374   0.05944   0.05528   0.17750   0.22197   0.02774   0.03451   0.02155   0.14123   0.10202   0.12269   0.19649   0.48510   2.66024   0.04675   0.04017   0.03803  
 51  9.2370   4871.720225  x:  0.16092   0.01927   0.05540   0.02544   0.00695   0.01145   0.00566   0.00431   0.00000   0.16359   0.05938   0.05560   0.17769   0.22175   0.02780   0.03443   0.02131   0.14163   0.10228   0.12245   0.19730   0.48496   2.66130   0.04676   0.04041   0.03803  
 52  3.7572   4871.719927  x:  0.16090   0.01932   0.05530   0.02542   0.00694   0.01145   0.00565   0.00431   0.00000   0.16354   0.05941   0.05545   0.17756   0.22200   0.02779   0.03444   0.02134   0.14160   0.10216   0.12243   0.19779   0.48480   2.66154   0.04675   0.04062   0.03802  
 53  1.0177   4871.719768  x:  0.16089   0.01924   0.05535   0.02544   0.00694   0.01145   0.00566   0.00431   0.00000   0.16358   0.05939   0.05554   0.17751   0.22228   0.02779   0.03444   0.02137   0.14152   0.10220   0.12242   0.19807   0.48465   2.66164   0.04676   0.04047   0.03799  
 54  0.7378   4871.719523  x:  0.16076   0.01919   0.05542   0.02544   0.00694   0.01145   0.00566   0.00431   0.00000   0.16368   0.05939   0.05531   0.17755   0.22245   0.02778   0.03444   0.02140   0.14160   0.10241   0.12229   0.19801   0.48424   2.66170   0.04677   0.04046   0.03799  
 55  0.2249   4871.718471  x:  0.16044   0.01930   0.05534   0.02550   0.00695   0.01146   0.00567   0.00431   0.00000   0.16368   0.05936   0.05543   0.17784   0.22273   0.02778   0.03443   0.02131   0.14157   0.10207   0.12197   0.19755   0.48259   2.66185   0.04684   0.04052   0.03796  
 56  0.9481   4871.716050  x:  0.16117   0.01919   0.05539   0.02557   0.00696   0.01147   0.00569   0.00431   0.00000   0.16308   0.05935   0.05547   0.17749   0.22203   0.02778   0.03440   0.02135   0.14138   0.10227   0.12270   0.19733   0.47998   2.66201   0.04691   0.04046   0.03799  
 57  1.2710   4871.713277  x:  0.16166   0.01924   0.05525   0.02572   0.00697   0.01150   0.00573   0.00431   0.00000   0.16435   0.05925   0.05563   0.17717   0.22163   0.02779   0.03434   0.02126   0.14177   0.10210   0.12319   0.19741   0.47936   2.66198   0.04692   0.04059   0.03799  
 58  0.8771   4871.677468  x:  0.16120   0.01940   0.05521   0.02721   0.00714   0.01174   0.00615   0.00431   0.00000   0.16302   0.05868   0.05496   0.17767   0.22244   0.02779   0.03386   0.02049   0.14125   0.10220   0.12274   0.19797   0.48457   2.66069   0.04707   0.04059   0.03777  
 59  0.6194   4871.676588  x:  0.16122   0.01938   0.05520   0.02705   0.00721   0.01177   0.00625   0.00430   0.00000   0.16305   0.05870   0.05501   0.17766   0.22239   0.02779   0.03393   0.02063   0.14132   0.10219   0.12276   0.19789   0.48434   2.66096   0.04708   0.04062   0.03780  
 60  0.0004   4871.676383  x:  0.16121   0.01944   0.05521   0.02702   0.00719   0.01175   0.00628   0.00427   0.00000   0.16303   0.05871   0.05496   0.17768   0.22236   0.02779   0.03388   0.02048   0.14125   0.10221   0.12274   0.19791   0.48441   2.66060   0.04707   0.04063   0.03779  
 61  0.0001   4871.676001  x:  0.16123   0.01937   0.05520   0.02705   0.00719   0.01176   0.00626   0.00420   0.00000   0.16304   0.05870   0.05500   0.17766   0.22240   0.02778   0.03392   0.02062   0.14131   0.10219   0.12273   0.19791   0.48439   2.66082   0.04708   0.04062   0.03779  
 62  0.0001   4871.675995  x:  0.16124   0.01939   0.05520   0.02705   0.00720   0.01176   0.00626   0.00420   0.00000   0.16305   0.05870   0.05500   0.17766   0.22239   0.02779   0.03392   0.02060   0.14131   0.10219   0.12274   0.19790   0.48436   2.66091   0.04708   0.04062   0.03780  
 63  0.0001   4871.675995  x:  0.16124   0.01939   0.05520   0.02705   0.00720   0.01176   0.00626   0.00420   0.00000   0.16305   0.05870   0.05500   0.17766   0.22239   0.02779   0.03392   0.02060   0.14131   0.10219   0.12274   0.19790   0.48437   2.66091   0.04708   0.04062   0.03780  