

TREE # 1

  0  0.0000   3822.780467  x:  0.09854   0.04832   0.04206   0.03258   0.05020   0.03569   0.04337   0.05754   0.00071   0.03828   0.04373   0.02017   0.08765   0.06569   0.05437   0.05299   0.00000   0.10488   0.05259   0.00306   0.08585   0.11952   2.00000   0.20000  
  1 99.0000   3788.739200  x:  0.09812   0.03317   0.03405   0.02148   0.01863   0.01227   0.01196   0.02378   0.04480   0.06746   0.02810   0.01950   0.08610   0.05771   0.03518   0.03089   0.12668   0.13764   0.06289   0.00265   0.11103   0.13397   1.99976   0.17038  
  2 1773.5625   3768.383943  x:  0.09742   0.02546   0.03454   0.01955   0.00539   0.01057   0.00118   0.00736   0.03385   0.07146   0.02261   0.01920   0.08547   0.05514   0.02956   0.02263   0.12588   0.14862   0.06217   0.00194   0.11917   0.13972   1.99961   0.15505  
  3 888.5552   3763.923959  x:  0.09720   0.02286   0.03467   0.01896   0.00171   0.01038   0.00317   0.00217   0.03022   0.07293   0.02083   0.01913   0.08526   0.05427   0.02775   0.01993   0.12616   0.15249   0.06194   0.00173   0.12204   0.14175   1.99955   0.14964  
  4 3099.6938   3760.415817  x:  0.09702   0.02018   0.03481   0.01851   0.00396   0.01071   0.00361   0.00040   0.02634   0.07454   0.01919   0.01909   0.08503   0.05338   0.02608   0.01739   0.12687   0.15672   0.06167   0.00154   0.12515   0.14398   1.99948   0.14368  
  5 1481.7297   3748.480613  x:  0.09619   0.00844   0.03540   0.01645   0.00764   0.01176   0.00552   0.00244   0.00926   0.08164   0.01196   0.01891   0.08404   0.04947   0.01873   0.00624   0.12985   0.17529   0.06050   0.00072   0.13884   0.15375   1.99917   0.11756  
  6 8349.6230   3743.045929  x:  0.09626   0.00631   0.03567   0.01663   0.00801   0.01223   0.00575   0.00264   0.00128   0.08493   0.01278   0.01942   0.08362   0.04829   0.01988   0.01181   0.13221   0.18442   0.05962   0.00079   0.14549   0.15870   1.99895   0.10506  
  7 1158.6820   3738.490891  x:  0.09692   0.00777   0.03691   0.01842   0.00839   0.01433   0.00602   0.00289   0.00745   0.08900   0.01742   0.02080   0.08302   0.04697   0.02362   0.01498   0.12676   0.20128   0.05656   0.00145   0.15759   0.16828   1.99839   0.08281  
  8 745.9439   3736.487930  x:  0.09877   0.01876   0.03572   0.01987   0.00889   0.01071   0.00637   0.00300   0.00495   0.09051   0.01943   0.02299   0.08328   0.04918   0.02814   0.01079   0.12538   0.21596   0.05296   0.00330   0.16770   0.17719   1.99729   0.08343  
  9 254.4451   3734.822965  x:  0.09934   0.01831   0.03198   0.01965   0.00883   0.01616   0.00633   0.00310   0.00631   0.09068   0.01675   0.02462   0.08385   0.05259   0.02980   0.01269   0.12297   0.23427   0.04756   0.00387   0.17955   0.18801   1.99542   0.09305  
 10 250.9852   3734.425947  x:  0.09888   0.01538   0.03085   0.01951   0.00932   0.01236   0.00664   0.00322   0.00704   0.08946   0.01867   0.02455   0.08413   0.05334   0.02907   0.01365   0.12171   0.23921   0.04571   0.00341   0.18207   0.19066   1.99451   0.09583  
 11 150.5370   3734.357839  x:  0.09806   0.01546   0.03111   0.02043   0.00920   0.01314   0.00658   0.00319   0.00676   0.08598   0.02014   0.02412   0.08457   0.05318   0.02828   0.01328   0.12254   0.24128   0.04501   0.00258   0.18118   0.19106   1.99287   0.09584  
 12 28.5660   3734.310924  x:  0.09742   0.01587   0.03124   0.02006   0.00926   0.01272   0.00662   0.00320   0.00689   0.08282   0.01898   0.02388   0.08491   0.05303   0.02848   0.01360   0.12287   0.24308   0.04459   0.00195   0.17993   0.19127   1.99089   0.09540  
 13 43.5594   3734.285928  x:  0.09758   0.01550   0.03110   0.01902   0.00924   0.01291   0.00660   0.00319   0.00681   0.08253   0.01941   0.02441   0.08493   0.05313   0.02935   0.01323   0.12293   0.24452   0.04498   0.00211   0.17817   0.19121   1.98766   0.09532  
 14 15.9070   3734.212678  x:  0.09861   0.01489   0.03083   0.02059   0.00921   0.01270   0.00659   0.00318   0.00683   0.08343   0.01899   0.02534   0.08474   0.05336   0.02975   0.01312   0.12271   0.24884   0.04587   0.00314   0.17256   0.19092   1.97581   0.09522  
 15 49.5231   3734.149461  x:  0.09942   0.01578   0.03053   0.01966   0.00925   0.01279   0.00661   0.00320   0.00689   0.08471   0.01913   0.02431   0.08452   0.05314   0.02794   0.01366   0.12235   0.25156   0.04521   0.00395   0.16901   0.19057   1.96430   0.09510  
 16 69.5488   3733.977987  x:  0.09893   0.01526   0.03267   0.01979   0.00919   0.01283   0.00658   0.00317   0.00679   0.08680   0.01888   0.02217   0.08462   0.05247   0.02991   0.01310   0.12265   0.25295   0.04035   0.00346   0.16740   0.18892   1.92797   0.09496  
 17 53.2580   3733.203507  x:  0.09547   0.01645   0.03065   0.01949   0.00918   0.01283   0.00658   0.00315   0.00669   0.08825   0.01859   0.02975   0.08601   0.05524   0.02752   0.01346   0.12184   0.25289   0.03642   0.00000   0.17204   0.18232   1.74023   0.09173  
 18 216.5845   3732.647542  x:  0.09697   0.01597   0.02796   0.02013   0.00913   0.01294   0.00657   0.00313   0.00660   0.08640   0.01885   0.02500   0.08602   0.05332   0.02900   0.01313   0.12086   0.25221   0.04198   0.00150   0.17732   0.18116   1.61914   0.09055  
 19 555.7373   3732.553291  x:  0.09814   0.01568   0.03148   0.01970   0.00915   0.01285   0.00658   0.00313   0.00668   0.08566   0.01883   0.02509   0.08579   0.05338   0.02837   0.01343   0.12083   0.25172   0.04359   0.00268   0.17824   0.18266   1.59772   0.09076  
 20 176.4488   3732.507275  x:  0.09817   0.01544   0.03096   0.01974   0.00911   0.01289   0.00655   0.00312   0.00662   0.08539   0.01880   0.02506   0.08498   0.05442   0.02841   0.01329   0.12110   0.24894   0.04290   0.00271   0.17662   0.18894   1.58792   0.09013  
 21 20.6657   3732.499993  x:  0.09752   0.01562   0.03109   0.01973   0.00913   0.01286   0.00656   0.00312   0.00664   0.08579   0.01880   0.02526   0.08542   0.05330   0.02839   0.01336   0.12098   0.24869   0.04325   0.00205   0.17630   0.19009   1.58676   0.09035  
 22  7.5478   3732.486777  x:  0.09665   0.01577   0.03149   0.01969   0.00913   0.01285   0.00657   0.00312   0.00664   0.08636   0.01879   0.02446   0.08656   0.05456   0.02841   0.01337   0.12080   0.24880   0.04405   0.00119   0.17615   0.19046   1.58661   0.09029  
 23  1.5572   3729.406279  x:  0.10970   0.01196   0.02701   0.01976   0.00763   0.01310   0.00583   0.00289   0.00539   0.08511   0.01829   0.02738   0.12646   0.05036   0.02729   0.01358   0.09891   0.25167   0.03954   0.01431   0.18472   0.19880   1.62862   0.08347  
 24  1.0082   3713.814349  x:  0.09977   0.01185   0.02962   0.01940   0.00303   0.01321   0.00369   0.00240   0.00161   0.09079   0.01788   0.02415   0.09996   0.04518   0.02565   0.01583   0.01328   0.28105   0.05612   0.00469   0.21844   0.22105   1.78545   0.07114  
 25 117.1790   3711.352446  x:  0.09822   0.01428   0.02973   0.01954   0.00366   0.01316   0.00416   0.00261   0.00196   0.08953   0.01820   0.02435   0.09713   0.04581   0.02605   0.01688   0.00244   0.27599   0.05858   0.00319   0.21667   0.21969   1.78664   0.07395  
 26  0.0792   3706.825635  x:  0.09500   0.01903   0.03080   0.02014   0.00549   0.01347   0.00536   0.00307   0.00256   0.08357   0.01935   0.02449   0.08851   0.04858   0.02768   0.01801   0.00628   0.25787   0.06043   0.00000   0.20356   0.21106   1.76119   0.08150  
 27  0.1751   3706.812338  x:  0.09844   0.01911   0.03082   0.02016   0.00552   0.01348   0.00538   0.00307   0.00257   0.08345   0.01938   0.02450   0.08839   0.04864   0.02771   0.01802   0.00632   0.25750   0.06046   0.00000   0.20327   0.21087   1.76038   0.08163  
 28  1.1417   3704.510429  x:  0.09645   0.02170   0.03090   0.02111   0.00597   0.01427   0.00600   0.00328   0.00171   0.07487   0.02090   0.02637   0.08660   0.05277   0.02973   0.01800   0.00333   0.22698   0.06083   0.00000   0.17667   0.19345   1.65359   0.08858  
 29  0.5576   3704.377028  x:  0.09648   0.02123   0.03108   0.02092   0.00603   0.01419   0.00609   0.00333   0.00275   0.07531   0.02040   0.02616   0.08606   0.05268   0.02942   0.01838   0.00415   0.22561   0.06002   0.00000   0.17311   0.19078   1.64404   0.08952  
 30  0.0232   3704.345067  x:  0.09619   0.02174   0.03137   0.02076   0.00615   0.01426   0.00626   0.00340   0.00248   0.07614   0.02013   0.02570   0.08559   0.05228   0.02902   0.01817   0.00489   0.22655   0.05913   0.00000   0.17176   0.18938   1.64709   0.08995  
 31  0.0045   3704.335331  x:  0.09570   0.02184   0.03149   0.02067   0.00622   0.01425   0.00651   0.00354   0.00245   0.07579   0.01990   0.02562   0.08547   0.05229   0.02868   0.01796   0.00466   0.22587   0.05953   0.00000   0.17273   0.18971   1.65615   0.09043  
 32  0.0041   3704.335263  x:  0.09570   0.02184   0.03149   0.02067   0.00622   0.01425   0.00651   0.00354   0.00245   0.07579   0.01990   0.02562   0.08547   0.05229   0.02868   0.01796   0.00466   0.22587   0.05953   0.00024   0.17273   0.18971   1.65622   0.09043  
 33  0.5866   3704.329053  x:  0.09577   0.02169   0.03127   0.02074   0.00614   0.01427   0.00667   0.00369   0.00246   0.07598   0.01996   0.02592   0.08603   0.05249   0.02886   0.01766   0.00463   0.22652   0.05931   0.00037   0.17233   0.18969   1.64761   0.09020  
 34  0.0039   3704.326053  x:  0.09562   0.02168   0.03135   0.02077   0.00597   0.01429   0.00667   0.00379   0.00249   0.07593   0.02002   0.02573   0.08526   0.05236   0.02896   0.01760   0.00468   0.22640   0.05941   0.00047   0.17229   0.18981   1.64915   0.09002  
 35  0.0011   3704.324676  x:  0.09557   0.02173   0.03137   0.02075   0.00588   0.01426   0.00662   0.00386   0.00249   0.07591   0.02002   0.02571   0.08580   0.05229   0.02889   0.01771   0.00474   0.22616   0.05938   0.00050   0.17237   0.18973   1.65200   0.09007  
 36  0.0019   3704.323876  x:  0.09558   0.02173   0.03136   0.02073   0.00590   0.01423   0.00657   0.00392   0.00248   0.07597   0.02000   0.02578   0.08559   0.05238   0.02884   0.01786   0.00469   0.22636   0.05932   0.00052   0.17235   0.18958   1.65085   0.09015  
 37  0.0006   3704.323646  x:  0.09554   0.02169   0.03137   0.02075   0.00594   0.01425   0.00654   0.00395   0.00247   0.07591   0.02001   0.02572   0.08564   0.05235   0.02890   0.01786   0.00470   0.22625   0.05940   0.00053   0.17236   0.18976   1.65040   0.09011  
 38  0.0003   3704.323556  x:  0.09555   0.02171   0.03136   0.02074   0.00595   0.01426   0.00651   0.00396   0.00248   0.07595   0.02000   0.02576   0.08563   0.05234   0.02888   0.01781   0.00470   0.22632   0.05938   0.00053   0.17236   0.18972   1.65100   0.09011  
 39  0.0003   3704.323550  x:  0.09555   0.02171   0.03136   0.02074   0.00595   0.01425   0.00651   0.00396   0.00248   0.07593   0.02000   0.02575   0.08563   0.05235   0.02888   0.01780   0.00470   0.22629   0.05937   0.00053   0.17235   0.18970   1.65078   0.09011  
 40  0.0002   3704.323549  x:  0.09555   0.02171   0.03136   0.02074   0.00595   0.01425   0.00651   0.00396   0.00248   0.07594   0.02000   0.02575   0.08563   0.05235   0.02888   0.01780   0.00470   0.22629   0.05937   0.00053   0.17235   0.18970   1.65079   0.09011  
 41  0.0000   3704.323549  x:  0.09555   0.02171   0.03136   0.02074   0.00595   0.01425   0.00651   0.00396   0.00248   0.07594   0.02000   0.02575   0.08563   0.05235   0.02888   0.01780   0.00470   0.22629   0.05937   0.00053   0.17235   0.18970   1.65079   0.09011  
 42  0.0000   3704.323549  x:  0.09555   0.02171   0.03136   0.02074   0.00595   0.01425   0.00651   0.00396   0.00248   0.07594   0.02000   0.02575   0.08563   0.05235   0.02888   0.01780   0.00470   0.22629   0.05937   0.00053   0.17235   0.18970   1.65079   0.09011  