

TREE # 1

  0  0.0000   3979.646063  x:  0.00171   0.03053   0.03033   0.04620   0.02659   0.02797   0.01086   0.00852   0.00771   0.05358   0.02889   0.02445   0.06147   0.06147   0.02252   0.03403   0.00000   0.15117   0.07752   0.09034   0.12857   0.16144   0.16357   0.16829   0.16921   0.18129  
  1 99.0000   3940.375463  x:  0.00293   0.02914   0.03062   0.04050   0.01827   0.02174   0.00699   0.00069   0.00000   0.05754   0.02777   0.02430   0.06580   0.05916   0.02566   0.03054   0.01141   0.15626   0.07698   0.09156   0.13164   0.16319   0.19354   0.15369   0.16842   0.17911  
  2 1311.2730   3937.816813  x:  0.00303   0.02902   0.03065   0.04003   0.01758   0.02123   0.00668   0.00013   0.00017   0.05787   0.02768   0.02428   0.06615   0.05897   0.02592   0.03025   0.01233   0.15669   0.07693   0.09166   0.13190   0.16333   0.19602   0.15248   0.16835   0.17892  
  3 21921.8898   3889.665864  x:  0.00516   0.02651   0.03122   0.02997   0.00292   0.01035   0.00041   0.00294   0.00189   0.06483   0.02570   0.02399   0.07374   0.05491   0.03133   0.02409   0.03102   0.16567   0.07592   0.09379   0.13734   0.16643   0.24881   0.12655   0.16694   0.17505  
  4 27068.8779   3882.012041  x:  0.00555   0.02604   0.03135   0.02811   0.00053   0.00847   0.00206   0.00338   0.00217   0.06612   0.02532   0.02393   0.07514   0.05415   0.03230   0.02296   0.03427   0.16735   0.07571   0.09418   0.13836   0.16701   0.25863   0.12167   0.16667   0.17431  
  5 24028.2788   3851.277596  x:  0.00750   0.02351   0.03214   0.01872   0.00951   0.00097   0.00725   0.00542   0.00348   0.07260   0.02339   0.02357   0.08218   0.05033   0.03689   0.01728   0.04904   0.17605   0.07449   0.09613   0.14364   0.17004   0.30895   0.09604   0.16527   0.17044  
  6 10232.5169   3823.396550  x:  0.01006   0.01997   0.03353   0.00676   0.01823   0.01723   0.01293   0.00793   0.00510   0.08137   0.02055   0.02320   0.09161   0.04524   0.04256   0.01010   0.06695   0.18818   0.07257   0.09869   0.15105   0.17433   0.37845   0.06015   0.16326   0.16487  
  7 11470.4793   3806.519856  x:  0.01134   0.01750   0.03907   0.05352   0.02105   0.02163   0.01478   0.00830   0.00521   0.08582   0.01926   0.02375   0.09564   0.04587   0.03797   0.02675   0.05293   0.20194   0.06686   0.09997   0.15980   0.18045   0.44465   0.04617   0.16030   0.15635  
  8 1057.7166   3777.771934  x:  0.01187   0.01914   0.04018   0.06457   0.02244   0.02533   0.01546   0.00721   0.00432   0.08684   0.02520   0.02278   0.09642   0.04928   0.02210   0.02596   0.00000   0.22525   0.05601   0.10050   0.17495   0.19208   0.55142   0.09631   0.15420   0.13836  
  9 928.8417   3777.473821  x:  0.01156   0.01980   0.03977   0.06515   0.02266   0.02557   0.01561   0.00731   0.00438   0.08610   0.02523   0.02292   0.09573   0.04978   0.02171   0.02627   0.00136   0.22560   0.05603   0.10018   0.17514   0.19229   0.55306   0.09803   0.15394   0.13756  
 10 322.3175   3774.990995  x:  0.00488   0.03087   0.02987   0.06529   0.02299   0.02594   0.01583   0.00741   0.00443   0.07177   0.02229   0.02605   0.08321   0.05730   0.02396   0.02957   0.00062   0.22617   0.06015   0.09351   0.17453   0.19283   0.56416   0.09978   0.15023   0.12575  
 11 262.9043   3773.855714  x:  0.00122   0.02353   0.02765   0.06552   0.02292   0.02590   0.01579   0.00740   0.00443   0.06236   0.02776   0.02516   0.07336   0.05950   0.02113   0.02838   0.00080   0.22473   0.06090   0.08984   0.17295   0.19284   0.56827   0.09863   0.14621   0.11165  
 12 146.2662   3772.660234  x:  0.00177   0.02123   0.03364   0.06635   0.02308   0.02611   0.01590   0.00744   0.00445   0.06002   0.02671   0.02368   0.06692   0.05886   0.03038   0.02741   0.00101   0.22014   0.06022   0.09040   0.16961   0.19328   0.57016   0.10081   0.13677   0.07585  
 13 106.0444   3771.507764  x:  0.00253   0.02315   0.03465   0.06632   0.02301   0.02601   0.01585   0.00742   0.00444   0.06147   0.02520   0.02401   0.06594   0.05848   0.02685   0.02656   0.00093   0.21602   0.06031   0.09116   0.16672   0.19339   0.57044   0.10028   0.12816   0.04294  
 14 325.0231   3771.403490  x:  0.00230   0.02189   0.03252   0.06583   0.02306   0.02606   0.01588   0.00743   0.00445   0.06193   0.02636   0.02508   0.06822   0.05939   0.02795   0.02856   0.00096   0.21577   0.06049   0.09093   0.16661   0.19332   0.57035   0.10067   0.12601   0.03926  
 15 49.7582   3771.344173  x:  0.00244   0.02233   0.03220   0.06604   0.02304   0.02606   0.01587   0.00743   0.00445   0.06013   0.02664   0.02321   0.07052   0.06026   0.02815   0.02798   0.00099   0.21638   0.05920   0.09107   0.16714   0.19317   0.56995   0.10043   0.11904   0.03899  
 16 13.8296   3771.231389  x:  0.00266   0.02192   0.03297   0.06604   0.02301   0.02601   0.01585   0.00742   0.00444   0.06014   0.02611   0.02551   0.07086   0.06132   0.02792   0.02715   0.00098   0.21766   0.05897   0.09129   0.16816   0.19290   0.56939   0.10019   0.10285   0.03997  
 17 41.0708   3771.187466  x:  0.00265   0.02208   0.03228   0.06581   0.02300   0.02601   0.01585   0.00741   0.00443   0.06162   0.02640   0.02425   0.06977   0.06058   0.02792   0.02794   0.00097   0.21805   0.05959   0.09128   0.16838   0.19288   0.56930   0.10017   0.09647   0.04051  
 18 43.3780   3771.160205  x:  0.00211   0.02206   0.03294   0.06539   0.02300   0.02600   0.01584   0.00741   0.00443   0.06065   0.02602   0.02434   0.07048   0.05837   0.02756   0.02911   0.00096   0.21735   0.06038   0.09074   0.16749   0.19321   0.56971   0.10036   0.09517   0.04083  
 19  4.6248   3770.988898  x:  0.00115   0.02395   0.03298   0.06641   0.02303   0.02606   0.01586   0.00741   0.00443   0.06139   0.02934   0.02517   0.07181   0.05732   0.02823   0.02711   0.00094   0.21198   0.06101   0.08978   0.16238   0.19534   0.57200   0.10031   0.09355   0.04229  
 20  5.8304   3770.542536  x:  0.00160   0.02146   0.03001   0.06712   0.02302   0.02606   0.01586   0.00739   0.00441   0.06257   0.02504   0.02416   0.07309   0.05906   0.02805   0.02517   0.00108   0.20142   0.06073   0.09023   0.15336   0.19961   0.57695   0.10072   0.09150   0.04522  
 21 46.0942   3769.432380  x:  0.00737   0.02286   0.03524   0.06024   0.02258   0.02547   0.01557   0.00723   0.00429   0.06206   0.02661   0.02323   0.07178   0.06696   0.02487   0.03476   0.00114   0.19034   0.05687   0.09598   0.14707   0.20436   0.58536   0.09740   0.09074   0.04888  
 22 36.8518   3746.930190  x:  0.00416   0.02134   0.04316   0.02927   0.01652   0.01848   0.01148   0.00460   0.00254   0.07689   0.02076   0.01815   0.09292   0.06994   0.02202   0.02840   0.00144   0.19137   0.08565   0.09265   0.19188   0.21096   0.67616   0.05671   0.11325   0.06054  
 23 27.9866   3744.359252  x:  0.00801   0.02334   0.03215   0.02614   0.01578   0.01767   0.01099   0.00429   0.00235   0.07714   0.02066   0.02587   0.08900   0.05530   0.02353   0.02837   0.00194   0.19972   0.06312   0.09648   0.18607   0.20220   0.68662   0.05144   0.11608   0.06190  
 24 118.2876   3743.728953  x:  0.01138   0.02307   0.03287   0.02574   0.01571   0.01762   0.01094   0.00424   0.00232   0.07695   0.02079   0.02503   0.09025   0.05729   0.02333   0.02815   0.00182   0.21084   0.06753   0.09985   0.16898   0.18386   0.69129   0.05140   0.11689   0.06249  
 25 45.5313   3743.704027  x:  0.00996   0.02306   0.03361   0.02550   0.01570   0.01760   0.01093   0.00424   0.00231   0.07776   0.02044   0.02477   0.09037   0.05776   0.02320   0.02850   0.00185   0.20968   0.06646   0.09843   0.16928   0.18118   0.69185   0.05151   0.11688   0.06262  
 26  7.3027   3743.643320  x:  0.01127   0.02320   0.03279   0.02594   0.01574   0.01767   0.01096   0.00424   0.00231   0.07707   0.02074   0.02507   0.09034   0.05679   0.02332   0.02817   0.00186   0.20556   0.06715   0.09974   0.17200   0.17574   0.69345   0.05198   0.11679   0.06295  
 27  7.1328   3722.575646  x:  0.00642   0.02483   0.02333   0.01383   0.01399   0.01757   0.00977   0.00246   0.00097   0.08770   0.01402   0.03208   0.09670   0.03678   0.03047   0.01698   0.00297   0.24954   0.04982   0.09463   0.16216   0.19251   0.93963   0.08747   0.13673   0.06270  
 28  1.0265   3715.838053  x:  0.00106   0.02343   0.03252   0.01644   0.01288   0.01735   0.00912   0.00189   0.00046   0.08164   0.02621   0.02865   0.09313   0.06090   0.03228   0.00885   0.00336   0.23523   0.06458   0.08907   0.17368   0.19004   1.06882   0.09098   0.12621   0.05320  
 29  0.1448   3712.834179  x:  0.00223   0.02238   0.03539   0.01437   0.01259   0.01753   0.00909   0.00213   0.00056   0.07535   0.02816   0.02533   0.08689   0.06726   0.03142   0.02507   0.00370   0.22141   0.06939   0.09014   0.17649   0.18638   1.16237   0.09356   0.12411   0.04962  
 30  0.1438   3708.607129  x:  0.00711   0.02113   0.03305   0.03006   0.01230   0.01827   0.00926   0.00298   0.00106   0.06907   0.02115   0.02272   0.07637   0.05607   0.02876   0.02230   0.00466   0.20951   0.06107   0.09488   0.16840   0.18130   1.32315   0.09530   0.12463   0.04532  
 31  0.1375   3704.979204  x:  0.00593   0.02031   0.03094   0.02157   0.00831   0.01499   0.00698   0.00247   0.00068   0.07492   0.01540   0.02415   0.08361   0.04641   0.02761   0.01707   0.00558   0.21756   0.05886   0.09347   0.17514   0.18476   1.51910   0.09005   0.13740   0.06595  
 32  0.1300   3703.945169  x:  0.00291   0.02154   0.02910   0.02009   0.00763   0.01456   0.00679   0.00306   0.00106   0.07630   0.02254   0.02626   0.08544   0.05127   0.02880   0.01746   0.00585   0.22843   0.05612   0.09037   0.17151   0.19037   1.59230   0.08981   0.14046   0.06883  
 33  0.0746   3703.572895  x:  0.00451   0.02233   0.03268   0.01989   0.00707   0.01417   0.00664   0.00360   0.00142   0.07618   0.01995   0.02688   0.08464   0.05461   0.02930   0.01739   0.00590   0.22816   0.06066   0.09191   0.17168   0.19201   1.64573   0.08930   0.13776   0.06222  
 34  0.0465   3703.456050  x:  0.00431   0.02127   0.03133   0.02155   0.00675   0.01410   0.00659   0.00403   0.00171   0.07576   0.01990   0.02606   0.08381   0.05261   0.02938   0.01754   0.00592   0.22657   0.05877   0.09168   0.17275   0.18965   1.67492   0.08953   0.13844   0.05986  
 35  0.0195   3703.404171  x:  0.00474   0.02163   0.03062   0.02000   0.00633   0.01383   0.00646   0.00437   0.00198   0.07617   0.02011   0.02611   0.08496   0.05276   0.02916   0.01793   0.00557   0.22683   0.05881   0.09211   0.17270   0.18938   1.67471   0.08991   0.13976   0.05999  
 36  0.0010   3703.374325  x:  0.00426   0.02172   0.03133   0.02068   0.00635   0.01398   0.00653   0.00463   0.00219   0.07618   0.01997   0.02624   0.08495   0.05274   0.02932   0.01802   0.00515   0.22676   0.05907   0.09165   0.17215   0.18989   1.65362   0.09065   0.13963   0.06034  
 37  0.0118   3703.365979  x:  0.00450   0.02158   0.03128   0.02064   0.00609   0.01386   0.00640   0.00466   0.00222   0.07577   0.02001   0.02612   0.08426   0.05264   0.02930   0.01760   0.00496   0.22616   0.05912   0.09189   0.17232   0.18963   1.64946   0.09032   0.13864   0.06039  
 38  0.0027   3703.363096  x:  0.00433   0.02175   0.03105   0.02083   0.00599   0.01390   0.00633   0.00458   0.00218   0.07593   0.01999   0.02613   0.08433   0.05303   0.02932   0.01762   0.00485   0.22662   0.05921   0.09172   0.17237   0.18967   1.64690   0.09009   0.13829   0.06070  
 39  0.0012   3703.360771  x:  0.00444   0.02169   0.03136   0.02083   0.00595   0.01401   0.00630   0.00449   0.00214   0.07608   0.02012   0.02617   0.08450   0.05268   0.02927   0.01779   0.00476   0.22671   0.05922   0.09183   0.17233   0.18973   1.64648   0.09001   0.13839   0.06041  
 40  0.0004   3703.357967  x:  0.00455   0.02162   0.03110   0.02078   0.00596   0.01425   0.00634   0.00445   0.00215   0.07588   0.01993   0.02622   0.08457   0.05279   0.02930   0.01784   0.00461   0.22636   0.05910   0.09195   0.17243   0.18972   1.64953   0.09021   0.13886   0.06003  
 41  0.0011   3703.356430  x:  0.00432   0.02173   0.03122   0.02068   0.00595   0.01437   0.00636   0.00444   0.00217   0.07590   0.02001   0.02613   0.08444   0.05271   0.02932   0.01765   0.00454   0.22643   0.05928   0.09171   0.17231   0.18968   1.65244   0.09021   0.13899   0.06039  
 42  0.0014   3703.355049  x:  0.00458   0.02170   0.03124   0.02076   0.00599   0.01446   0.00642   0.00441   0.00219   0.07596   0.02009   0.02619   0.08432   0.05293   0.02928   0.01763   0.00458   0.22674   0.05917   0.09198   0.17240   0.18973   1.65339   0.09012   0.13839   0.06091  
 43  0.0004   3703.348992  x:  0.00425   0.02161   0.03131   0.02070   0.00588   0.01452   0.00652   0.00431   0.00235   0.07630   0.01993   0.02617   0.08433   0.05279   0.02917   0.01796   0.00468   0.22628   0.05925   0.09167   0.17241   0.18992   1.65262   0.08966   0.13679   0.06053  
 44  0.0003   3703.343082  x:  0.00455   0.02177   0.03102   0.02073   0.00584   0.01451   0.00658   0.00413   0.00240   0.07579   0.02006   0.02617   0.08454   0.05257   0.02939   0.01768   0.00479   0.22664   0.05921   0.09199   0.17221   0.18970   1.64617   0.08985   0.13834   0.06054  
 45  0.0023   3703.341351  x:  0.00436   0.02165   0.03125   0.02071   0.00580   0.01448   0.00660   0.00403   0.00242   0.07588   0.01999   0.02617   0.08447   0.05284   0.02932   0.01767   0.00487   0.22660   0.05906   0.09181   0.17239   0.18971   1.64794   0.09003   0.13888   0.06031  
 46  0.0012   3703.340619  x:  0.00439   0.02166   0.03120   0.02079   0.00579   0.01441   0.00660   0.00402   0.00244   0.07598   0.02004   0.02614   0.08436   0.05279   0.02925   0.01774   0.00484   0.22639   0.05931   0.09185   0.17239   0.18969   1.65000   0.09025   0.13889   0.06038  
 47  0.0008   3703.339556  x:  0.00445   0.02172   0.03119   0.02073   0.00584   0.01428   0.00659   0.00398   0.00244   0.07599   0.02000   0.02616   0.08437   0.05277   0.02932   0.01769   0.00473   0.22641   0.05905   0.09190   0.17219   0.18965   1.65073   0.09032   0.13820   0.06067  
 48  0.0003   3703.339050  x:  0.00437   0.02167   0.03121   0.02073   0.00591   0.01422   0.00662   0.00396   0.00245   0.07592   0.01999   0.02615   0.08447   0.05276   0.02931   0.01771   0.00471   0.22647   0.05924   0.09183   0.17239   0.18973   1.65038   0.09017   0.13822   0.06049  
 49  0.0003   3703.338937  x:  0.00440   0.02169   0.03121   0.02075   0.00591   0.01421   0.00661   0.00397   0.00246   0.07593   0.02001   0.02616   0.08443   0.05279   0.02929   0.01770   0.00469   0.22652   0.05918   0.09185   0.17234   0.18970   1.65062   0.09014   0.13868   0.06037  
 50  0.0003   3703.338834  x:  0.00441   0.02167   0.03120   0.02074   0.00592   0.01423   0.00659   0.00396   0.00247   0.07595   0.02002   0.02616   0.08441   0.05279   0.02933   0.01770   0.00469   0.22648   0.05919   0.09185   0.17240   0.18971   1.65075   0.09012   0.13908   0.06055  
 51  0.0001   3703.338555  x:  0.00442   0.02169   0.03123   0.02073   0.00596   0.01424   0.00652   0.00397   0.00248   0.07595   0.01997   0.02617   0.08438   0.05276   0.02930   0.01771   0.00472   0.22642   0.05921   0.09182   0.17230   0.18973   1.65054   0.09013   0.13883   0.06048  
 52  0.0001   3703.338517  x:  0.00443   0.02168   0.03121   0.02074   0.00595   0.01425   0.00651   0.00396   0.00249   0.07593   0.02001   0.02616   0.08442   0.05278   0.02929   0.01771   0.00471   0.22650   0.05919   0.09182   0.17235   0.18970   1.65057   0.09015   0.13865   0.06044  
 53  0.0002   3703.338517  x:  0.00443   0.02168   0.03121   0.02074   0.00595   0.01425   0.00651   0.00396   0.00249   0.07593   0.02001   0.02616   0.08443   0.05278   0.02930   0.01771   0.00471   0.22650   0.05919   0.09182   0.17235   0.18970   1.65062   0.09015   0.13865   0.06044  
 54  0.0000   3703.338517  x:  0.00443   0.02168   0.03121   0.02074   0.00595   0.01425   0.00651   0.00396   0.00249   0.07593   0.02001   0.02616   0.08443   0.05278   0.02930   0.01770   0.00471   0.22650   0.05919   0.09182   0.17235   0.18970   1.65062   0.09015   0.13865   0.06044  
 55  0.0000   3703.338517  x:  0.00443   0.02168   0.03121   0.02074   0.00595   0.01425   0.00651   0.00396   0.00249   0.07593   0.02001   0.02616   0.08443   0.05278   0.02930   0.01770   0.00471   0.22650   0.05919   0.09182   0.17235   0.18970   1.65062   0.09015   0.13865   0.06044  
 56  0.0000   3703.338517  x:  0.00443   0.02168   0.03121   0.02074   0.00595   0.01425   0.00651   0.00396   0.00249   0.07593   0.02001   0.02616   0.08443   0.05278   0.02930   0.01770   0.00471   0.22650   0.05919   0.09182   0.17235   0.18970   1.65062   0.09015   0.13865   0.06044  