

TREE # 1

  0  0.0000   3960.656911  x:  0.04812   0.03806   0.03090   0.02342   0.01372   0.03346   0.01214   0.01274   0.05852   0.03010   0.03525   0.06876   0.05575   0.02538   0.02872   0.00000   0.14953   0.06504   0.08201   0.11127   0.15931   0.20959   0.19943   0.18982  
  1 99.0000   3923.537843  x:  0.04171   0.03575   0.02606   0.01292   0.01206   0.02090   0.00000   0.00018   0.06246   0.02662   0.03127   0.07219   0.05342   0.02739   0.02533   0.01497   0.15608   0.06666   0.08496   0.11764   0.16156   0.24031   0.18814   0.17815  
  2 1148.1027   3923.222623  x:  0.04164   0.03573   0.02600   0.01279   0.01204   0.02075   0.00004   0.00006   0.06250   0.02658   0.03122   0.07224   0.05339   0.02741   0.02529   0.01515   0.15616   0.06668   0.08500   0.11772   0.16159   0.24068   0.18801   0.17801  
  3 10577.4466   3891.891951  x:  0.03430   0.03316   0.02054   0.00090   0.01033   0.00644   0.00068   0.00152   0.06699   0.02266   0.02668   0.07614   0.05075   0.02967   0.02143   0.03130   0.16364   0.06848   0.08836   0.12500   0.16416   0.27579   0.17505   0.16459  
  4 17477.6371   3880.563106  x:  0.03090   0.03224   0.01840   0.00517   0.01037   0.00109   0.00089   0.00200   0.06895   0.02107   0.02467   0.07789   0.04964   0.03057   0.01986   0.03675   0.16708   0.06911   0.08985   0.12832   0.16536   0.29195   0.16886   0.15805  
  5 5035.6098   3829.626549  x:  0.00595   0.02690   0.00476   0.02464   0.01281   0.02287   0.00203   0.00493   0.08295   0.01062   0.01056   0.09048   0.04196   0.03654   0.00955   0.06911   0.19259   0.07283   0.10060   0.15278   0.17427   0.41180   0.12182   0.10755  
  6 5801.6727   3789.874653  x:  0.01359   0.03279   0.05411   0.03405   0.01771   0.03325   0.00258   0.00627   0.09344   0.02054   0.01438   0.10087   0.04184   0.03896   0.01909   0.07939   0.21725   0.07205   0.11038   0.17539   0.18345   0.53000   0.07302   0.04743  
  7 2716.1106   3770.653901  x:  0.02075   0.03749   0.04111   0.03057   0.01078   0.03042   0.00212   0.00515   0.08864   0.02563   0.03024   0.09986   0.05241   0.03164   0.02058   0.04473   0.22586   0.06305   0.11187   0.18199   0.18873   0.57844   0.07689   0.01920  
  8 658.9681   3749.491179  x:  0.02666   0.03921   0.03296   0.02567   0.01207   0.02677   0.00147   0.00367   0.08346   0.02839   0.04048   0.09853   0.06026   0.02558   0.02272   0.00000   0.23654   0.05336   0.11420   0.19104   0.19601   0.64105   0.07941   0.02910  
  9 1303.0107   3747.630505  x:  0.03294   0.03977   0.03066   0.02677   0.01307   0.02789   0.00155   0.00387   0.07855   0.03028   0.04653   0.09558   0.06439   0.02305   0.02478   0.00288   0.23798   0.04987   0.11336   0.19158   0.19823   0.65598   0.08896   0.03336  
 10 360.8265   3745.630101  x:  0.03705   0.03233   0.03374   0.02711   0.01692   0.02849   0.00155   0.00391   0.07008   0.02616   0.04495   0.08777   0.06272   0.03009   0.02468   0.00149   0.23544   0.05244   0.10909   0.18783   0.20013   0.67135   0.10591   0.03163  
 11 227.0031   3745.090655  x:  0.03686   0.03002   0.03592   0.02763   0.01177   0.02889   0.00159   0.00395   0.06766   0.02684   0.04320   0.08364   0.06074   0.02746   0.02278   0.00134   0.23206   0.05339   0.10623   0.18425   0.20077   0.67647   0.10918   0.03209  
 12 125.7162   3744.784968  x:  0.03531   0.03048   0.03611   0.02734   0.01438   0.02868   0.00157   0.00392   0.06689   0.02906   0.04231   0.07982   0.05922   0.02405   0.02197   0.00129   0.22658   0.05345   0.10263   0.17890   0.20130   0.68032   0.10978   0.03161  
 13 89.5201   3744.509125  x:  0.03404   0.03317   0.03507   0.02735   0.01361   0.02863   0.00157   0.00391   0.06725   0.03060   0.04264   0.07709   0.05891   0.02659   0.02460   0.00144   0.21867   0.05318   0.09833   0.17154   0.20205   0.68479   0.10881   0.03216  
 14 90.3056   3744.394738  x:  0.03579   0.03388   0.03507   0.02741   0.01361   0.02870   0.00157   0.00392   0.06820   0.02759   0.04347   0.07911   0.06017   0.02611   0.02365   0.00141   0.21347   0.05423   0.09703   0.16727   0.20258   0.68699   0.10822   0.03243  
 15 41.4636   3744.368536  x:  0.03605   0.03301   0.03491   0.02744   0.01363   0.02873   0.00157   0.00392   0.06853   0.02898   0.04283   0.08110   0.06041   0.02621   0.02362   0.00137   0.21159   0.05436   0.09813   0.16635   0.20282   0.68762   0.10884   0.03240  
 16 13.0277   3744.342393  x:  0.03518   0.03347   0.03527   0.02739   0.01357   0.02869   0.00157   0.00391   0.06752   0.02833   0.04222   0.08166   0.06031   0.02576   0.02440   0.00140   0.21001   0.05339   0.10043   0.16611   0.20295   0.68802   0.10929   0.03222  
 17  7.1488   3744.260896  x:  0.03531   0.03453   0.03540   0.02735   0.01364   0.02867   0.00156   0.00390   0.06735   0.02873   0.04301   0.07951   0.06030   0.02687   0.02210   0.00144   0.20769   0.05392   0.10517   0.16628   0.20262   0.68897   0.10902   0.03238  
 18  7.9029   3744.021281  x:  0.03635   0.03096   0.03429   0.02721   0.01376   0.02857   0.00154   0.00385   0.07023   0.02780   0.04449   0.07527   0.05996   0.02580   0.02505   0.00142   0.20519   0.05616   0.11066   0.16642   0.20054   0.69138   0.10788   0.03248  
 19 16.9052   3739.087177  x:  0.03263   0.02263   0.03586   0.02289   0.01431   0.02511   0.00104   0.00271   0.08182   0.02303   0.04508   0.07747   0.04665   0.02999   0.01873   0.00264   0.20639   0.03888   0.11403   0.15965   0.15857   0.73690   0.10861   0.03319  
 20 17.0691   3732.722486  x:  0.02165   0.03262   0.03483   0.01664   0.01465   0.01995   0.00035   0.00111   0.07573   0.02279   0.03367   0.08617   0.04472   0.02861   0.02138   0.00318   0.21359   0.06308   0.11452   0.15503   0.12443   0.79751   0.10980   0.03504  
 21 216.2257   3729.160226  x:  0.02606   0.03057   0.03197   0.01344   0.01549   0.01734   0.00000   0.00032   0.07177   0.02168   0.01917   0.08455   0.04754   0.03020   0.02036   0.00385   0.21462   0.06212   0.11144   0.15669   0.13760   0.82286   0.10262   0.03438  
 22 143.2266   3729.160226  x:  0.02606   0.03057   0.03197   0.01344   0.01549   0.01734   0.00000   0.00032   0.07177   0.02168   0.01917   0.08455   0.04754   0.03020   0.02036   0.00385   0.21462   0.06212   0.11144   0.15669   0.13760   0.82286   0.10262   0.03438  
 23 107.4427   3726.168595  x:  0.02603   0.03058   0.03189   0.01331   0.01551   0.01722   0.00404   0.00169   0.07179   0.02168   0.01924   0.08456   0.04757   0.03019   0.02034   0.00385   0.21463   0.06211   0.11145   0.15672   0.13769   0.82291   0.10263   0.03449  
 24 6049.5248   3722.921315  x:  0.02452   0.03067   0.02750   0.00627   0.01386   0.00891   0.00208   0.00851   0.07246   0.02144   0.02243   0.08501   0.04898   0.02978   0.01941   0.00392   0.21518   0.06190   0.11151   0.15835   0.14203   0.82552   0.10303   0.04013  
 25 445.4047   3721.404020  x:  0.02345   0.03071   0.02424   0.00368   0.01349   0.00443   0.00318   0.00503   0.07302   0.02118   0.02442   0.08536   0.04997   0.02953   0.01883   0.00392   0.21567   0.06167   0.11152   0.15972   0.14572   0.82792   0.10336   0.04325  
 26 465.4050   3719.686488  x:  0.02091   0.03085   0.01643   0.00727   0.01313   0.00539   0.00360   0.00365   0.07457   0.02054   0.02933   0.08629   0.05251   0.02898   0.01748   0.00399   0.21711   0.06101   0.11148   0.16358   0.15614   0.83500   0.10432   0.05073  
 27 346.7129   3718.788467  x:  0.02064   0.03106   0.01688   0.00402   0.01376   0.00900   0.00376   0.00294   0.07583   0.01999   0.03094   0.08690   0.05368   0.02908   0.01765   0.00405   0.21852   0.06037   0.11110   0.16691   0.16527   0.84244   0.10505   0.05193  
 28 247.1545   3715.619376  x:  0.02238   0.03145   0.02799   0.00658   0.01726   0.00631   0.00357   0.00349   0.08101   0.01855   0.03342   0.08924   0.05688   0.03023   0.01960   0.00401   0.22536   0.05729   0.10858   0.18218   0.20727   0.87998   0.10801   0.04846  
 29 511.5864   3713.848095  x:  0.02302   0.02855   0.02387   0.00642   0.01106   0.00604   0.00347   0.00410   0.08091   0.02184   0.02853   0.08921   0.05461   0.03002   0.01723   0.00357   0.22867   0.05654   0.10564   0.18881   0.22564   0.90449   0.10803   0.03937  
 30 320.3873   3713.184242  x:  0.02298   0.02739   0.02027   0.00595   0.01591   0.00568   0.00321   0.00478   0.07860   0.02146   0.02484   0.08831   0.05193   0.02991   0.01723   0.00500   0.22966   0.05719   0.10314   0.19047   0.23015   0.91946   0.10723   0.03726  
 31 213.8881   3711.840503  x:  0.02237   0.02902   0.02024   0.00600   0.01529   0.00572   0.00326   0.00464   0.07212   0.01888   0.02088   0.08575   0.04711   0.02971   0.01953   0.00133   0.23030   0.05930   0.09705   0.19103   0.23126   0.95289   0.10529   0.04098  
 32 233.0191   3710.703993  x:  0.02210   0.03148   0.02135   0.00624   0.01265   0.00584   0.00342   0.00422   0.06532   0.01723   0.01862   0.08297   0.04283   0.02930   0.02148   0.00546   0.23074   0.06205   0.09003   0.19110   0.23097   0.99230   0.10355   0.04517  
 33 1250.7848   3707.574831  x:  0.02219   0.03749   0.02291   0.00610   0.01516   0.00598   0.00347   0.00388   0.05817   0.02774   0.02873   0.07831   0.04430   0.02702   0.01815   0.00459   0.22950   0.06791   0.07349   0.18771   0.22042   1.10005   0.10375   0.04589  
 34 567.7786   3702.887932  x:  0.02224   0.03065   0.02035   0.00596   0.01364   0.00584   0.00345   0.00397   0.07422   0.01572   0.03126   0.07907   0.05646   0.03075   0.01906   0.00475   0.22429   0.06839   0.06624   0.18039   0.19600   1.25714   0.11352   0.04493  
 35 573.0383   3700.369336  x:  0.02202   0.02966   0.02228   0.00584   0.01467   0.00603   0.00357   0.00346   0.08457   0.02369   0.02255   0.08372   0.05663   0.02925   0.01684   0.00549   0.22000   0.06118   0.08211   0.17675   0.18143   1.34936   0.12008   0.05403  
 36 513.7951   3699.255078  x:  0.02185   0.03445   0.02044   0.00573   0.01449   0.00590   0.00352   0.00367   0.08111   0.01992   0.02809   0.08756   0.05327   0.02714   0.01807   0.00553   0.21760   0.05606   0.10080   0.17446   0.17540   1.39086   0.12090   0.05035  
 37 233.4271   3699.074630  x:  0.02113   0.03019   0.02135   0.00575   0.01446   0.00596   0.00354   0.00359   0.07821   0.02001   0.02995   0.08744   0.05348   0.02979   0.01740   0.00546   0.21738   0.05745   0.10574   0.17350   0.17488   1.39752   0.12013   0.05051  
 38 68.1219   3699.062351  x:  0.02188   0.02974   0.02138   0.00576   0.01445   0.00597   0.00354   0.00357   0.07786   0.01987   0.02988   0.08682   0.05416   0.02904   0.01727   0.00542   0.21771   0.05768   0.10634   0.17297   0.17501   1.39800   0.11988   0.05064  
 39 15.2859   3699.056551  x:  0.02155   0.02988   0.02132   0.00575   0.01444   0.00596   0.00354   0.00359   0.07778   0.02000   0.02967   0.08607   0.05482   0.02901   0.01768   0.00544   0.21826   0.05770   0.10675   0.17221   0.17521   1.39824   0.11969   0.05056  
 40  9.8523   3699.054240  x:  0.02144   0.03008   0.02137   0.00575   0.01445   0.00596   0.00354   0.00359   0.07784   0.01988   0.02959   0.08576   0.05489   0.02916   0.01731   0.00545   0.21867   0.05766   0.10688   0.17166   0.17535   1.39835   0.11963   0.05056  
 41  7.5372   3699.052343  x:  0.02170   0.03007   0.02130   0.00575   0.01445   0.00596   0.00354   0.00358   0.07802   0.01993   0.02973   0.08571   0.05461   0.02936   0.01739   0.00544   0.21923   0.05759   0.10691   0.17093   0.17550   1.39845   0.11965   0.05062  
 42  4.8475   3699.051128  x:  0.02153   0.02989   0.02137   0.00576   0.01445   0.00597   0.00354   0.00358   0.07810   0.01992   0.02983   0.08586   0.05439   0.02913   0.01741   0.00544   0.21960   0.05755   0.10686   0.17046   0.17560   1.39852   0.11970   0.05062  
 43  4.6675   3699.048221  x:  0.02156   0.02998   0.02134   0.00575   0.01445   0.00596   0.00354   0.00358   0.07770   0.01993   0.02960   0.08680   0.05480   0.02919   0.01740   0.00544   0.22011   0.05757   0.10675   0.17005   0.17568   1.39875   0.11978   0.05063  
 44  1.3100   3698.801122  x:  0.02143   0.03058   0.02110   0.00576   0.01435   0.00598   0.00370   0.00303   0.08052   0.01993   0.02938   0.08868   0.05433   0.02905   0.01744   0.00528   0.22781   0.06034   0.10737   0.17632   0.17698   1.42004   0.11301   0.05003  
 45  0.8511   3698.202890  x:  0.02150   0.02849   0.02071   0.00571   0.01411   0.00599   0.00407   0.00177   0.07650   0.01986   0.02905   0.08532   0.05368   0.02938   0.01719   0.00511   0.23703   0.05417   0.10572   0.18587   0.18296   1.46935   0.11964   0.04883  
 46 61.9135   3697.936227  x:  0.02127   0.03021   0.02021   0.00572   0.01393   0.00595   0.00423   0.00124   0.07706   0.01995   0.02761   0.08582   0.05250   0.02880   0.01744   0.00481   0.22999   0.05986   0.10586   0.18246   0.19078   1.49195   0.12303   0.04800  
 47 44.9966   3697.863935  x:  0.02138   0.02972   0.02026   0.00573   0.01392   0.00596   0.00427   0.00108   0.07707   0.01998   0.02753   0.08642   0.05281   0.02897   0.01736   0.00491   0.22581   0.05732   0.10478   0.18007   0.19354   1.49816   0.12008   0.04797  
 48 31.0556   3697.363051  x:  0.02139   0.02966   0.01979   0.00568   0.01379   0.00661   0.00388   0.00247   0.07618   0.02011   0.02596   0.08646   0.05180   0.02880   0.01734   0.00465   0.21890   0.05669   0.10217   0.17851   0.20679   1.56360   0.12089   0.04709  
 49  0.2131   3697.123936  x:  0.02169   0.02992   0.02118   0.00591   0.01432   0.00667   0.00388   0.00244   0.07528   0.01999   0.02614   0.08459   0.05174   0.02879   0.01763   0.00432   0.22536   0.05778   0.09883   0.18121   0.19972   1.64446   0.12353   0.04854  
 50  0.0625   3697.111547  x:  0.02153   0.02999   0.02073   0.00594   0.01422   0.00649   0.00389   0.00245   0.07536   0.01991   0.02652   0.08485   0.05195   0.02883   0.01759   0.00444   0.22337   0.05797   0.09843   0.17986   0.19855   1.65420   0.12295   0.04878  
 51  0.0091   3697.111145  x:  0.02152   0.03002   0.02073   0.00590   0.01420   0.00649   0.00390   0.00244   0.07531   0.01990   0.02651   0.08485   0.05195   0.02881   0.01757   0.00451   0.22338   0.05789   0.09847   0.18000   0.19898   1.65670   0.12297   0.04878  
 52  0.0017   3697.111093  x:  0.02153   0.03001   0.02075   0.00590   0.01421   0.00649   0.00391   0.00243   0.07534   0.01992   0.02653   0.08485   0.05194   0.02882   0.01758   0.00453   0.22340   0.05792   0.09847   0.17996   0.19890   1.65659   0.12299   0.04878  
 53  0.0001   3697.111036  x:  0.02152   0.03001   0.02072   0.00591   0.01420   0.00649   0.00393   0.00242   0.07530   0.01991   0.02651   0.08484   0.05196   0.02882   0.01757   0.00453   0.22340   0.05790   0.09846   0.17998   0.19890   1.65619   0.12297   0.04875  
 54  0.0001   3697.110988  x:  0.02153   0.03001   0.02075   0.00591   0.01420   0.00648   0.00395   0.00243   0.07533   0.01991   0.02652   0.08485   0.05193   0.02882   0.01758   0.00451   0.22337   0.05791   0.09846   0.17997   0.19895   1.65652   0.12297   0.04878  
 55  0.0001   3697.110981  x:  0.02152   0.03001   0.02074   0.00590   0.01421   0.00648   0.00396   0.00243   0.07533   0.01991   0.02652   0.08485   0.05195   0.02882   0.01757   0.00452   0.22340   0.05791   0.09847   0.17997   0.19892   1.65659   0.12298   0.04878  
 56  0.0001   3697.110981  x:  0.02152   0.03001   0.02074   0.00590   0.01421   0.00648   0.00396   0.00244   0.07533   0.01991   0.02652   0.08485   0.05195   0.02882   0.01757   0.00452   0.22339   0.05791   0.09847   0.17997   0.19892   1.65652   0.12298   0.04878  
 57  0.0001   3697.110981  x:  0.02153   0.03001   0.02074   0.00590   0.01421   0.00648   0.00396   0.00244   0.07533   0.01991   0.02652   0.08485   0.05195   0.02882   0.01757   0.00452   0.22339   0.05791   0.09846   0.17997   0.19892   1.65652   0.12298   0.04878  
 58  0.0000   3697.110981  x:  0.02153   0.03001   0.02074   0.00590   0.01421   0.00648   0.00396   0.00244   0.07533   0.01991   0.02652   0.08485   0.05195   0.02882   0.01757   0.00452   0.22339   0.05791   0.09846   0.17997   0.19892   1.65652   0.12298   0.04878  
 59  0.0000   3697.110981  x:  0.02153   0.03001   0.02074   0.00590   0.01421   0.00648   0.00396   0.00244   0.07533   0.01991   0.02652   0.08485   0.05195   0.02882   0.01757   0.00452   0.22339   0.05791   0.09846   0.17997   0.19892   1.65653   0.12298   0.04878  
 60  0.0000   3697.110981  x:  0.02153   0.03001   0.02074   0.00590   0.01421   0.00648   0.00396   0.00244   0.07533   0.01991   0.02652   0.08485   0.05195   0.02882   0.01757   0.00452   0.22339   0.05791   0.09846   0.17997   0.19892   1.65652   0.12298   0.04878  
 61  0.0000   3697.110981  x:  0.02153   0.03001   0.02074   0.00590   0.01421   0.00648   0.00396   0.00244   0.07533   0.01991   0.02652   0.08485   0.05195   0.02882   0.01757   0.00452   0.22339   0.05791   0.09846   0.17997   0.19892   1.65652   0.12298   0.04878  